{"tonal": {"thpcp": [1, 0.504674553871, 0.319391846657, 0.28344771266, 0.370056182146, 0.69729167223, 0.672934770584, 0.357554703951, 0.242721259594, 0.20581586659, 0.31700399518, 0.638946473598, 0.638053297997, 0.478261530399, 0.616718411446, 0.526795804501, 0.285190016031, 0.26112216711, 0.286854416132, 0.442762643099, 0.876777887344, 0.863457560539, 0.463246643543, 0.314746946096, 0.229528263211, 0.287006467581, 0.614989936352, 0.671100080013, 0.569676756859, 0.604269742966, 0.377915531397, 0.231716051698, 0.373502552509, 0.370441019535, 0.445973664522, 0.961123883724], "hpcp": {"dmean2": [0.268899589777, 0.25263145566, 0.18676404655, 0.145152702928, 0.137473061681, 0.174063384533, 0.271515637636, 0.289915323257, 0.255363553762, 0.27783280611, 0.251109570265, 0.189266860485, 0.175227463245, 0.202436104417, 0.246209964156, 0.321296930313, 0.303736567497, 0.221091642976, 0.174968823791, 0.144740894437, 0.165197297931, 0.259103477001, 0.280992537737, 0.27490362525, 0.331350028515, 0.206851556897, 0.132495731115, 0.176299363375, 0.180776625872, 0.211333781481, 0.323669672012, 0.33754247427, 0.259482473135, 0.211084455252, 0.188355281949, 0.200745463371], "median": [0.144447490573, 0.133490383625, 0.0764057785273, 0.0467310771346, 0.0425156801939, 0.0647525787354, 0.140903815627, 0.150066539645, 0.114074267447, 0.109948433936, 0.0840813741088, 0.0543416850269, 0.0488547235727, 0.0527215301991, 0.104753702879, 0.241603136063, 0.232862174511, 0.109120808542, 0.0590766705573, 0.0458422489464, 0.0566897913814, 0.11136944592, 0.126383140683, 0.131563931704, 0.10664909333, 0.0655802413821, 0.0467606075108, 0.0659802630544, 0.0714140757918, 0.105698086321, 0.285461574793, 0.310220807791, 0.131020590663, 0.0508802868426, 0.0466929972172, 0.0774122402072], "min": [0, 0, 0, 0, 0, 0, 0, 0, 0, 0, 0, 0, 0, 0, 0, 0, 0, 0, 0, 0, 0, 0, 0, 0, 0, 0, 0, 0, 0, 0, 0, 0, 0, 0, 0, 0], "dvar2": [0.0978341549635, 0.0894082263112, 0.0679204314947, 0.0550976805389, 0.0588235072792, 0.0593937784433, 0.093719266355, 0.105491131544, 0.100766383111, 0.113027356565, 0.104685381055, 0.0770410522819, 0.0798410400748, 0.0935710221529, 0.0914711132646, 0.105609841645, 0.100015424192, 0.0800402909517, 0.0624484121799, 0.0518585778773, 0.0588303916156, 0.0992454662919, 0.117632836103, 0.0895696729422, 0.145448938012, 0.0646871477365, 0.045272808522, 0.0640252232552, 0.0602495372295, 0.067649461329, 0.108510300517, 0.112267456949, 0.093628577888, 0.0884093344212, 0.0776390135288, 0.0657811313868], "dvar": [0.0399772971869, 0.03856677562, 0.0257452391088, 0.0204983819276, 0.0212153494358, 0.0225776191801, 0.040220990777, 0.0422402098775, 0.0371024608612, 0.0440443567932, 0.0400785319507, 0.0274270568043, 0.0288120191544, 0.0333430804312, 0.0339865162969, 0.0441619083285, 0.04201740399, 0.0301673039794, 0.023580674082, 0.0188724789768, 0.0217637885362, 0.0396010428667, 0.0461024716496, 0.0352343320847, 0.0562523901463, 0.0255683418363, 0.0165020953864, 0.0251575987786, 0.0234760157764, 0.0269870553166, 0.0448159947991, 0.0458034127951, 0.0351612605155, 0.0332963168621, 0.0286009479314, 0.0245734322816], "dmean": [0.160527154803, 0.152700588107, 0.108646340668, 0.0836783125997, 0.0773665010929, 0.101367615163, 0.164367735386, 0.174004748464, 0.148241117597, 0.164420232177, 0.148850634694, 0.106345757842, 0.0991884693503, 0.113042920828, 0.141965568066, 0.194324836135, 0.184970065951, 0.129718452692, 0.102855280042, 0.0832639113069, 0.0950218588114, 0.155325710773, 0.165667846799, 0.160828649998, 0.191276744008, 0.120768159628, 0.0772709473968, 0.105182752013, 0.107265144587, 0.125597387552, 0.195880651474, 0.201250314713, 0.151287183166, 0.120246633887, 0.107622541487, 0.116142712533], "max": [1, 1, 1, 1, 1, 1, 1, 1, 1, 1, 1, 1, 1, 1, 1, 1, 1, 1, 1, 1, 1, 1, 1, 1, 1, 1, 1, 1, 1, 1, 1, 1, 1, 1, 1, 1], "var": [0.0888561531901, 0.0876948907971, 0.0318145528436, 0.0208323262632, 0.0180154535919, 0.0269391629845, 0.075943313539, 0.0728653147817, 0.0452341325581, 0.086125202477, 0.0744197070599, 0.0258972607553, 0.025366730988, 0.028961520642, 0.0411142483354, 0.0983501672745, 0.0983108729124, 0.0431428961456, 0.0292703099549, 0.0173565968871, 0.0230350010097, 0.0838199853897, 0.093677058816, 0.0603686012328, 0.0867688730359, 0.0395793356001, 0.017373599112, 0.0422948263586, 0.0373423472047, 0.0427477173507, 0.111652381718, 0.11282749474, 0.0454370118678, 0.0350862182677, 0.0278948191553, 0.0345502309501], "mean": [0.27864921093, 0.268915772438, 0.142884731293, 0.0969953984022, 0.0822473987937, 0.126680001616, 0.255333513021, 0.254976570606, 0.191121160984, 0.246450796723, 0.210516244173, 0.113966614008, 0.104348704219, 0.114631734788, 0.176935225725, 0.350374847651, 0.345051825047, 0.185120970011, 0.125778049231, 0.0917232632637, 0.114692501724, 0.245760068297, 0.268182605505, 0.227652192116, 0.241476118565, 0.151021257043, 0.0925975367427, 0.149257749319, 0.148034319282, 0.178218394518, 0.384080886841, 0.399616420269, 0.201676234603, 0.127634227276, 0.113270357251, 0.147880524397]}, "tuning_equal_tempered_deviation": 0.170046105981, "chords_changes_rate": 0.0628422424197, "key_key": "G", "tuning_diatonic_strength": 0.65460729599, "key_scale": "major", "chords_number_rate": 0.00182529329322, "tuning_frequency": 434.193115234, "tuning_nontempered_energy_ratio": 0.868272185326, "chords_histogram": [49.1003913879, 0.208604961634, 2.45110821724, 0, 0.469361156225, 0, 0, 0, 0, 0, 0, 0.0782268568873, 0, 0.130378097296, 0, 0.469361156225, 0, 0.599739253521, 0.130378097296, 10.1694917679, 1.43415904045, 2.50325942039, 19.1655807495, 13.0899610519], "key_strength": 0.780401051044, "chords_key": "G", "chords_strength": {"dmean2": 0.0121270408854, "median": 0.527656674385, "min": -1, "dvar2": 0.00109101796988, "dvar": 0.000581476837397, "dmean": 0.0120734926313, "max": 0.831976890564, "var": 0.0201961398125, "mean": 0.527274906635}, "chords_scale": "major", "hpcp_entropy": {"dmean2": 1.05298161507, "median": 2.40595197678, "min": 0, "dvar2": 0.757848858833, "dvar": 0.271394014359, "dmean": 0.623727917671, "max": 4.59712123871, "var": 0.538852155209, "mean": 2.34726047516}}, "metadata": {"audio_properties": {"equal_loudness": 0, "codec": "mp3", "downmix": "mix", "sample_rate": 44100, "analysis_sample_rate": 44100, "bit_rate": 128000, "md5_encoded": "e99055d8c95bf5bcebf27a7527089bdf", "length": 178.050613403, "replay_gain": -7.49266624451, "lossless": false}, "version": {"essentia_build_sha": "2d9f1f26377add8aeb1075a9c2973f962c4f09fd", "essentia": "2.1-beta2", "extractor": "music 1.0", "essentia_git_sha": "v2.1_beta2-1-ge3940c0"}, "tags": {"title": ["El Clavo Y La Cruz"], "media": ["12\" Vinyl"], "albumartist": ["Various Artists"], "musicbrainz_recordingid": ["0dd2648b-f37e-43a4-8fd2-25d72e3f6814"], "musicbrainz_albumartistid": ["89ad4ac3-39f7-470e-963a-56509c546377"], "originalyear": ["1984"], "discnumber": ["1/1"], "album": ["Repo Man"], "catalognumber": ["SAR 39019"], "contentgroup": ["Punk"], "musicbrainz album type": ["album", "soundtrack"], "musicbrainz album status": ["official"], "file_name": "05 - The Plugz - El Clavo Y La Cruz.mp3", "asin": ["B000002PF7"], "date": ["1984"], "genre": ["Punk", "Punk Rock", "Alternative", "Ska", "Latin"], "musicbrainz album release country": ["US"], "musicbrainz_releasegroupid": ["e02530fb-93ff-395f-85e0-0fa0d1f4e919"], "script": ["Latn"], "originaldate": ["1984"], "musicbrainz_albumid": ["a819d666-6c2f-43fb-a38a-5d744e24dfed"], "artist": ["The Plugz"], "artistsort": ["Plugz, The"], "tracknumber": ["5/11"], "label": ["San Andreas Records"], "albumartistsort": ["Various Artists"], "musicbrainz_artistid": ["d2a4b845-6485-4392-8a2d-8d3fa466e995"]}}, "rhythm": {"bpm_histogram_first_peak_bpm": {"dmean2": 0, "median": 140, "min": 140, "dvar2": 0, "dvar": 0, "dmean": 0, "max": 140, "var": 0, "mean": 140}, "bpm": 139.124511719, "bpm_histogram_second_peak_spread": {"dmean2": 0, "median": 0.458015263081, "min": 0.458015263081, "dvar2": 0, "dvar": 0, "dmean": 0, "max": 0.458015263081, "var": 0, "mean": 0.458015263081}, "bpm_histogram_first_peak_weight": {"dmean2": 0, "median": 0.292682915926, "min": 0.292682915926, "dvar2": 0, "dvar": 0, "dmean": 0, "max": 0.292682915926, "var": 0, "mean": 0.292682915926}, "onset_rate": 4.07722663879, "beats_position": [0.371519267559, 0.731428563595, 1.09133780003, 1.43963718414, 1.77632653713, 2.11301589012, 2.4497051239, 2.7863945961, 3.11147379875, 3.44816327095, 3.7732424736, 4.1099319458, 4.446621418, 4.78331041336, 5.11999988556, 5.45668935776, 5.79337835312, 6.13006782532, 6.45514726639, 6.78022670746, 7.10530614853, 7.4303855896, 7.76707458496, 8.10376358032, 8.44045352936, 8.77714252472, 9.11383247375, 9.45052146912, 9.78721046448, 10.1239004135, 10.4605894089, 10.7972784042, 11.1223583221, 11.4590473175, 11.7957363129, 12.1324262619, 12.4691152573, 12.8058052063, 13.1424942017, 13.479183197, 13.8158731461, 14.1641721725, 14.5008611679, 14.8375511169, 15.301949501, 15.7663488388, 16.2191371918, 16.6719264984, 17.1363258362, 17.5891151428, 18.0419044495, 18.483083725, 18.9358730316, 19.3886623383, 19.8182315826, 20.247800827, 20.6889801025, 21.1301574707, 21.5713367462, 22.0125160217, 22.4536952972, 22.8948745728, 23.3244438171, 23.7540130615, 24.1719722748, 24.589931488, 25.0195007324, 25.4490699768, 25.8902492523, 26.3314285278, 26.7493877411, 27.1673469543, 27.5969161987, 28.0264854431, 28.4560546875, 28.8856239319, 29.3268013, 29.7679805756, 30.1859397888, 30.6155090332, 31.0450782776, 31.4630374908, 31.8926067352, 32.322177887, 32.7633552551, 33.204536438, 33.6341018677, 34.0636711121, 34.4932403564, 34.9228096008, 35.3523788452, 35.7819480896, 36.2231292725, 36.6526985168, 37.0822677612, 37.5002250671, 37.9297943115, 38.3593635559, 38.7889328003, 39.2185020447, 39.6480712891, 40.0776405334, 40.5188217163, 40.9483909607, 41.3779602051, 41.8075294495, 42.2370948792, 42.6550559998, 43.0846252441, 43.5141944885, 43.9437637329, 44.3733329773, 44.8029022217, 45.2324714661, 45.6736488342, 46.1148300171, 46.5560073853, 46.9855766296, 47.415145874, 47.8447151184, 48.2742843628, 48.7038536072, 49.1334228516, 49.5629920959, 49.9925613403, 50.4221305847, 50.8633079529, 51.3044891357, 51.7456665039, 52.1868476868, 52.6396369934, 53.0924263, 53.5452156067, 53.9980049133, 54.45079422, 54.9151916504, 55.3795890808, 55.8439903259, 56.3083877563, 56.7727890015, 57.2371864319, 57.701587677, 58.1659851074, 58.6187744141, 59.0715637207, 59.5359611511, 60.0003623962, 60.4647598267, 60.9291610718, 61.3935585022, 61.8695678711, 62.3339653015, 62.7867546082, 63.2511558533, 63.7155532837, 64.1567306519, 64.5979156494, 65.0390930176, 65.4802703857, 65.9214477539, 66.351020813, 66.7805862427, 67.2101593018, 67.6397247314, 68.0576858521, 68.4756469727, 68.8936004639, 69.3231735229, 69.7527389526, 70.1939239502, 70.6118774414, 71.029838562, 71.4477996826, 71.8657608032, 72.2837142944, 72.7132873535, 73.1428527832, 73.5724258423, 74.001991272, 74.4199523926, 74.8379135132, 75.2674789429, 75.697052002, 76.1266174316, 76.5561904907, 76.9857559204, 77.4153289795, 77.8448944092, 78.2744674683, 78.6924285889, 79.1219940186, 79.5515594482, 79.9927444458, 80.4223098755, 80.8518829346, 81.2814483643, 81.7110214233, 82.140586853, 82.5701599121, 83.0113372803, 83.4525146484, 83.8820877075, 84.3116531372, 84.7412261963, 85.170791626, 85.6119689941, 86.0531539917, 86.4943313599, 86.9238967896, 87.3534698486, 87.7830352783, 88.2126083374, 88.6537857056, 89.0833511353, 89.5129241943, 89.942489624, 90.3720626831, 90.8016281128, 91.2428131104, 91.67237854, 92.1135559082, 92.5547409058, 92.9959182739, 93.4370956421, 93.8666687012, 94.2962341309, 94.7257995605, 95.1553726196, 95.5733337402, 96.0028991699, 96.432472229, 96.8620376587, 97.2916107178, 97.7327880859, 98.1739654541, 98.6151428223, 99.0563278198, 99.497505188, 99.9386825562, 100.379859924, 100.821044922, 101.26222229, 101.703399658, 102.156188965, 102.608978271, 103.073379517, 103.526168823, 103.97895813, 104.443351746, 104.896141052, 105.348930359, 105.813331604, 106.266120911, 106.718910217, 107.183311462, 107.647705078, 108.112106323, 108.56489563, 109.017684937, 109.470474243, 109.92326355, 110.364440918, 110.805618286, 111.246803284, 111.687980652, 112.12915802, 112.570335388, 113.011520386, 113.452697754, 113.882263184, 114.311836243, 114.729797363, 115.147750854, 115.565711975, 115.995285034, 116.424850464, 116.866027832, 117.3072052, 117.725166321, 118.143127441, 118.561088562, 118.990653992, 119.420227051, 119.861404419, 120.290969849, 120.720542908, 121.150108337, 121.579681396, 121.997642517, 122.438819885, 122.856781006, 123.274734497, 123.715919495, 124.157096863, 124.575057983, 125.004623413, 125.434196472, 125.863761902, 126.293327332, 126.734512329, 127.175689697, 127.616867065, 128.046432495, 128.476013184, 128.905578613, 129.335144043, 129.764709473, 130.194290161, 130.623855591, 131.053421021, 131.471374512, 131.912567139, 132.353744507, 132.794921875, 133.236099243, 133.68888855, 134.118453979, 134.548019409, 134.965988159, 135.395553589, 135.81350708, 136.23147583, 136.649429321, 137.067382813, 137.485351563, 137.903305054, 138.344482422, 138.78565979, 139.238449097, 139.679641724, 140.13243103, 140.573608398, 141.026397705, 141.479187012, 141.943572998, 142.407974243, 142.872375488, 143.336776733, 143.801177979, 144.265579224, 144.729980469, 145.194366455, 145.647155762, 146.099945068, 146.564346313, 147.028747559, 147.493148804, 147.94593811, 148.410339355, 148.886352539, 149.350738525, 149.826751709, 150.291152954, 150.755554199, 151.208343506, 151.672744751, 152.148742676, 152.624755859, 153.089157104, 153.55355835, 154.017959595, 154.48236084, 154.946762085, 155.411148071, 155.875549316, 156.339950562, 156.804351807, 157.268753052, 157.733154297, 158.197555542, 158.673553467, 159.14956665, 159.613967896, 160.089981079, 160.565979004, 161.030380249, 161.494781494, 161.959182739, 162.411972046, 162.864761353, 163.317550659, 163.793563843, 164.269561768, 164.745574951, 165.209976196, 165.674377441, 166.138778687, 166.603164673, 167.067565918, 167.531967163, 167.996368408, 168.460769653, 168.925170898, 169.401168823, 169.877182007, 170.35319519, 170.829208374, 171.293609619, 171.757995605, 172.222396851, 172.698410034, 173.162811279, 173.627212524, 174.103210449, 174.579223633, 175.055236816, 175.53125, 176.007247925, 176.494873047, 176.982498169, 177.470108032], "beats_loudness": {"dmean2": 0.0176963359118, "median": 0.0184093918651, "min": 4.93785956568e-10, "dvar2": 0.000458956492366, "dvar": 0.000164469369338, "dmean": 0.0102661773562, "max": 0.123010776937, "var": 0.00024857398239, "mean": 0.0215623416007}, "danceability": 1.11368179321, "bpm_histogram_second_peak_weight": {"dmean2": 0, "median": 0.173170730472, "min": 0.173170730472, "dvar2": 0, "dvar": 0, "dmean": 0, "max": 0.173170730472, "var": 0, "mean": 0.173170730472}, "beats_count": 411, "bpm_histogram_second_peak_bpm": {"dmean2": 0, "median": 129, "min": 129, "dvar2": 0, "dvar": 0, "dmean": 0, "max": 129, "var": 0, "mean": 129}, "bpm_histogram_first_peak_spread": {"dmean2": 0, "median": 0.484978556633, "min": 0.484978556633, "dvar2": 0, "dvar": 0, "dmean": 0, "max": 0.484978556633, "var": 0, "mean": 0.484978556633}, "beats_loudness_band_ratio": {"dmean2": [0.211564227939, 0.180827468634, 0.25562992692, 0.173479154706, 0.116815775633, 0.0862332433462], "median": [0.156442403793, 0.151083752513, 0.198264509439, 0.191438600421, 0.124618083239, 0.0733731091022], "min": [0.00268649682403, 0.007301711943, 0.00300899753347, 0.00597278261557, 0.00396932428703, 0.00387933687307], "dvar2": [0.0314563252032, 0.0237130913883, 0.0630205124617, 0.0271977446973, 0.0144569771364, 0.0103265745565], "dvar": [0.0107876565307, 0.00806215498596, 0.022967370227, 0.00937628559768, 0.00495971180499, 0.00349048920907], "dmean": [0.119312517345, 0.103310786188, 0.145810544491, 0.102885521948, 0.07026142627, 0.0485704429448], "max": [0.962763309479, 0.562971413136, 0.931165575981, 0.845381617546, 0.575884282589, 0.472108900547], "var": [0.0168315656483, 0.0114486459643, 0.0283688176423, 0.0159003324807, 0.00915654376149, 0.00384675036184], "mean": [0.183354750276, 0.169066652656, 0.249250158668, 0.218378648162, 0.148593842983, 0.0891763046384]}}, "lowlevel": {"barkbands_spread": {"dmean2": 8.25641536713, "median": 24.6310310364, "min": 1.65235722065, "dvar2": 80.3532028198, "dvar": 34.9450492859, "dmean": 5.45458602905, "max": 128.028701782, "var": 178.77230835, "mean": 25.90782547}, "melbands_spread": {"dmean2": 12.83852005, "median": 32.1139793396, "min": 1.52378952503, "dvar2": 190.663757324, "dvar": 85.8873214722, "dmean": 8.25729560852, "max": 246.725311279, "var": 298.359436035, "mean": 34.6538391113}, "hfc": {"dmean2": 7.63974714279, "median": 14.1228437424, "min": 1.09827906598e-16, "dvar2": 118.160385132, "dvar": 64.5362548828, "dmean": 5.5801653862, "max": 168.854644775, "var": 324.217590332, "mean": 19.0966472626}, "barkbands_kurtosis": {"dmean2": 2.16987085342, "median": 0.165277212858, "min": -1.8874155283, "dvar2": 22.2909564972, "dvar": 9.30033016205, "dmean": 1.35533249378, "max": 131.480453491, "var": 14.4114866257, "mean": 1.08190238476}, "gfcc": {"mean": [-20.1773071289, 77.1269989014, -137.089111328, 21.9944629669, -57.8477973938, 15.6391916275, -40.3276062012, 14.4920711517, -30.5887050629, 4.88248443604, -18.5857810974, -1.03278267384, -10.3052787781], "icov": [[0.000221424852498, -0.000494328327477, 0.000570627918933, -0.00034140155185, 0.000553492340259, -0.000602226355113, 0.000725027406588, -0.00101098511368, 0.0012129531242, -0.00117739930283, 0.00136544194538, -0.000998588046059, 0.000685129431076], [-0.000494328327477, 0.0029153204523, -0.00107283797115, 0.000545325223356, -0.0015583607601, 0.00155549379997, -0.00178690627217, 0.00259205233306, -0.0034836246632, 0.00384086742997, -0.0043870639056, 0.00371199403889, -0.00198548659682], [0.000570627918933, -0.00107283797115, 0.00355894793756, -0.000942740996834, 0.00103208911605, -0.00205022632144, 0.00244196201675, -0.00200642039999, 0.0029586579185, -0.00383872189559, 0.00507164001465, -0.00498000020161, 0.00290675344877], [-0.00034140155185, 0.000545325223356, -0.000942740996834, 0.00498874485493, -0.00229653762653, 0.000973714166321, -0.000296972692013, 0.00252652703784, -0.00152053812053, 0.000560010201298, -0.00238044327125, 0.00330501049757, -0.00450107175857], [0.000553492340259, -0.0015583607601, 0.00103208911605, -0.00229653762653, 0.0064641572535, -0.00157908187248, 2.38322427322e-05, -0.00271308422089, 0.00285907834768, -0.00231868517585, 0.00331046665087, -0.00403085211292, 0.00264034466818], [-0.000602226355113, 0.00155549379997, -0.00205022632144, 0.000973714166321, -0.00157908187248, 0.0102941934019, -0.00290757697076, 0.000521285866853, -0.00441441452131, 0.00371821830049, -0.00434610340744, 0.00288604712114, -0.000991305918433], [0.000725027406588, -0.00178690627217, 0.00244196201675, -0.000296972692013, 2.38322427322e-05, -0.00290757697076, 0.01183162909, -0.00536538939923, 0.00231481972151, -0.00302233034745, 0.00351934507489, -0.000642021070234, -0.000170017636265], [-0.00101098511368, 0.00259205233306, -0.00200642039999, 0.00252652703784, -0.00271308422089, 0.000521285866853, -0.00536538939923, 0.0164226721972, -0.00784457288682, 0.00436839042231, -0.00274981465191, 0.000643850013148, -0.00048928608885], [0.0012129531242, -0.0034836246632, 0.0029586579185, -0.00152053812053, 0.00285907834768, -0.00441441452131, 0.00231481972151, -0.00784457288682, 0.0220516771078, -0.0101479040459, 0.00342970760539, -0.00160902622156, 0.00193237082567], [-0.00117739930283, 0.00384086742997, -0.00383872189559, 0.000560010201298, -0.00231868517585, 0.00371821830049, -0.00302233034745, 0.00436839042231, -0.0101479040459, 0.0223534945399, -0.01155664213, 0.00641894014552, -0.00154257367831], [0.00136544194538, -0.0043870639056, 0.00507164001465, -0.00238044327125, 0.00331046665087, -0.00434610340744, 0.00351934507489, -0.00274981465191, 0.00342970760539, -0.01155664213, 0.0277599524707, -0.0119753992185, 0.00306917587295], [-0.000998588046059, 0.00371199403889, -0.00498000020161, 0.00330501049757, -0.00403085211292, 0.00288604712114, -0.000642021070234, 0.000643850013148, -0.00160902622156, 0.00641894014552, -0.0119753992185, 0.0249822307378, -0.00976715236902], [0.000685129431076, -0.00198548659682, 0.00290675344877, -0.00450107175857, 0.00264034466818, -0.000991305918433, -0.000170017636265, -0.00048928608885, 0.00193237082567, -0.00154257367831, 0.00306917587295, -0.00976715236902, 0.0215923078358]], "cov": [[20402.4335938, 255.046112061, -732.523193359, -100.485580444, -677.527404785, 271.331634521, -510.195983887, 521.605834961, -437.632629395, 167.080078125, -398.602355957, 102.494247437, -289.025848389], [255.046112061, 847.584716797, -288.503204346, 130.522140503, 64.0525131226, -32.3456497192, 82.2729263306, -68.5580596924, 76.2105865479, -40.3372268677, 81.8321304321, -93.8815078735, 61.8684005737], [-732.523193359, -288.503204346, 739.980773926, -58.5913085938, 26.2061538696, 37.2719497681, -91.2060089111, 24.9613418579, -50.2174110413, 29.5978488922, -64.0833282471, 102.921836853, -54.4878501892], [-100.485580444, 130.522140503, -58.5913085938, 329.892822266, 77.1510925293, -24.832233429, 4.28668117523, -58.2531166077, 13.7371368408, 11.5393924713, 30.8213748932, -23.9443531036, 64.3688812256], [-677.527404785, 64.0525131226, 26.2061538696, 77.1510925293, 242.697189331, 8.02006053925, 43.9279747009, 2.27839684486, 10.5350265503, -6.20592212677, 11.4715337753, 10.4791240692, 12.754491806], [271.331634521, -32.3456497192, 37.2719497681, -24.832233429, 8.02006053925, 133.323577881, 19.2809772491, 38.3361816406, 13.9788246155, 3.10752224922, -2.83837652206, 5.05040931702, -13.958029747], [-510.195983887, 82.2729263306, -91.2060089111, 4.28668117523, 43.9279747009, 19.2809772491, 146.709701538, 21.1181755066, 34.7259025574, -7.10678577423, 16.6649913788, -24.5972499847, 16.9623184204], [521.605834961, -68.5580596924, 24.9613418579, -58.2531166077, 2.27839684486, 38.3361816406, 21.1181755066, 120.548538208, 10.3499212265, 6.03503513336, -19.6406669617, 17.5033664703, -23.7648487091], [-437.632629395, 76.2105865479, -50.2174110413, 13.7371368408, 10.5350265503, 13.9788246155, 34.7259025574, 10.3499212265, 92.9922332764, 19.8432750702, 27.6884174347, -22.0269145966, 9.57536506653], [167.080078125, -40.3372268677, 29.5978488922, 11.5393924713, -6.20592212677, 3.10752224922, -7.10678577423, 6.03503513336, 19.8432750702, 77.9105834961, 14.8677034378, 0.769147098064, -7.58254432678], [-398.602355957, 81.8321304321, -64.0833282471, 30.8213748932, 11.4715337753, -2.83837652206, 16.6649913788, -19.6406669617, 27.6884174347, 14.8677034378, 78.3586273193, 2.22991299629, 21.8322715759], [102.494247437, -93.8815078735, 102.921836853, -23.9443531036, 10.4791240692, 5.05040931702, -24.5972499847, 17.5033664703, -22.0269145966, 0.769147098064, 2.22991299629, 84.5024108887, 8.35523319244], [-289.025848389, 61.8684005737, -54.4878501892, 64.3688812256, 12.754491806, -13.958029747, 16.9623184204, -23.7648487091, 9.57536506653, -7.58254432678, 21.8322715759, 8.35523319244, 78.5980758667]]}, "spectral_energyband_middle_low": {"dmean2": 0.00566836958751, "median": 0.00496340589598, "min": 1.97324505629e-22, "dvar2": 0.000122843426652, "dvar": 5.23173330294e-05, "dmean": 0.00367660424672, "max": 0.12466467917, "var": 0.00011925673607, "mean": 0.00813856255263}, "melbands_crest": {"dmean2": 5.28394365311, "median": 9.07933425903, "min": 2.02520847321, "dvar2": 24.729839325, "dvar": 10.3696947098, "dmean": 3.22202277184, "max": 35.9957885742, "var": 28.6915664673, "mean": 10.5802736282}, "spectral_kurtosis": {"dmean2": 2.0069129467, "median": 4.46374464035, "min": -1.20661580563, "dvar2": 5.76530265808, "dvar": 2.0541203022, "dmean": 1.21678185463, "max": 29.3008441925, "var": 4.39041042328, "mean": 4.67214250565}, "spectral_rms": {"dmean2": 0.000907443230972, "median": 0.00344931706786, "min": 3.15471130122e-12, "dvar2": 1.0585383734e-06, "dvar": 5.29657143034e-07, "dmean": 0.000640896789264, "max": 0.0128587335348, "var": 3.16190562444e-06, "mean": 0.00361678795889}, "zerocrossingrate": {"dmean2": 0.0121608590707, "median": 0.076171875, "min": 0.00244140625, "dvar2": 0.000191519211512, "dvar": 0.000154117005877, "dmean": 0.0104448124766, "max": 0.517578125, "var": 0.00158055394422, "mean": 0.0815480649471}, "silence_rate_60dB": {"dmean2": 0.0803443342447, "median": 0, "min": 0, "dvar2": 0.0903331413865, "dvar": 0.0385552719235, "dmean": 0.0401669256389, "max": 1, "var": 0.0988510474563, "mean": 0.111227020621}, "erbbands_kurtosis": {"dmean2": 1.31448495388, "median": 0.174316316843, "min": -1.55096495152, "dvar2": 3.94198274612, "dvar": 1.63068127632, "dmean": 0.837963283062, "max": 41.1867294312, "var": 3.26672196388, "mean": 0.642053306103}, "erbbands": {"dmean2": [0.0405030846596, 0.204465448856, 0.811318218708, 2.30103898048, 3.30894637108, 3.71759700775, 7.30977773666, 11.142241478, 8.93808174133, 15.2352361679, 31.5639266968, 46.979637146, 51.8492088318, 32.3221549988, 20.9808425903, 30.372959137, 31.385477066, 48.2676696777, 37.7085113525, 23.2576313019, 16.2362785339, 14.9133844376, 16.3960723877, 11.6408548355, 15.4255628586, 9.61082267761, 4.38515949249, 3.12315058708, 2.04917430878, 1.44779753685, 1.07125854492, 1.03286850452, 0.717597424984, 0.531762063503, 0.355460345745, 0.174438610673, 0.0598801486194, 0.00899256952107, 0.000176390036358, 1.36374046633e-05], "median": [0.0141470758244, 0.0772697329521, 0.282309502363, 1.00119781494, 1.86741364002, 2.63762640953, 3.58656048775, 4.11799907684, 3.89032864571, 6.02266740799, 10.3824138641, 12.4525461197, 18.669713974, 14.3683233261, 15.3805208206, 17.4791717529, 15.4722728729, 17.7225399017, 15.1381635666, 14.6821947098, 13.6830434799, 14.3209228516, 11.9319000244, 7.8042049408, 10.5232124329, 6.3957118988, 3.74334716797, 2.55865764618, 1.3722782135, 1.22252178192, 1.03355920315, 0.86429810524, 0.601532399654, 0.435240775347, 0.252167105675, 0.0830397307873, 0.0172541681677, 0.00162756268401, 5.31305668119e-05, 2.07186167245e-05], "min": [1.25680632795e-21, 7.0865742456e-21, 2.38492148756e-20, 1.44783959087e-20, 4.2776065334e-20, 1.76517628532e-19, 5.54732185895e-19, 1.41510815097e-19, 2.08399301915e-19, 5.64955621278e-19, 8.88295507943e-19, 6.22706062924e-19, 1.08064643322e-18, 1.19135576942e-18, 2.36229692812e-18, 3.66079905665e-18, 5.70105782189e-18, 6.343454971e-18, 7.54668388413e-18, 1.20825304274e-17, 1.15584908299e-17, 1.3141154521e-17, 1.37929918689e-17, 2.11905590768e-17, 2.48824034626e-17, 1.66254981686e-17, 1.40504468714e-17, 1.52648836683e-17, 1.66601818517e-17, 1.26471258633e-17, 1.24564094469e-17, 1.35943858038e-17, 1.7801017772e-17, 1.19110277623e-17, 9.70441925356e-18, 4.45538833947e-18, 2.94382599185e-18, 1.27941638346e-18, 3.1713647151e-19, 3.26136248273e-20], "dvar2": [0.00445008696988, 0.108897037804, 1.95026814938, 14.1758899689, 34.923500061, 34.6267051697, 149.93572998, 503.342559814, 556.915161133, 2556.62426758, 17726.9160156, 42941.0117188, 34528.5703125, 23121.0644531, 3576.1340332, 4687.20117188, 7985.92041016, 19974.3007813, 10441.375, 2375.39941406, 791.867797852, 488.764007568, 849.784851074, 452.494842529, 862.350280762, 507.408050537, 81.9504394531, 42.1152610779, 15.9252586365, 6.88958072662, 2.93795156479, 4.1290678978, 3.20885157585, 1.68105399609, 0.405133754015, 0.0928883254528, 0.0134079493582, 0.000345957989339, 1.27353985135e-07, 3.45181411232e-10], "dvar": [0.00165334704798, 0.0392752029002, 0.726399362087, 5.29496479034, 12.7109193802, 14.1505594254, 59.2241439819, 189.245620728, 209.91116333, 1204.5904541, 7974.47314453, 18617.5507813, 16149.8574219, 10438.1435547, 2029.59973145, 1873.44775391, 3424.85717773, 8863.04003906, 4576.60205078, 1051.76086426, 380.776367188, 229.515823364, 367.89553833, 211.56199646, 413.303009033, 250.317840576, 39.7810287476, 21.3828029633, 7.90685844421, 3.07504606247, 1.41237616539, 1.87439370155, 1.6362272501, 0.928976655006, 0.209326416254, 0.045015219599, 0.0066204839386, 0.00016896041052, 6.27113792007e-08, 1.80755549417e-10], "dmean": [0.0239844676107, 0.117530830204, 0.470481514931, 1.35702097416, 1.95567977428, 2.33891773224, 4.51242923737, 6.64783668518, 5.43037748337, 9.74819087982, 20.2632312775, 30.5954360962, 34.8166351318, 21.2278766632, 13.7949991226, 19.2430801392, 20.3061351776, 30.7376308441, 24.0407276154, 14.7828292847, 10.4712753296, 9.64913272858, 10.5850009918, 7.61165857315, 10.0388288498, 6.47409963608, 2.94479680061, 2.09767055511, 1.38430798054, 0.973831057549, 0.736841201782, 0.695853471756, 0.505154550076, 0.38306543231, 0.247111171484, 0.118232220411, 0.0407764203846, 0.00605206890032, 0.000119757445646, 9.80025833996e-06], "max": [0.502923190594, 2.22155499458, 10.2559041977, 41.7102508545, 58.8440551758, 77.1038284302, 144.295669556, 228.334609985, 567.176818848, 1033.74780273, 2760.58447266, 3407.62060547, 3375.77441406, 4301.78417969, 2802.91137695, 1027.22949219, 1904.93237305, 3240.59228516, 2343.95507813, 854.731750488, 1063.47290039, 341.34552002, 463.216491699, 285.34463501, 448.83416748, 490.957244873, 168.845245361, 139.747116089, 108.000511169, 47.3864822388, 23.3746986389, 42.0237197876, 61.5465698242, 36.3675346375, 13.0542907715, 3.20657205582, 1.07494604588, 0.165825292468, 0.0031422895845, 0.000236621359363], "var": [0.00190898403525, 0.0404735840857, 0.649428725243, 5.21870088577, 12.4145174026, 30.1163635254, 98.8494644165, 215.81413269, 229.793792725, 2316.15380859, 13331.3212891, 29781.8945313, 58054.5976563, 21663.4375, 3968.41210938, 4028.06884766, 5699.85400391, 19328.2460938, 10013.265625, 2057.26953125, 1274.80834961, 697.214416504, 974.278930664, 658.054321289, 1119.34436035, 768.520996094, 138.183532715, 59.8920021057, 20.9112758636, 8.2948884964, 3.74460530281, 4.07071733475, 3.54797720909, 2.02372932434, 0.471958428621, 0.0767799690366, 0.00993007142097, 0.000239380533458, 9.12149786814e-08, 5.84936099557e-10], "mean": [0.0295911375433, 0.144603967667, 0.538475811481, 1.74529206753, 2.86313796043, 4.40526199341, 6.95247793198, 8.91508865356, 7.90982532501, 15.7774829865, 33.6646270752, 50.8568496704, 73.5146713257, 38.7919807434, 25.8315067291, 35.0147209167, 35.034122467, 53.1275138855, 42.2427978516, 27.7368507385, 22.6668357849, 22.0522098541, 22.7452392578, 16.9708099365, 20.3403835297, 14.3335618973, 6.97660541534, 4.78453874588, 2.97337675095, 2.11269450188, 1.61324441433, 1.39469885826, 1.00781798363, 0.736197412014, 0.447051495314, 0.183781191707, 0.0568741038442, 0.00796409975737, 0.000169511884451, 2.71023236564e-05]}, "spectral_strongpeak": {"dmean2": 1.26434218884, "median": 0.645490705967, "min": 0, "dvar2": 3.10730600357, "dvar": 1.32086730003, "dmean": 0.77604496479, "max": 14.3686513901, "var": 3.26266431808, "mean": 1.40982067585}, "spectral_energy": {"dmean2": 0.00827253516763, "median": 0.0121952323243, "min": 1.02010086105e-20, "dvar2": 0.000158466558787, "dvar": 7.43036216591e-05, "dmean": 0.00566227547824, "max": 0.169480711222, "var": 0.000262168818153, "mean": 0.0166491288692}, "average_loudness": 0.48075863719, "spectral_rolloff": {"dmean2": 796.202026367, "median": 1830.32226563, "min": 21.533203125, "dvar2": 1784244.875, "dvar": 743561.5625, "dmean": 488.768707275, "max": 18583.1542969, "var": 2387777.25, "mean": 2133.64770508}, "spectral_centroid": {"dmean2": 374.75567627, "median": 1640.80737305, "min": 265.691833496, "dvar2": 133659.5625, "dvar": 64337.7890625, "dmean": 245.704406738, "max": 11148.6591797, "var": 320262.9375, "mean": 1711.65563965}, "pitch_salience": {"dmean2": 0.105036236346, "median": 0.634970188141, "min": 0.0705986395478, "dvar2": 0.00932361185551, "dvar": 0.00390607048757, "dmean": 0.065511263907, "max": 0.979177474976, "var": 0.0121049927548, "mean": 0.612267076969}, "spectral_energyband_middle_high": {"dmean2": 0.00336918258108, "median": 0.00463458290324, "min": 2.06823567277e-21, "dvar2": 4.48237224191e-05, "dvar": 2.23767874559e-05, "dmean": 0.00234671682119, "max": 0.163268744946, "var": 8.50641226862e-05, "mean": 0.00699169188738}, "spectral_contrast_coeffs": {"dmean2": [0.0871579498053, 0.0754190385342, 0.0601757466793, 0.0504196956754, 0.0371386557817, 0.0297785997391], "median": [-0.66801905632, -0.758907079697, -0.76798593998, -0.773148238659, -0.774733781815, -0.778920769691], "min": [-0.996396183968, -0.988170564175, -0.990892827511, -0.981501102448, -0.975132465363, -0.959346652031], "dvar2": [0.00516862934455, 0.00383105338551, 0.00242466060445, 0.00164611567743, 0.000966469000559, 0.000657194876112], "dvar": [0.00200117914937, 0.00151275924873, 0.0010468425462, 0.000684468832333, 0.00041610529297, 0.000335689663189], "dmean": [0.0535587072372, 0.0462182275951, 0.0381145514548, 0.0316561497748, 0.0235636793077, 0.0198419373482], "max": [-0.369909673929, -0.367778211832, -0.421599179506, -0.541721224785, -0.554792642593, -0.502339959145], "var": [0.00593102769926, 0.00481521338224, 0.00493136886507, 0.00286761531606, 0.00224385620095, 0.00182344124187], "mean": [-0.6667984128, -0.752639114857, -0.760442793369, -0.769583463669, -0.773956000805, -0.773852825165]}, "melbands_skewness": {"dmean2": 0.796546876431, "median": 1.22367560863, "min": -1.93180263042, "dvar2": 0.740433514118, "dvar": 0.312928497791, "dmean": 0.50714468956, "max": 8.45801067352, "var": 1.03194725513, "mean": 1.3565608263}, "spectral_spread": {"dmean2": 734044.1875, "median": 4283828.5, "min": 1504495.25, "dvar2": 642168520704, "dvar": 401383981056, "dmean": 528574.375, "max": 40357448, "var": 2136310153220.0, "mean": 4491969.5}, "dissonance": {"dmean2": 0.0275813806802, "median": 0.476501315832, "min": 0.255964338779, "dvar2": 0.000742671778426, "dvar": 0.000279251573374, "dmean": 0.0164019800723, "max": 0.49999704957, "var": 0.000523029069882, "mean": 0.470607221127}, "spectral_skewness": {"dmean2": 0.2713342309, "median": 1.61228358746, "min": -0.0324248075485, "dvar2": 0.069951236248, "dvar": 0.0282643213868, "dmean": 0.173092663288, "max": 3.65825533867, "var": 0.114397838712, "mean": 1.59828794003}, "spectral_flux": {"dmean2": 0.0284174382687, "median": 0.0615166947246, "min": 1.01000041663e-10, "dvar2": 0.00101334461942, "dvar": 0.000461025396362, "dmean": 0.018747696653, "max": 0.357441663742, "var": 0.00145870749839, "mean": 0.067031674087}, "spectral_contrast_valleys": {"dmean2": [0.703834235668, 0.618423700333, 0.529949367046, 0.458106070757, 0.378145426512, 0.405828982592], "median": [-7.6226067543, -6.70534276962, -6.95984363556, -7.38642120361, -7.38481521606, -9.8998260498], "min": [-27.4429244995, -27.2712612152, -27.4536876678, -27.3590755463, -27.3326511383, -27.3318214417], "dvar2": [0.339661329985, 0.270097225904, 0.215184792876, 0.170145317912, 0.123887144029, 0.199599087238], "dvar": [0.150022476912, 0.127657845616, 0.102682888508, 0.0892148837447, 0.0754276067019, 0.129026949406], "dmean": [0.439310282469, 0.396378964186, 0.342907994986, 0.307182967663, 0.262810200453, 0.322467178106], "max": [-5.91132259369, -5.05578565598, -5.0780043602, -5.88376331329, -6.04694795609, -7.89240646362], "var": [2.15928244591, 2.08157396317, 1.98380851746, 1.90477967262, 1.79404807091, 2.08039689064], "mean": [-7.91369438171, -6.98329019547, -7.2486948967, -7.63138580322, -7.64060258865, -10.263838768]}, "erbbands_flatness_db": {"dmean2": 0.0268799457699, "median": 0.153783261776, "min": 0.0345116741955, "dvar2": 0.000620008620899, "dvar": 0.000325405300828, "dmean": 0.0190117266029, "max": 0.34217864275, "var": 0.00194259348791, "mean": 0.158251315355}, "spectral_energyband_high": {"dmean2": 0.000278193125268, "median": 0.000363643106539, "min": 6.98665098916e-21, "dvar2": 1.83681621024e-07, "dvar": 1.01420944532e-07, "dmean": 0.00020408310229, "max": 0.00643290346488, "var": 3.74935666514e-07, "mean": 0.00055131764384}, "spectral_entropy": {"dmean2": 0.184684768319, "median": 7.73537969589, "min": 6.1102938652, "dvar2": 0.0316942557693, "dvar": 0.0166671015322, "dmean": 0.128870889544, "max": 9.80529689789, "var": 0.0835143178701, "mean": 7.7255449295}, "silence_rate_20dB": {"dmean2": 0, "median": 1, "min": 1, "dvar2": 0, "dvar": 0, "dmean": 0, "max": 1, "var": 0, "mean": 1}, "melbands_flatness_db": {"dmean2": 0.0314780436456, "median": 0.132348790765, "min": 0.0076025063172, "dvar2": 0.000934116309509, "dvar": 0.0004428497341, "dmean": 0.0206150133163, "max": 0.388171941042, "var": 0.00172463769559, "mean": 0.138757944107}, "barkbands": {"dmean2": [0.00013264795416, 0.00100476364605, 0.00091695721494, 0.000921601837035, 0.0010648900643, 0.00130754173733, 0.000682095705997, 0.00121777446475, 0.00194904382806, 0.00165059056599, 0.000561779597774, 0.000667951710057, 0.000676184718031, 0.00104861706495, 0.000601369072683, 0.000299942301353, 0.0003375087108, 0.000324863678543, 0.000284918496618, 0.000203317613341, 9.4576360425e-05, 5.41416775377e-05, 3.71475107386e-05, 4.35254005424e-05, 4.68887374154e-05, 3.47650493495e-05, 1.65199139701e-06], "median": [3.90617351513e-05, 0.000424523168476, 0.000312463816954, 0.000329857866745, 0.000872980919667, 0.000556279963348, 0.000276142905932, 0.000341533595929, 0.000504337833263, 0.000583141460083, 0.000298592145555, 0.000334622280207, 0.000259172724327, 0.000325823784806, 0.00026925248676, 0.000198556401301, 0.000270371761872, 0.000194238920812, 0.000175431225216, 0.000133183581056, 7.98015389591e-05, 3.70804082195e-05, 3.6784025724e-05, 3.90944915125e-05, 3.77509422833e-05, 1.25725455291e-05, 1.32602167469e-07], "min": [6.59788124858e-25, 3.53823742851e-23, 1.82147967238e-23, 5.16705786186e-24, 5.08340074058e-23, 3.68060946696e-23, 1.78882840397e-23, 4.70485889324e-23, 2.54696049481e-23, 3.99224644321e-23, 4.26326434037e-23, 7.74813438201e-23, 1.5677854447e-22, 1.16354194108e-22, 1.62667296464e-22, 2.2210609765e-22, 2.23889579628e-22, 3.28715840094e-22, 4.83447991023e-22, 3.24362514344e-22, 3.5444696821e-22, 4.77066169409e-22, 4.56784038043e-22, 8.14730443715e-22, 1.26544244898e-21, 1.61289586865e-21, 2.08619029843e-21], "dvar2": [4.98039227637e-08, 2.48793753599e-06, 2.21033405978e-06, 2.97435576613e-06, 2.54327346738e-06, 5.76928323426e-06, 4.11178780269e-06, 2.49570548476e-05, 6.43161183689e-05, 3.53754803655e-05, 3.42647854268e-06, 2.65908010988e-06, 3.49458559867e-06, 9.03980890143e-06, 2.0169088657e-06, 3.80893169449e-07, 3.03217888131e-07, 3.22717369272e-07, 2.56226741158e-07, 2.30288137004e-07, 3.79347326884e-08, 1.05814592644e-08, 3.57664964312e-09, 9.81988357296e-09, 9.12096798089e-09, 4.09696765402e-09, 1.30452983485e-11], "dvar": [2.14209627813e-08, 9.09924096959e-07, 8.32567991438e-07, 1.07903349544e-06, 1.00963939076e-06, 2.1740847842e-06, 1.71657006831e-06, 1.13123824121e-05, 2.72420493275e-05, 1.70208713826e-05, 2.60727460955e-06, 1.03245770333e-06, 1.52422546762e-06, 3.97845724365e-06, 9.23547986531e-07, 1.71794951598e-07, 1.35653991151e-07, 1.41317244129e-07, 1.18022896345e-07, 1.10292454281e-07, 1.8228780263e-08, 5.18349363432e-09, 1.68907809961e-09, 4.79007811194e-09, 5.06365527286e-09, 2.03949968025e-09, 5.49332627997e-12], "dmean": [8.44829337439e-05, 0.000582981156185, 0.000537401007023, 0.00053201278206, 0.000661703408696, 0.000784977863077, 0.000426587153925, 0.000789352227002, 0.00127156963572, 0.00110781483818, 0.000381083169486, 0.000418556563091, 0.000431183754699, 0.000662766688038, 0.000379456760129, 0.000191285434994, 0.000216073836782, 0.000208238430787, 0.000183896001545, 0.000136460716021, 6.32911614957e-05, 3.6718971387e-05, 2.54889073403e-05, 3.0521521694e-05, 3.35880031344e-05, 2.36522628256e-05, 1.02771571164e-06], "max": [0.00208502425812, 0.0113790612668, 0.0109037216753, 0.0208976361901, 0.0172580797225, 0.0228477511555, 0.035922113806, 0.100058719516, 0.116541065276, 0.143360391259, 0.120617188513, 0.028891403228, 0.0408270359039, 0.0571162812412, 0.0352599173784, 0.0206134933978, 0.00786623824388, 0.00759138865396, 0.00742967426777, 0.0104708420113, 0.0