{"tonal": {"thpcp": [1, 0.940676987171, 0.781206965446, 0.69727653265, 0.683111786842, 0.696585059166, 0.692046940327, 0.601487159729, 0.455724388361, 0.360315650702, 0.328666269779, 0.311176329851, 0.260824322701, 0.182490721345, 0.12884683907, 0.112075723708, 0.102846354246, 0.0844070091844, 0.0770363286138, 0.0922144204378, 0.11699231714, 0.149183392525, 0.177308067679, 0.192202240229, 0.21776817739, 0.248138278723, 0.269660562277, 0.332988679409, 0.47721272707, 0.655684292316, 0.748852431774, 0.756697118282, 0.773678839207, 0.792107701302, 0.808692872524, 0.894767403603], "hpcp": {"dmean2": [0.135692924261, 0.0959484502673, 0.0863824039698, 0.0844839662313, 0.0697837173939, 0.0657477080822, 0.0830736905336, 0.104519546032, 0.132736906409, 0.158026590943, 0.166061773896, 0.178931206465, 0.196641787887, 0.205930963159, 0.252691686153, 0.351150274277, 0.456197708845, 0.489432185888, 0.500237047672, 0.505474507809, 0.507475733757, 0.521024823189, 0.554468810558, 0.604911208153, 0.578658282757, 0.508145153522, 0.450708031654, 0.44239577651, 0.459521353245, 0.460969865322, 0.412932306528, 0.316668272018, 0.245625182986, 0.233410447836, 0.226955801249, 0.189737156034], "median": [0.00996292755008, 0.00633478350937, 0.00437507079914, 0.00303720147349, 0.00210682721809, 0.00156077276915, 0.00134277739562, 0.0014577320544, 0.00178990629502, 0.00240386812948, 0.0033834327478, 0.00496219005436, 0.00707283709198, 0.00968383532017, 0.0126405386254, 0.020575819537, 0.0339419133961, 0.048989713192, 0.0521619729698, 0.0604986362159, 0.0667501837015, 0.0718290656805, 0.0865953192115, 0.0993044748902, 0.0905921161175, 0.0643737241626, 0.0591688342392, 0.0557485558093, 0.0540856979787, 0.0532823242247, 0.0443324781954, 0.0341795794666, 0.0276206620038, 0.0226957742125, 0.0192844569683, 0.0146978702396], "min": [0, 0, 0, 0, 0, 0, 0, 0, 0, 0, 0, 0, 0, 0, 0, 0, 0, 0, 0, 0, 0, 0, 0, 0, 0, 0, 0, 0, 0, 0, 0, 0, 0, 0, 0, 0], "dvar2": [0.0603310354054, 0.033843498677, 0.0354157015681, 0.0375214964151, 0.0310332458466, 0.0361527688801, 0.0573464892805, 0.070571757853, 0.0893008857965, 0.113468378782, 0.113228365779, 0.119362533092, 0.128248110414, 0.120094552636, 0.149429917336, 0.207219839096, 0.245613381267, 0.255586147308, 0.256865799427, 0.254696726799, 0.241113007069, 0.248828500509, 0.255710303783, 0.273990392685, 0.268224209547, 0.251136034727, 0.214736074209, 0.217033624649, 0.229139983654, 0.239182859659, 0.221425786614, 0.164772883058, 0.111374258995, 0.1167576015, 0.11383022368, 0.0906542986631], "dvar": [0.0210402254015, 0.0118964267895, 0.0123347379267, 0.0129759861156, 0.0106928823516, 0.0123195406049, 0.0195563696325, 0.0241778101772, 0.03072415106, 0.0392254628241, 0.0396984033287, 0.0423705093563, 0.0454495102167, 0.0426059663296, 0.053973980248, 0.0756090655923, 0.0918855592608, 0.095292955637, 0.0948750525713, 0.0948177501559, 0.0892522186041, 0.0925055667758, 0.0957806780934, 0.104169934988, 0.100152432919, 0.0939862653613, 0.0795250535011, 0.0801102668047, 0.0848649516702, 0.0875334739685, 0.0805801749229, 0.0595645457506, 0.0401429720223, 0.0414473414421, 0.0405542999506, 0.0322561264038], "dmean": [0.0723554641008, 0.0510183721781, 0.0457932017744, 0.0441124215722, 0.0363762825727, 0.0340545699, 0.042443100363, 0.0536705330014, 0.0683334991336, 0.0813546031713, 0.0857836231589, 0.0934757366776, 0.103603616357, 0.109170660377, 0.134469345212, 0.187224879861, 0.244486764073, 0.266199439764, 0.272070199251, 0.273991644382, 0.277263432741, 0.284981310368, 0.304274141788, 0.332115799189, 0.317752093077, 0.276308834553, 0.24629342556, 0.24152764678, 0.250383853912, 0.250461727381, 0.223110496998, 0.171537101269, 0.133937165141, 0.125368922949, 0.121157936752, 0.101875670254], "max": [1, 1, 1, 1, 1, 1, 1, 1, 1, 1, 1, 1, 1, 1, 1, 1, 1, 1, 1, 1, 1, 1, 1, 1, 1, 1, 1, 1, 1, 1, 1, 1, 1, 1, 1, 1], "var": [0.0133684817702, 0.00756719196215, 0.00745491031557, 0.00755134457722, 0.00617849174887, 0.00695298332721, 0.0108655309305, 0.0137090999633, 0.0177687853575, 0.0226743556559, 0.0235838647932, 0.0261585079134, 0.0287380497903, 0.0280754193664, 0.037102073431, 0.0562348216772, 0.0770104527473, 0.0854796469212, 0.0853493437171, 0.0861014202237, 0.0839799195528, 0.0862170532346, 0.0941295474768, 0.108026571572, 0.100337028503, 0.0855428501964, 0.071164354682, 0.0709479749203, 0.074300147593, 0.0749129354954, 0.0652404800057, 0.0451285615563, 0.0298144873232, 0.0290617253631, 0.0279025323689, 0.0219908989966], "mean": [0.0475551448762, 0.0335761196911, 0.0292057450861, 0.0268006697297, 0.0219955705106, 0.0200748499483, 0.0240301005542, 0.0304869562387, 0.0388756096363, 0.0462046004832, 0.0500858649611, 0.0567480772734, 0.0646622031927, 0.0702706798911, 0.0867733135819, 0.12435657531, 0.170864373446, 0.195142999291, 0.197187244892, 0.201612502337, 0.206414863467, 0.210736781359, 0.233166888356, 0.260589390993, 0.245130449533, 0.203574240208, 0.18170286715, 0.17801168561, 0.181522682309, 0.180340096354, 0.156741172075, 0.118756942451, 0.0938944369555, 0.0856469422579, 0.0810892507434, 0.0679680481553]}, "tuning_equal_tempered_deviation": 0.223303109407, "chords_changes_rate": 0.109964750707, "key_key": "E", "tuning_diatonic_strength": 0.452964395285, "key_scale": "minor", "chords_number_rate": 0.000429885636549, "tuning_frequency": 440, "tuning_nontempered_energy_ratio": 0.904870092869, "chords_histogram": [0, 1.99466943741, 36.73802948, 1.24666833878, 0, 0, 0.0171954259276, 0, 0, 0, 0, 0, 0, 0, 0, 0, 0, 0, 0.0773794203997, 26.6701049805, 33.2559547424, 0, 0, 0], "key_strength": 0.12987485528, "chords_key": "B", "chords_strength": {"dmean2": 0.00938581489027, "median": 0.36808475852, "min": 0.265299201012, "dvar2": 5.30578145117e-05, "dvar": 2.71166009043e-05, "dmean": 0.00654337927699, "max": 0.496874451637, "var": 0.00100112112705, "mean": 0.368045091629}, "chords_scale": "minor", "hpcp_entropy": {"dmean2": 1.07200109959, "median": 3.10763120651, "min": 0, "dvar2": 0.775423645973, "dvar": 0.266496807337, "dmean": 0.617391347885, "max": 4.70890760422, "var": 0.352630585432, "mean": 3.02111172676}}, "metadata": {"audio_properties": {"equal_loudness": 0, "codec": "mp3", "downmix": "mix", "sample_rate": 44100, "analysis_sample_rate": 44100, "bit_rate": 320000, "md5_encoded": "3e6223a8726137f43365ef832f6f3599", "length": 540.055480957, "replay_gain": 4.57921791077, "lossless": false}, "version": {"essentia_build_sha": "2d9f1f26377add8aeb1075a9c2973f962c4f09fd", "essentia": "2.1-beta2", "extractor": "music 1.0", "essentia_git_sha": "v2.1_beta2-1-ge3940c0"}, "tags": {"title": ["Zone (original mix)"], "barcode": ["8072973663102"], "media": ["12\" Vinyl"], "albumartist": ["The Hacker & Eric Borgo"], "language": ["eng"], "musicbrainz_recordingid": ["0dd3279a-680b-4ca7-9664-0dbd577a9b01"], "encoding": ["iTunes 10.4"], "musicbrainz_albumartistid": ["e044fb9c-7c2e-48f7-81f6-ea2ae99d2ef0", "12296254-a2e4-4e69-8075-25a57a4503da"], "discnumber": ["01/01"], "bpm": ["105.54"], "catalognumber": ["Tsuba017"], "contentgroup": ["Electro,Tech House,Techno"], "originalalbum": ["Feeling Strange"], "musicbrainz album type": ["Single"], "musicbrainz album status": ["Official"], "file_name": "1-01 - Zone (original mix).mp3", "acoustid_fingerprint": ["AQADtCqjLEmYJMLRJ-XgPVuR7BfyHN0_-EdPKsFvNDrCi9mhkwgZ1cKMCx8Jqwx6PEOJ1Nqxy9CNmQiLS0RP2OXQ63hRksfhsS1iH9p_hMc2acHH44zkwr_wYw-s6fDGHGVGSkG9E01X4j4-Dan0Qx9PRDrzockvfBQakkcv3Me_I-QraNFDXOiZwrMelMyN8GGOpj6eHM1z9DtuC5-EXEhGjYVv_B9-oqyEa8gPjS_C7E7w4-RRUYX3HO-RSjn67Oizo6nT4ciPLmsmND2e4w36oGP2IyTzQDyPksHp4qoF7TmaH7l0oKGO90V6vA_EC_vg9cidCy9eqehRNoftHf_hWTKRs_APjb1wHeHhYdp1XAgpbiSaFw8LE3qGT0vQv3CVHV9UH_PxoN8jnGKg60LZwRR1hDymf0LzUvg-7IanHQ9yaM-K5gtyNJPRaT3yQwufo0b4oWGOG83YIPRxMocuMUbDbId2Ez_ytNisHT8urziRRoeqUsiN-6iHL8ctfAqRxxCnIzyuEb_R_Ch_fDiLRsc__INXocdz4Wi2ZFyQT4XiH6nD40vQdHrwFDlc6tBz5NScIHwn-HygVTlyXHtA6t_QVEdZ_AhzaB_Ro9nEGrzwHEdLDq4Q9sY3eCz2HM1FlCU6_UgHPYvhLdwRHj_CdUJDHjrKHfnxowzCH7_w8bjxnND7Qu4FO9NR9jh-oy-LhzSay0BHjcSP_-jxu-g04UbOHGl8ofyQT_Lx-ggPVVKLO7AiHYeWfMHDow-aZ7gLjTCRz0cvhOLhfdCuo0X44VGO5xV6Hb6GqUd-6FYRZpJ0lJSO82iQ79CSKSGiE1eFniSaB_lyaFMWBenI48cX5XgW6miYImcK_cjRiFrQu_hRZoHPI2chNzveiNDy4is-p0ez7giPf8hH6C5eNJo-VFvx1Cjfwz2eQ-yOvoeqH3oUNFSO_siJPsph5RnRLjh-fA96bUIK7R-uI8cRoiFxC_PCo1-koXkWCGXGIFI2KceJa-hTodmK50Qe6EeYPWhz4axQVsKOFz6eH9eLD32RM9BShUd4HvSOerNgU_A1fHg0CmFsXB3uFC5yvOTAHzWsG96REro22Blq5CH6BQ2DvMeJhtGHqEe7Ig-L58BkkYVF0YFwHLodaD9aq8Lx4jacjeiPiwi_w_th99ioHF1MXMrQfjh8IcQNLXqyImQvtLrgWQmmXMfLY9_RI4y34scP-Uffwt-RD7fR6PiHo7kahB4PjTvRLO5Qvwij7fiRL26Ihjx6nMdR_kNTHZ2OZlILXSZ6IkxxHdVNOFNwTNYr5MLnHDnKb_hwLg-so_1xMUcOXQhzDmUUnsP140F4wuK24aQMPctVXCa2BzdC5kZZNNfxJit-Crl8tIfeHzPSVFSHTudwo4X3IUtw9Lmgk0eb40L4Bf6Qb8rxHZlznHCPqw_xE1a6YNKNskdT45KE60R_WD_RD8k4F3kseNrx4xInNNZi_Mh7rdBD4augpeIx6fPR48e149px4Yd6o1QKbQqOYx_64YopnJKKXkfzDg9OLmg-6MeP8A--XghthPlyfMfXGM2Pa9PxS_DWH-kLH6eG__AH7R80cvB5VAp39Dnh15B9HB_6I9_hZ_gQsrAkaGxxhBzMhUfpo7_RnMHD49mOPMJ7NCfCscH14B-aH922kMj5Qnt6-JGD_LhQsjXOxFLQ7Dna5cKPXNvQFx4_yM1x48mRvvhHnOlhi_hx58GPZ4dF4od75MqO_tAffIeWveilIhfxDB-7FM2uINSho8hLhOU4VGIe-Dl0hDuF97iP_Kj94Yd41BdeNFQG7WjGHF-IT4R8mNWDXYX3GXkr-DfKIyhz-MEXiC_y4TxenDtO2DzyH0e54sdJEQ3HoCz-K9AXIzwPH2-NRz1xGLdwRKN0aBR6Fo1CfEO1HZ7GIZq1F9-MnRH84xeeHU-XIv7RU4H-QteN82j0FP0D_egbNNGP36h0C_4gnrB84NRxGfpxEtplqoiPXsT2o95RwxseH_kF8XhlXApyyXgOn0lV7NmRopSChl-gcVqO95iuo9nR7mh-PCeudeiPhtFU_GiqhWg_CddWND-6h3iOZg90X_hwL1IEnsh1IU-l4sHNQzxOHrlxeAy8FZeOZzueHz_yB542aI_04UH4ZLDMorpQroe56GD4GQ-Lig-aEz9CkvCznNAaHUGfJUZz3I_B-BWsVEJfNJOYC72OeOOhS-ERN0e9XLiPBuyRZ8enQT56Iz364zzeHT2cc-iRH1P4QzsPVX_QH1Z-aD0O_YeWZ-hxyH0QKSOPejweIQ-OHmKnI3yOMiMXNBNyaE8KX8h7NFJl46oc5NJg-9AvvA7yB-bxMMfD47_QXBJuXJKMaFxmI-SHXDqmz0bzHl_4QJVUNGRkhB8artvRhsOl1ELXHM2xJwif2fB0mCd-w9rE4V_g4zyaOh9-THkWB-WKHPmLPiSR90Mv9EW0ijnKH5-FMzrEOinORDZyBT5xsQmefKiPMPoBEgQCAhAhlGCGAKDEA0QwQghRAhgDFCCGEAOAMgYgCwgSAghAhDOGCAAAEUoAAoRgAjEBkUFKAIEMYJAIp4gAihAAiABIEsYIUkAQQAQSBAJhFFFKAYYQAURhAwwAzBhiCAZAMYYEQAQAoQgCBAEClBDAGYIUQMQRYQAQUBAgBBFIOEUMlAYQRAVkXBlBkBKOAaQYEcZQJYhwgEoBBRCECIaAAEwxRRQ2QAxtiAEEIWqAEklIpIiRAAlFACAIAEMMIMgIAgwjggqACBGEKIMcUAQCKwSGhACDjAFEKGiUAcQBAwwQSDDAGGLCCEiMQBYQQRAgQgAlgTFEMCKEMkgIIYRgQAginAAOCMEcAMsKAQDpyjAAkVBUWiUEUMAAEASQyjmICFHACAAIAs5YJYEzhigwFWCAEIKAIIIQJJSCghigBFUOESIAYUgSQpFgADIjlCDWEWGsIQQAKpgAjDgCDCCAgigAAIQJAgwFFhCBgBKAASIAEEoYIAQQCgjiGAUGIGGcAcogAyRBzDAhBDAQAMGQM4gg7iASFRJhgFOKISEUVQABAYgSChBgEAAKDGAEBQwIAgSAsBTFBGAQEGGEQsRgYhBhhCGlAABAECOEIEQjQZRRFDBiBKKCOGWQAwAg4IRDgBAjDCNGIAQQIcQQAYlFghGpOHHACCUEYYgBRoQwQhwigHCGCAGUEIAQ4CwhxDKADDAEGoIQUIoApwxRQBEghDECCgMkEZAACww0hBiGkRIEAiOQUAIAgZBgQhEjiFAIEKUEAUwQYYQSgDEhjBMGCCEIIQ4QMZBQgjEhCABMIAQMQIY4AIRgSgiDJDCECkaACSYKQogRQBECgANAIIUQAUQhQQBjighCLFKECWYEUUQQIjwhChAAhCIAKMAEg0QA4BgAAANLHBLEAiCIIYQQoJgABgA"], "date": ["2008-01-24"], "genre": ["Electronic"], "musicbrainz album release country": ["GB"], "album": ["Zone"], "musicbrainz_artistid": ["e044fb9c-7c2e-48f7-81f6-ea2ae99d2ef0", "12296254-a2e4-4e69-8075-25a57a4503da"], "originaldate": ["2008-03-31"], "musicbrainz_albumid": ["b604e4e1-3d8b-4003-a79a-cff3aa59bd8f"], "tracknumber": ["01/02"], "encodedby": ["iTunes 10.4"], "artistsort": ["Hacker, The"], "artist": ["The Hacker & Eric Borgo"], "label": ["Tsuba Records"], "albumartistsort": ["Hacker, The & Borgo, Eric", "Hacker, The"], "acoustid_id": ["0ac25a8c-6615-4df8-a9f8-064073baaf6d"], "script": ["Latin"], "musicbrainz_releasegroupid": ["f05b597d-f87e-35d3-a7dc-67fd9d95898a"]}}, "rhythm": {"bpm_histogram_first_peak_bpm": {"dmean2": 0, "median": 140, "min": 140, "dvar2": 0, "dvar": 0, "dmean": 0, "max": 140, "var": 0, "mean": 140}, "bpm": 140.080612183, "bpm_histogram_second_peak_spread": {"dmean2": 0, "median": 0.636363625526, "min": 0.636363625526, "dvar2": 0, "dvar": 0, "dmean": 0, "max": 0.636363625526, "var": 0, "mean": 0.636363625526}, "bpm_histogram_first_peak_weight": {"dmean2": 0, "median": 0.0669642835855, "min": 0.0669642835855, "dvar2": 0, "dvar": 0, "dmean": 0, "max": 0.0669642835855, "var": 0, "mean": 0.0669642835855}, "onset_rate": 0.312920689583, "beats_position": [0.487619042397, 0.99845802784, 1.49768710136, 1.99691605568, 2.49614500999, 3.00698399544, 3.51782298088, 4.02866220474, 4.53950119019, 5.05034017563, 5.54956912994, 6.06040811539, 6.5596370697, 7.05886602402, 7.51165533066, 7.96444416046, 8.4172334671, 8.91646194458, 9.4040813446, 9.89170074463, 10.379319191, 10.8785486221, 11.3777770996, 11.8770065308, 12.2485256195, 12.6200447083, 12.9915647507, 13.3630838394, 13.722992897, 14.0829019547, 14.4428119659, 14.8027210236, 15.1742401123, 15.545759201, 15.9172782898, 16.2887973785, 16.6719264984, 17.0666656494, 17.4614048004, 17.9025840759, 18.3321533203, 18.7617225647, 19.1912918091, 19.6208610535, 20.0504302979, 20.4799995422, 20.8863487244, 21.2926979065, 21.6874370575, 22.0937862396, 22.5001354218, 22.8948745728, 23.3012237549, 23.6959629059, 24.102312088, 24.5086612701, 24.9266204834, 25.3329696655, 25.7277088165, 26.1224479675, 26.5171871185, 26.8770961761, 27.2370071411, 27.5853061676, 27.9336051941, 28.2819042206, 28.6418132782, 29.0017223358, 29.3616313934, 29.7563705444, 30.1511096954, 30.5458488464, 30.9289798737, 31.3121089935, 31.6952381134, 32.0783653259, 32.4731063843, 32.8678436279, 33.2625846863, 33.6457138062, 34.0404510498, 34.4700202942, 34.8995895386, 35.3175506592, 35.7355079651, 36.1534690857, 36.5714263916, 36.9893875122, 37.4653968811, 37.94140625, 38.4174156189, 38.9050331116, 39.3810424805, 39.8570518494, 40.3330612183, 40.8090705872, 41.2966880798, 41.7726974487, 42.2603149414, 42.7479362488, 43.1658935547, 43.5838546753, 44.0018119812, 44.4197731018, 44.8493423462, 45.2672996521, 45.6968688965, 46.1148300171, 46.532787323, 46.9507484436, 47.3570976257, 47.7402267456, 48.1233558655, 48.5064849854, 48.8896141052, 49.2727432251, 49.6442604065, 50.0157814026, 50.3873023987, 50.7588195801, 51.1419487, 51.5250778198, 51.8965988159, 52.2681159973, 52.6396369934, 53.0111541748, 53.4987754822, 53.9863929749, 54.4740142822, 54.9616317749, 55.3912010193, 55.8207702637, 56.2503395081, 56.6915168762, 57.1326980591, 57.5738754272, 58.0034446716, 58.4214057922, 58.8393630981, 59.2573242188, 59.6985015869, 60.1396827698, 60.5808601379, 61.0220413208, 61.463218689, 61.9043960571, 62.34557724, 62.7867546082, 63.227935791, 63.6691131592, 64.0870742798, 64.5050354004, 64.9229888916, 65.3525619507, 65.7589111328, 66.1652603149, 66.5716094971, 67.0243988037, 67.4771881104, 67.929977417, 68.4408187866, 68.9516525269, 69.4624938965, 70.0429916382, 70.6234893799, 71.2039871216, 71.7844848633, 72.3649902344, 72.9454879761, 73.5259857178, 74.1064834595, 74.6405410767, 75.1745986938, 75.7086639404, 76.1962814331, 76.6838989258, 77.1715164185, 77.6591339111, 78.1467590332, 78.6343765259, 79.1800460815, 79.7257156372, 80.3178253174, 80.9099273682, 81.5020370483, 82.08253479, 82.6630401611, 83.2435379028, 83.8240356445, 84.4045333862, 84.9850311279, 85.5655288696, 86.1576385498, 86.7381362915, 87.3070297241, 87.8875274658, 88.4680252075, 89.0485229492, 89.6290206909, 90.2095184326, 90.7784118652, 91.3589096069, 91.9394073486, 92.4734649658, 93.0075302124, 93.5415878296, 94.0756454468, 94.5980911255, 95.1205444336, 95.6429901123, 96.1654434204, 96.6878890991, 97.2103347778, 97.7327880859, 98.3016738892, 98.8705673218, 99.439453125, 100.008346558, 100.577232361, 101.157730103, 101.738227844, 102.318725586, 102.783126831, 103.247528076, 103.711929321, 104.176322937, 104.629112244, 105.093513489, 105.557914734, 106.02230835, 106.486709595, 106.939498901, 107.392288208, 107.845077515, 108.297866821, 108.727432251, 109.15700531, 109.598182678, 110.039360046, 110.480545044, 110.921722412, 111.36289978, 111.804077148, 112.256866455, 112.709655762, 113.290153503, 113.870658875, 114.439544678, 115.008430481, 115.577323914, 116.146209717, 116.715103149, 117.283988953, 117.852874756, 118.421768188, 118.990653992, 119.559547424, 120.140045166, 120.708930969, 121.277824402, 121.846710205, 122.403991699, 122.961265564, 123.518547058, 124.075828552, 124.644714355, 125.20199585, 125.747665405, 126.293327332, 126.838996887, 127.384666443, 127.907119751, 128.42956543, 128.94039917, 129.462860107, 129.985305786, 130.507751465, 131.030197144, 131.552658081, 132.07510376, 132.597549438, 133.119995117, 133.642440796, 134.176498413, 134.710571289, 135.244628906, 135.778686523, 136.312744141, 136.846801758, 137.380859375, 137.914916992, 138.507034302, 139.110748291, 139.702850342, 140.294967651, 140.887069702, 141.467575073, 142.048065186, 142.628570557, 143.127792358, 143.627029419, 144.114639282, 144.63710022, 145.159545898, 145.635559082, 146.111557007, 146.58757019, 147.063583374, 147.516372681, 147.980773926, 148.445159912, 148.886352539, 149.327529907, 149.768707275, 150.233108521, 150.697509766, 151.161895752, 151.637908936, 152.113922119, 152.589935303, 153.065933228, 153.541946411, 154.017959595, 154.48236084, 154.946762085, 155.42276001, 155.898773193, 156.421218872, 156.943664551, 157.477722168, 157.942123413, 158.406524658, 158.870925903, 159.370162964, 159.880996704, 160.380218506, 160.891067505, 161.401901245, 161.912734985, 162.423583984, 162.934417725, 163.514923096, 164.095413208, 164.675918579, 165.151931763, 165.627929688, 166.103942871, 166.579956055, 167.055953979, 167.531967163, 168.007980347, 168.472381592, 168.936782837, 169.401168823, 169.877182007, 170.35319519, 170.829208374, 171.20072937, 171.572235107, 171.943756104, 172.3152771, 172.698410034, 173.093154907, 173.487884521, 173.952285767, 174.416687012, 174.869476318, 175.333877563, 175.798278809, 176.262680054, 176.715454102, 177.168243408, 177.632644653, 178.097045898, 178.573059082, 179.049072266, 179.52507019, 180.047531128, 180.558364868, 181.069198608, 181.614868164, 182.16053772, 182.717819214, 183.240264893, 183.762710571, 184.285171509, 184.807617188, 185.330062866, 185.852508545, 186.363357544, 186.874191284, 187.385025024, 187.895874023, 188.406707764, 189.010421753, 189.602539063, 190.194641113, 190.798370361, 191.402084351, 191.994186401, 192.586303711, 193.178405762, 193.724075317, 194.269744873, 194.815414429, 195.361083984, 195.90675354, 196.440811157, 196.974868774, 197.508926392, 198.089431763, 198.669921875, 199.285263062, 199.900588989, 200.515914917, 201.131240845, 201.746566772, 202.350296021, 202.95401001, 203.557723999, 204.184661865, 204.811599731, 205.438537598, 206.065490723, 206.68081665, 207.307754517, 207.934692383, 208.503585815, 209.072463989, 209.664581299, 210.25668335, 210.848800659, 211.371246338, 211.905303955, 212.439361572, 212.938583374, 213.437820435, 213.995101929, 214.540771484, 215.08644104, 215.632110596, 216.177780151, 216.723449707, 217.269119263, 217.81477356, 218.360443115, 218.906112671, 219.451782227, 219.997451782, 220.543121338, 221.077178955, 221.634460449, 222.191741943, 222.749023438, 223.294692993, 223.840362549, 224.386032104, 224.827209473, 225.256774902, 225.686340332, 226.092697144, 226.499038696, 226.917007446, 227.323348999, 227.752914429, 228.182495117, 228.623672485, 229.064849854, 229.494415283, 229.923980713, 230.353561401, 230.783126831, 231.201080322, 231.630645752, 232.06022644, 232.48979187, 232.9193573, 233.41859436, 233.917816162, 234.417053223, 234.939498901, 235.46194458, 235.97277832, 236.495239258, 237.017684937, 237.551742554, 238.085800171, 238.60824585, 239.142303467, 239.664764404, 240.187210083, 240.709655762, 241.243713379, 241.777770996, 242.25378418, 242.729797363, 243.205795288, 243.69342041, 244.064941406, 244.436462402, 244.807983398, 245.179489136, 245.539413452, 245.89932251, 246.270828247, 246.630737305, 246.990646362, 247.35055542, 247.710464478, 248.081985474, 248.45350647, 248.825027466, 249.196548462, 249.568069458, 249.962814331, 250.357543945, 250.752288818, 251.135421753, 251.483718872, 251.832015991, 252.18031311, 252.528610229, 252.876907349, 253.213607788, 253.561904907, 253.910202026, 254.246887207, 254.595184326, 254.943481445, 255.280181885, 255.616867065, 255.953552246, 256.301849365, 256.638549805, 256.986846924, 257.346740723, 257.706665039, 258.066558838, 258.414855957, 258.763183594, 259.111480713, 259.459777832, 259.808074951, 260.15637207, 260.516265869, 260.876190186, 261.224487305, 261.572784424, 261.93270874, 262.292602539, 262.652526855, 263.035644531, 263.39553833, 263.755462646, 264.126983643, 264.568145752, 265.020935059, 265.473724365, 265.914916992, 266.367706299, 266.820495605, 267.284881592, 267.726074219, 268.167236328, 268.620025635, 269.072814941, 269.525604248, 269.966796875, 270.407989502, 270.849151611, 271.301940918, 271.754730225, 272.253967285, 272.764801025, 273.275634766, 273.82131958, 274.366973877, 274.912658691, 275.388671875, 275.864654541, 276.340667725, 276.805084229, 277.269470215, 277.733886719, 278.209869385, 278.685882568, 279.161895752, 279.545043945, 279.916534424, 280.299682617, 280.682800293, 281.065948486, 281.437469482, 281.808959961, 282.180480957, 282.56362915, 282.946746826, 283.32989502, 283.713012695, 284.096130371, 284.479278564, 284.86239624, 285.326782227, 285.779571533, 286.23236084, 286.685150146, 287.114746094, 287.544311523, 287.973876953, 288.391845703, 288.809783936, 289.227752686, 289.657318115, 290.086883545, 290.516448975, 290.946014404, 291.375610352, 291.805175781, 292.234741211, 292.664306641, 293.082275391, 293.488616943, 293.894958496, 294.301300049, 294.719268799, 295.137237549, 295.555175781, 295.973144531, 296.391113281, 296.809051514, 297.227020264, 297.644989014, 298.062927246, 298.480895996, 298.898864746, 299.328430176, 299.746398926, 300.164337158, 300.593902588, 301.023498535, 301.453063965, 301.871002197, 302.288970947, 302.718536377, 303.148101807, 303.484802246, 303.821502686, 304.158172607, 304.494873047, 304.831573486, 305.168243408, 305.504943848, 305.84161377, 306.271209717, 306.700775146, 307.130340576, 307.559906006, 307.977874756, 308.395812988, 308.813781738, 309.185302734, 309.55682373, 309.928344727, 310.299865723, 310.729431152, 311.158996582, 311.588562012, 312.076171875, 312.563812256, 313.051422119, 313.539031982, 314.038269043, 314.537506104, 315.036743164, 315.535949707, 316.023590088, 316.511199951, 316.975585938, 317.440002441, 317.904388428, 318.357177734, 318.821594238, 319.285980225, 319.738769531, 320.191558838, 320.644348145, 321.120361328, 321.596374512, 322.083984375, 322.652862549, 323.22177124, 323.790649414, 324.359527588, 324.928436279, 325.497314453, 326.066192627, 326.635101318, 327.192382813, 327.749664307, 328.306945801, 328.864196777, 329.421478271, 329.978759766, 330.53604126, 331.093322754, 331.639007568, 332.184661865, 332.73034668, 333.2527771, 333.775238037, 334.367340088, 334.947845459, 335.52835083, 336.108825684, 336.689331055, 337.269836426, 337.850341797, 338.430847168, 339.022949219, 339.60345459, 340.183929443, 340.717987061, 341.252044678, 341.786102295, 342.308563232, 342.84262085, 343.35345459, 343.85269165, 344.351928711, 344.851135254, 345.350372314, 345.849609375, 346.348846436, 346.859680176, 347.358917236, 347.904571533, 348.450256348, 348.995910645, 349.553192139, 350.110473633, 350.667755127, 351.201812744, 351.735870361, 352.316375732, 352.896850586, 353.477355957, 354.046264648, 354.615142822, 355.195648193, 355.776153564, 356.368255615, 356.867462158, 357.378326416, 357.877532959, 358.307098389, 358.736694336, 359.166259766, 359.595825195, 360.025390625, 360.466583252, 360.896148682, 361.279266357, 361.662384033, 362.045532227, 362.428649902, 362.811798096, 363.194915771, 363.578033447, 363.949554443, 364.321075439, 364.692596436, 365.064117432, 365.447235107, 365.783935547, 366.120635986, 366.457305908, 366.794006348, 367.130706787, 367.455780029, 367.780853271, 368.105926514, 368.430999756, 368.756103516, 369.081176758, 369.40625, 369.731323242, 370.068023682, 370.404724121, 370.741394043, 371.078094482, 371.426391602, 371.774688721, 372.12298584, 372.471282959, 372.819580078, 373.167877197, 373.516174316, 373.864471436, 374.212768555, 374.584289551, 374.967437744, 375.35055542, 375.722076416, 376.093597412, 376.476715088, 376.859863281, 377.242980957, 377.672546387, 378.102111816, 378.531707764, 379.019317627, 379.50692749, 379.994537354, 380.493774414, 380.993011475, 381.480621338, 381.968261719, 382.455871582, 382.943481445, 383.431091309, 383.907104492, 384.383117676, 384.859130859, 385.288696289, 385.718261719, 386.147827148, 386.496124268, 386.844451904, 387.192749023, 387.541046143, 387.877716064, 388.214416504, 388.562713623, 388.899414063, 389.236083984, 389.584381104, 389.921081543, 390.257781982, 390.594451904, 390.931152344, 391.267852783, 391.604522705, 391.952819824, 392.382385254, 392.811950684, 393.241546631, 393.810424805, 394.356079102, 394.913360596, 395.505493164, 396.097595215, 396.689697266, 397.24697876, 397.804260254, 398.361541748, 398.918823242, 399.487701416, 400.103027344, 400.718353271, 401.333679199, 401.949005127, 402.564361572, 403.1796875, 403.795013428, 404.421936035, 405.04888916, 405.687438965, 406.291137695, 406.906463623, 407.521820068, 408.137145996, 408.764068604, 409.391021729, 410.017944336, 410.528778076, 411.028015137, 411.527252197, 412.038085938, 412.548919678, 413.048156738, 413.558990479, 414.069824219, 414.580657959, 415.021850586, 415.451416016, 415.892608643, 416.310546875, 416.728515625, 417.158081055, 417.576049805, 418.005615234, 418.423583984, 418.841522217, 419.259490967, 419.689056396, 420.107025146, 420.536590576, 420.931335449, 421.314453125, 421.709197998, 422.045898438, 422.382568359, 422.719268799, 423.067565918, 423.415863037, 423.752563477, 424.089233398, 424.437530518, 424.774230957, 425.110931396, 425.436004639, 425.761077881, 426.086151123, 426.52734375, 426.968505859, 427.409698486, 427.850891113, 428.350097656, 428.849334717, 429.348571777, 429.84777832, 430.347015381, 430.846252441, 431.357086182, 431.867919922, 432.367156982, 432.866394043, 433.365600586, 433.876464844, 434.387298584, 434.898132324, 435.408966064, 435.826934814, 436.244903564, 436.662841797, 437.04598999, 437.429107666, 437.812225342, 438.195373535, 438.613311768, 439.031280518, 439.449249268, 439.85559082, 440.27355957, 440.679901123, 441.086242676, 441.504211426, 441.898956299, 442.305297852, 442.711639404, 443.106384277, 443.50112915, 443.895874023, 444.290618896, 444.813049316, 445.347106934, 445.916015625, 446.496490479, 447.07699585, 447.657501221, 448.226379395, 448.795288086, 449.375762939, 449.956268311, 450.583221436, 451.198547363, 451.813873291, 452.429199219, 453.044525146, 453.555358887, 454.077819824, 454.600250244, 455.122711182, 455.633544922, 456.144378662, 456.678436279, 457.212493896, 457.769775391, 458.327056885, 458.884338379, 459.45324707, 460.010498047, 460.567779541, 461.101837158, 461.635894775, 462.216400146, 462.796905518, 463.365783691, 463.934692383, 464.503570557, 465.084075928, 465.641357422, 466.210235596, 466.628204346, 467.046173096, 467.464111328, 467.882080078, 468.311645508, 468.741210938, 469.159179688, 469.600341797, 470.041534424, 470.482727051, 470.92388916, 471.365081787, 471.806243896, 472.247436523, 472.816314697, 473.385192871, 473.954101563, 474.534606934, 475.115081787, 475.742034912, 476.36895752, 476.995910645, 477.553192139, 478.110473633, 478.667755127, 479.225036621, 479.782318115, 480.351196289, 480.920074463, 481.488983154, 482.057861328, 482.626739502, 483.160797119, 483.683258057, 484.205718994, 484.809417725, 485.413146973, 486.016876221, 486.608978271, 487.201080322, 487.793182373, 488.385284424, 488.989013672, 489.581115723, 490.173248291, 490.776947021, 491.38067627, 491.914733887, 492.448791504, 492.982849121, 493.516906738, 494.039367676, 494.573425293, 495.095855713, 495.61831665, 496.14074707, 496.732879639, 497.324981689, 497.928710938, 498.532409668, 499.136138916, 499.739868164, 500.343566895, 500.947296143, 501.539398193, 502.131500244, 502.723632813, 503.315734863, 503.896240234, 504.465118408, 505.033996582, 505.602905273, 506.171783447, 506.740661621, 507.228302002, 507.715911865, 508.215148926, 508.667938232, 509.120727539, 509.573516846, 510.026306152, 510.490692139, 510.955078125, 511.442718506, 511.930328369, 512.41796875, 512.893981934, 513.369995117, 513.845947266, 514.321960449, 514.797973633, 515.273986816, 515.831298828, 516.400146484, 516.969055176, 517.549560547, 518.130065918, 518.757019043, 519.383911133, 520.010864258, 520.649414063, 521.287963867, 521.903320313, 522.518615723, 523.203613281, 523.88861084, 524.573608398, 525.258605957, 525.943603516, 526.640197754, 527.325134277, 528.021728516, 528.718383789, 529.403320313, 530.088317871, 530.784912109, 531.481506348, 532.178100586, 532.874755859, 533.582946777, 534.279541016, 534.987731934, 535.695983887, 536.404174805, 537.112365723, 537.820556641, 538.540405273, 539.260192871], "beats_loudness": {"dmean2": 0.0361163839698, "median": 0.0118296006694, "min": 1.92975062419e-06, "dvar2": 0.00771797960624, "dvar": 0.0029912465252, "dmean": 0.0231271032244, "max": 0.857276797295, "var": 0.00556384259835, "mean": 0.0359923392534}, "danceability": 0.762027144432, "bpm_histogram_second_peak_weight": {"dmean2": 0, "median": 0.0571428574622, "min": 0.0571428574622, "dvar2": 0, "dvar": 0, "dmean": 0, "max": 0.0571428574622, "var": 0, "mean": 0.0571428574622}, "beats_count": 1121, "bpm_histogram_second_peak_bpm": {"dmean2": 0, "median": 103, "min": 103, "dvar2": 0, "dvar": 0, "dmean": 0, "max": 103, "var": 0, "mean": 103}, "bpm_histogram_first_peak_spread": {"dmean2": 0, "median": 0.596774220467, "min": 0.596774220467, "dvar2": 0, "dvar": 0, "dmean": 0, "max": 0.596774220467, "var": 0, "mean": 0.596774220467}, "beats_loudness_band_ratio": {"dmean2": [0.254433572292, 0.204848825932, 0.0550700426102, 0.00218343338929, 0.00347535870969, 0.0845949947834], "median": [0.757304131985, 0.18064840138, 0.0283535886556, 0.000914229021873, 0.00129656738136, 0.0640946775675], "min": [0.0499742738903, 0.000137709881528, 0.000954942253884, 0.000171443127329, 0.000232554681133, 0.014295373112], "dvar2": [0.0396735109389, 0.0244429130107, 0.00259620137513, 3.17236008414e-05, 8.64589383127e-05, 0.0160774663091], "dvar": [0.0137633830309, 0.008271089755, 0.000915476877708, 1.14132953968e-05, 3.21298539347e-05, 0.00608755135909], "dmean": [0.147067412734, 0.117887824774, 0.0307437591255, 0.00122043734882, 0.00196545035578, 0.048629976809], "max": [0.958081424236, 0.585272669792, 0.239597126842, 0.0350135006011, 0.0584034472704, 0.83964496851], "var": [0.0189704690129, 0.0113359810784, 0.000912184186745, 7.8822422438e-06, 2.41454836214e-05, 0.00560015253723], "mean": [0.726796329021, 0.200964972377, 0.0374927558005, 0.00146416923963, 0.00226385612041, 0.0798220783472]}}, "lowlevel": {"barkbands_spread": {"dmean2": 18.6765651703, "median": 25.8529205322, "min": 3.17166900635, "dvar2": 231.886550903, "dvar": 87.2042541504, "dmean": 11.1396865845, "max": 123.185943604, "var": 264.498596191, "mean": 29.3530464172}, "melbands_spread": {"dmean2": 7.24818658829, "median": 7.13851261139, "min": 1.10907781124, "dvar2": 126.230476379, "dvar": 55.2016334534, "dmean": 4.3866724968, "max": 260.292541504, "var": 184.763626099, "mean": 9.57183933258}, "hfc": {"dmean2": 4.05736780167, "median": 8.40347576141, "min": 1.16973066259e-16, "dvar2": 78.385559082, "dvar": 27.1890392303, "dmean": 2.40899085999, "max": 396.754211426, "var": 1371.89868164, "mean": 21.8101348877}, "barkbands_kurtosis": {"dmean2": 12.633895874, "median": 9.80790328979, "min": -1.88910710812, "dvar2": 139.856842041, "dvar": 51.576374054, "dmean": 7.43815565109, "max": 95.5929031372, "var": 72.107131958, "mean": 11.5755062103}, "gfcc": {"mean": [-61.875869751, 20.5339832306, 8.19881725311, 64.705909729, -58.0289382935, 3.85592985153, -42.5776748657, -4.20763492584, -26.5748386383, 20.8334178925, -9.59805679321, 8.18601989746, -6.74610471725], "icov": [[0.000243160116952, -0.000234284321778, 0.000551770615857, -0.00117464584764, 0.00160498556215, -0.00140752794687, 0.001013396075, -0.00108588021249, 0.00106133031659, -0.000905988854356, 0.000693245092407, -0.000419968593633, 0.000241628018557], [-0.000234284321778, 0.0380380228162, -0.043926730752, 0.0126361744478, -0.00208567944355, -0.00126734375954, 0.00360202323645, 0.000922204286326, 0.000456591544207, -0.00267797359265, 0.000762038514949, -0.00340654421598, 0.001433088677], [0.000551770615857, -0.043926730752, 0.0944341644645, -0.0625409856439, 0.0225767735392, -0.00715637486428, -0.000741798838135, -0.00113209884148, -0.000510309182573, 0.0012978638988, -0.00159821182024, 0.0015145567013, -0.00103310588747], [-0.00117464584764, 0.0126361744478, -0.0625409856439, 0.0816224738955, -0.0350059270859, 0.00422638468444, 0.0074921855703, -0.0118246683851, 0.0170060396194, -0.0212197247893, 0.0160613525659, -0.00658009760082, 0.00309158628806], [0.00160498556215, -0.00208567944355, 0.0225767735392, -0.0350059270859, 0.0586088299751, -0.0377052351832, 0.00206503015943, 0.00987528543919, -0.0254123490304, 0.0305701009929, -0.0202896799892, 0.00981292594224, -0.00262675108388], [-0.00140752794687, -0.00126734375954, -0.00715637486428, 0.00422638468444, -0.0377052351832, 0.0877958610654, -0.0567149706185, 0.0164946913719, 0.00685709761456, -0.016931084916, 0.0129356840625, -0.0046859565191, 0.00150129385293], [0.001013396075, 0.00360202323645, -0.000741798838135, 0.0074921855703, 0.00206503015943, -0.0567149706185, 0.0997450277209, -0.0637477338314, 0.019110918045, 0.0012362706475, -0.00545901199803, 0.00297877634875, -0.00168471294455], [-0.00108588021249, 0.000922204286326, -0.00113209884148, -0.0118246683851, 0.00987528543919, 0.0164946913719, -0.0637477338314, 0.10811188072, -0.0674658864737, 0.0248362515122, -0.00796628277749, 0.00144799693953, -0.00261984253302], [0.00106133031659, 0.000456591544207, -0.000510309182573, 0.0170060396194, -0.0254123490304, 0.00685709761456, 0.019110918045, -0.0674658864737, 0.108871027827, -0.0671101436019, 0.0253319554031, -0.011364325881, 0.0044819386676], [-0.000905988854356, -0.00267797359265, 0.0012978638988, -0.0212197247893, 0.0305701009929, -0.016931084916, 0.0012362706475, 0.0248362515122, -0.0671101436019, 0.106949277222, -0.0710919722915, 0.0297963805497, -0.0124703953043], [0.000693245092407, 0.000762038514949, -0.00159821182024, 0.0160613525659, -0.0202896799892, 0.0129356840625, -0.00545901199803, -0.00796628277749, 0.0253319554031, -0.0710919722915, 0.118217974901, -0.077559016645, 0.0291398055851], [-0.000419968593633, -0.00340654421598, 0.0015145567013, -0.00658009760082, 0.00981292594224, -0.0046859565191, 0.00297877634875, 0.00144799693953, -0.011364325881, 0.0297963805497, -0.077559016645, 0.119776770473, -0.06031505391], [0.000241628018557, 0.001433088677, -0.00103310588747, 0.00309158628806, -0.00262675108388, 0.00150129385293, -0.00168471294455, -0.00261984253302, 0.0044819386676, -0.0124703953043, 0.0291398055851, -0.06031505391, 0.0793369933963]], "cov": [[9831.84960938, 649.911315918, 632.408691406, 459.213500977, -368.704559326, 7.35867547989, -130.211654663, -4.35676336288, -96.1837005615, 210.955551147, -18.339756012, 32.0537719727, 3.09843397141], [649.911315918, 153.946502686, 128.167938232, 81.6658630371, -27.4508094788, 4.3052482605, -14.6167325974, -1.69298827648, -6.05313062668, 29.8001155853, 3.61793541908, 7.6136007309, 1.8551967144], [632.408691406, 128.167938232, 131.25958252, 89.7301254272, -22.0054512024, 7.86570644379, -10.4730510712, 1.19993627071, -5.52466917038, 28.337556839, 1.59657514095, 5.64546394348, 1.38302743435], [459.213500977, 81.6658630371, 89.7301254272, 81.4590759277, 1.42468166351, 14.6278657913, -1.95381629467, 4.2394733429, -2.34329843521, 19.5606155396, -0.377942234278, 2.51896953583, 0.250103294849], [-368.704559326, -27.4508094788, -22.0054512024, 1.42468166351, 63.5033874512, 29.9825344086, 24.8617172241, 10.1373577118, 10.6949796677, -11.6835012436, 0.355815440416, -2.88464045525, -1.08977282047], [7.35867547989, 4.3052482605, 7.86570644379, 14.6278657913, 29.9825344086, 39.5318489075, 27.4670448303, 12.5092258453, 5.87703561783, 1.43998324871, 0.246482670307, -0.473982185125, 0.116652831435], [-130.211654663, -14.6167325974, -10.4730510712, -1.95381629467, 24.8617172241, 27.4670448303, 39.9047660828, 23.3779525757, 11.6454906464, -1.59261953831, 2.19484639168, 0.397159010172, 1.11066532135], [-4.35676336288, -1.69298827648, 1.19993627071, 4.2394733429, 10.1373577118, 12.5092258453, 23.3779525757, 32.0714416504, 20.4866352081, 7.45588874817, 4.63015842438, 3.01706504822, 2.15634584427], [-96.1837005615, -6.05313062668, -5.52466917038, -2.34329843521, 10.6949796677, 5.87703561783, 11.6454906464, 20.4866352081, 31.9974346161, 17.2957706451, 9.94196224213, 4.59988451004, 2.34472250938], [210.955551147, 29.8001155853, 28.337556839, 19.5606155396, -11.6835012436, 1.43998324871, -1.59261953831, 7.45588874817, 17.2957706451, 39.0602684021, 19.9821205139, 9.94751167297, 3.61004376411], [-18.339756012, 3.61793541908, 1.59657514095, -0.377942234278, 0.355815440416, 0.246482670307, 2.19484639168, 4.63015842438, 9.94196224213, 19.9821205139, 28.9736213684, 17.2697486877, 5.29920244217], [32.0537719727, 7.6136007309, 5.64546394348, 2.51896953583, -2.88464045525, -0.473982185125, 0.397159010172, 3.01706504822, 4.59988451004, 9.94751167297, 17.2697486877, 24.9575862885, 13.6961374283], [3.09843397141, 1.8551967144, 1.38302743435, 0.250103294849, -1.08977282047, 0.116652831435, 1.11066532135, 2.15634584427, 2.34472250938, 3.61004376411, 5.29920244217, 13.6961374283, 21.5272369385]]}, "spectral_energyband_middle_low": {"dmean2": 0.0102972155437, "median": 0.0040272353217, "min": 2.96959152571e-22, "dvar2": 0.000631645496469, "dvar": 0.000212397135329, "dmean": 0.00593714043498, "max": 0.539396524429, "var": 0.000537245417945, "mean": 0.011684213765}, "melbands_crest": {"dmean2": 7.23520851135, "median": 16.238992691, "min": 2.02360749245, "dvar2": 28.0121440887, "dvar": 9.83999729156, "dmean": 4.26329803467, "max": 29.4419307709, "var": 16.0300159454, "mean": 16.4197978973}, "spectral_kurtosis": {"dmean2": 0.300718486309, "median": 0.379691660404, "min": -1.28882598877, "dvar2": 0.0610270947218, "dvar": 0.0219873078167, "dmean": 0.17561969161, "max": 2.78033590317, "var": 0.0504010207951, "mean": 0.414851903915}, "spectral_rms": {"dmean2": 0.00194070534781, "median": 0.00353777687997, "min": 3.19868610765e-12, "dvar2": 6.27868030278e-06, "dvar": 2.23053348236e-06, "dmean": 0.00115492311306, "max": 0.041137598455, "var": 1.56379228429e-05, "mean": 0.00456304475665}, "zerocrossingrate": {"dmean2": 0.0277210976928, "median": 0.09375, "min": 0.01513671875, "dvar2": 0.000488418969326, "dvar": 0.000300018757116, "dmean": 0.0207250919193, "max": 0.50634765625, "var": 0.00246146414429, "mean": 0.10150296241}, "silence_rate_60dB": {"dmean2": 0.0646659210324, "median": 0, "min": 0, "dvar2": 0.0753571167588, "dvar": 0.0312822684646, "dmean": 0.0323315709829, "max": 1, "var": 0.182935282588, "mean": 0.240971624851}, "erbbands_kurtosis": {"dmean2": 1.05364096165, "median": -1.38812243938, "min": -1.82882726192, "dvar2": 1.04161810875, "dvar": 0.375588178635, "dmean": 0.598607182503, "max": 4.87963962555, "var": 0.463741660118, "mean": -1.1642844677}, "erbbands": {"dmean2": [0.331935822964, 6.49885845184, 12.6457080841, 12.015042305, 21.032459259, 5.49425649643, 18.6840305328, 48.1705055237, 26.9799938202, 2.46860098839, 0.485236555338, 0.323261886835, 0.142839595675, 0.232360616326, 0.243598535657, 0.168038457632, 0.232985541224, 0.255472838879, 0.260161668062, 0.131692573428, 0.290273070335, 0.271391540766, 0.439200401306, 0.277802079916, 0.980734527111, 1.34600484371, 3.6600894928, 5.0055975914, 3.4038734436, 1.69145917892, 1.88964343071, 1.51005530357, 1.61459732056, 1.43273890018, 1.06281757355, 0.568126916885, 0.154905647039, 0.0127433119342, 0.00297588249668, 0.000246188690653], "median": [0.0628484487534, 1.09033584595, 2.36812210083, 2.70990228653, 3.91867208481, 1.56202626228, 4.26937007904, 11.4052839279, 6.57642364502, 0.779000401497, 0.169040828943, 0.100145697594, 0.0533050224185, 0.0773503035307, 0.0920850485563, 0.0690