{"tonal": {"thpcp": [1, 0.7567923069, 0.455443114042, 0.407543718815, 0.366676211357, 0.35034507513, 0.361223101616, 0.353215008974, 0.3619107306, 0.439560860395, 0.491520017385, 0.481519043446, 0.413865953684, 0.327224761248, 0.283677905798, 0.276385962963, 0.3005438447, 0.365284204483, 0.537575602531, 0.694710731506, 0.737299501896, 0.699909865856, 0.60070836544, 0.521251261234, 0.466032892466, 0.468971163034, 0.503493130207, 0.438498318195, 0.332291156054, 0.33369666338, 0.514704823494, 0.82425069809, 0.894822597504, 0.665045380592, 0.475031495094, 0.69261354208], "hpcp": {"dmean2": [0.237379878759, 0.197253376245, 0.176565095782, 0.171439170837, 0.170791521668, 0.216506898403, 0.299101531506, 0.350981026888, 0.385465979576, 0.405155539513, 0.341620653868, 0.315594494343, 0.29016160965, 0.265699267387, 0.275870889425, 0.262836933136, 0.233506605029, 0.231067880988, 0.291154652834, 0.340474337339, 0.364021420479, 0.333401352167, 0.276539951563, 0.362997204065, 0.533911883831, 0.355855762959, 0.22186589241, 0.206680744886, 0.193395122886, 0.191490918398, 0.207301527262, 0.210654348135, 0.204903289676, 0.23548604548, 0.260189980268, 0.25589582324], "median": [0.0448024831712, 0.0345567762852, 0.029614303261, 0.0295893251896, 0.0343444310129, 0.0422269329429, 0.052649192512, 0.0645840167999, 0.0775882974267, 0.0777213200927, 0.070297665894, 0.0471661239862, 0.0479665398598, 0.0492074340582, 0.049634963274, 0.0434300899506, 0.0349525026977, 0.0290562119335, 0.0536107197404, 0.110009245574, 0.13588604331, 0.0979880318046, 0.0595246180892, 0.0907633006573, 0.108686774969, 0.10577879101, 0.0512956529856, 0.0465077571571, 0.0410560630262, 0.0357032231987, 0.0411256849766, 0.0447758287191, 0.0499609149992, 0.0579479411244, 0.0627361387014, 0.0545457601547], "min": [0, 0, 0, 0, 0, 0, 0, 0, 0, 0, 0, 0, 0, 0, 0, 0, 0, 0, 0, 0, 0, 0, 0, 0, 0, 0, 0, 0, 0, 0, 0, 0, 0, 0, 0, 0], "dvar2": [0.115978114307, 0.100489832461, 0.0961906462908, 0.0905150324106, 0.0794434100389, 0.108808375895, 0.161762177944, 0.176929801702, 0.192549228668, 0.202783986926, 0.161590278149, 0.170548588037, 0.155527189374, 0.145040854812, 0.155809164047, 0.151046544313, 0.14392516017, 0.135236531496, 0.146295621991, 0.145534068346, 0.149894788861, 0.136663347483, 0.133867204189, 0.137636303902, 0.283367305994, 0.127130627632, 0.0980580449104, 0.0891044214368, 0.0849209427834, 0.0850790515542, 0.0901364907622, 0.0925115570426, 0.086373694241, 0.104125678539, 0.11953304708, 0.121170014143], "dvar": [0.0420422963798, 0.0358199849725, 0.0340021625161, 0.0313810929656, 0.0283815786242, 0.0386533625424, 0.05755405128, 0.0677711293101, 0.071411691606, 0.0732312574983, 0.0587879233062, 0.0650267377496, 0.0565932095051, 0.052492517978, 0.0565357133746, 0.0538855046034, 0.0498333238065, 0.0482729077339, 0.0548680685461, 0.0568634197116, 0.0571913905442, 0.0506573691964, 0.0481568425894, 0.0502530224621, 0.110820263624, 0.0477519929409, 0.0361576862633, 0.0323752090335, 0.0310413502157, 0.0327989645302, 0.03251799196, 0.0328543335199, 0.0307351052761, 0.0375055409968, 0.0431466773152, 0.0451935902238], "dmean": [0.13197337091, 0.108961522579, 0.0968114733696, 0.0940380170941, 0.0946064889431, 0.119584210217, 0.165479362011, 0.195857346058, 0.215243622661, 0.222542956471, 0.18970425427, 0.175286576152, 0.160152375698, 0.147355034947, 0.152166098356, 0.143913283944, 0.126418620348, 0.125827401876, 0.16210000217, 0.197095140815, 0.211521789432, 0.189587652683, 0.153784677386, 0.203132510185, 0.291821956635, 0.200259909034, 0.12610720098, 0.116663977504, 0.109863705933, 0.108571872115, 0.117221109569, 0.117453143001, 0.114345088601, 0.132180377841, 0.146129980683, 0.144105255604], "max": [1, 1, 1, 1, 1, 1, 1, 1, 1, 1, 1, 1, 1, 1, 1, 1, 1, 1, 1, 1, 1, 1, 1, 1, 1, 1, 1, 1, 1, 1, 1, 1, 1, 1, 1, 1], "var": [0.0388773307204, 0.02898934111, 0.0254082903266, 0.0231394637376, 0.024076199159, 0.0322512350976, 0.05967707932, 0.0853182226419, 0.0845066905022, 0.0785776525736, 0.0604116357863, 0.0626391842961, 0.049237202853, 0.0506760887802, 0.0599399842322, 0.0484163090587, 0.0341110415757, 0.0358752720058, 0.0528943575919, 0.0871559232473, 0.0898400396109, 0.057439699769, 0.0435866080225, 0.0567097701132, 0.130442723632, 0.0653630495071, 0.0410566776991, 0.0350851230323, 0.0320032946765, 0.0335677452385, 0.0292354561388, 0.0268587078899, 0.0256867576391, 0.0359107293189, 0.0430096574128, 0.0467539876699], "mean": [0.123309329152, 0.0974950119853, 0.0845204368234, 0.0823478400707, 0.0895455628633, 0.108834631741, 0.160168007016, 0.206985637546, 0.219674766064, 0.208534702659, 0.178978100419, 0.155304253101, 0.138852208853, 0.139727652073, 0.150013297796, 0.130648419261, 0.0990045145154, 0.0994232818484, 0.153353765607, 0.245581433177, 0.266607999802, 0.198146998882, 0.141533300281, 0.206360802054, 0.297945082188, 0.225482553244, 0.135697036982, 0.121425643563, 0.109249375761, 0.104383587837, 0.107624642551, 0.105238676071, 0.107829518616, 0.130964994431, 0.146445974708, 0.143466234207]}, "tuning_equal_tempered_deviation": 0.194907963276, "chords_changes_rate": 0.100793518126, "key_key": "E", "tuning_diatonic_strength": 0.427495747805, "key_scale": "major", "chords_number_rate": 0.00270133372396, "tuning_frequency": 434.193115234, "tuning_nontempered_energy_ratio": 0.876447379589, "chords_histogram": [8.28971767426, 5.43643426895, 9.48843479156, 0.35455006361, 0, 2.80263376236, 6.4494342804, 6.88840103149, 20.3106536865, 7.81698465347, 0.371433407068, 0, 1.38443350792, 2.09353375435, 4.32213401794, 1.6714502573, 10.6365013123, 2.2286002636, 0.101300016046, 0.0506500080228, 0, 0, 3.61303400993, 5.68968439102], "key_strength": 0.510101377964, "chords_key": "G#", "chords_strength": {"dmean2": 0.0164431072772, "median": 0.489045202732, "min": -1, "dvar2": 0.00081893010065, "dvar": 0.000429005769547, "dmean": 0.0128849707544, "max": 0.77632689476, "var": 0.0162307675928, "mean": 0.489686518908}, "chords_scale": "major", "hpcp_entropy": {"dmean2": 1.25323653221, "median": 2.50590920448, "min": 0, "dvar2": 0.98974353075, "dvar": 0.360066741705, "dmean": 0.743247807026, "max": 4.74185371399, "var": 0.697409629822, "mean": 2.47709608078}}, "metadata": {"audio_properties": {"equal_loudness": 0, "codec": "mp3", "downmix": "mix", "sample_rate": 44100, "analysis_sample_rate": 44100, "bit_rate": 128000, "md5_encoded": "54c3a1a66b0651a53cae29a5379509bb", "length": 274.992095947, "replay_gain": -10.7405281067, "lossless": false}, "version": {"essentia_build_sha": "ec322331fa6aaecceef5ae0ec8bb6dd0710d66ba", "essentia": "2.1-beta1", "extractor": "music 1.0", "essentia_git_sha": "v2.1_beta1-28-g21ef5f4"}, "tags": {"title": ["Listen To Your Soul"], "albumartist": ["Sub7even"], "length": ["274960"], "musicbrainz_recordingid": ["0dd9e923-8878-4db9-9280-d1401d826d8f"], "musicbrainz album artist sortname": ["Sub7even"], "taggingdate": ["2006-12-09T20:46:10"], "musicbrainz_albumartistid": ["bb993660-287a-40c4-8f98-9ca50321bd5b"], "album": ["Sub7even"], "musicbrainz album type": ["album"], "musicbrainz album status": ["official"], "file_name": "08 Listen To Your Soul.mp3", "releasedate": ["2000"], "musicbrainz album artist": ["Sub7even"], "date": ["2000"], "genre": ["Metal"], "musicip_puid": ["2e2449b5-b056-8c22-af4a-78482e740f19"], "musicbrainz non-album": ["0"], "musicbrainz_albumid": ["738de116-50af-4976-8645-93ad114d3019"], "artist": ["Sub7even"], "artistsort": ["Sub7even"], "tracknumber": ["8/13"], "musicbrainz album release country": ["DE"], "albumartistsort": ["Sub7even"], "musicbrainz_artistid": ["bb993660-287a-40c4-8f98-9ca50321bd5b"]}}, "rhythm": {"bpm_histogram_first_peak_bpm": {"dmean2": 0, "median": 91, "min": 91, "dvar2": 0, "dvar": 0, "dmean": 0, "max": 91, "var": 0, "mean": 91}, "bpm": 90.0285568237, "bpm_histogram_second_peak_spread": {"dmean2": 0, "median": 0, "min": 0, "dvar2": 0, "dvar": 0, "dmean": 0, "max": 0, "var": 0, "mean": 0}, "bpm_histogram_first_peak_weight": {"dmean2": 0, "median": 0.564476847649, "min": 0.564476847649, "dvar2": 0, "dvar": 0, "dmean": 0, "max": 0.564476847649, "var": 0, "mean": 0.564476847649}, "onset_rate": 2.44358730316, "beats_position": [0.638548731804, 1.28870749474, 1.93886613846, 2.58902478218, 3.25079369545, 3.9125623703, 4.57433080673, 5.23609972, 5.89786815643, 6.5596370697, 7.22140598297, 7.89478445053, 8.56816291809, 9.22993183136, 9.89170074463, 10.5650787354, 11.2384576797, 11.900226593, 12.5736055374, 13.235373497, 13.8971424103, 14.5589113235, 15.2206802368, 15.8824491501, 16.5558280945, 17.2292060852, 17.8909740448, 18.5527439117, 19.2261219025, 19.8994998932, 20.5728797913, 21.2346477509, 21.8964176178, 22.5697956085, 23.2431735992, 23.9049434662, 24.5667114258, 25.2400894165, 25.9134693146, 26.5752372742, 27.2370071411, 27.9103851318, 28.5721530914, 29.2339229584, 29.9073009491, 30.5806789398, 31.2540588379, 31.9158267975, 32.5892066956, 33.2509727478, 33.9127426147, 34.5745124817, 35.2478904724, 35.9096603394, 36.5714263916, 37.244808197, 37.9181861877, 38.5683441162, 39.2301139832, 39.8918800354, 40.5652618408, 41.2270278931, 41.9004058838, 42.5621757507, 43.2239456177, 43.8857116699, 44.5474815369, 45.2208595276, 45.894241333, 46.5560073853, 47.229385376, 47.9027671814, 48.5645332336, 49.2263031006, 49.8996810913, 50.5614509583, 51.2232208252, 51.8965988159, 52.5583648682, 53.2201347351, 53.8935127258, 54.5668907166, 55.2286605835, 55.8904304504, 56.5638084412, 57.2371864319, 57.8989562988, 58.5607261658, 59.2341041565, 59.8958702087, 60.5576400757, 61.2194099426, 61.8927879333, 62.5661659241, 63.227935791, 63.9013137817, 64.563079834, 65.2248535156, 65.8982315063, 66.5716094971, 67.2333755493, 67.895149231, 68.5569152832, 69.2186813354, 69.8920593262, 70.5654373169, 71.2272109985, 71.8889770508, 72.5623550415, 73.2357330322, 73.8975067139, 74.5592727661, 75.2326507568, 75.8944168091, 76.5561904907, 77.2295684814, 77.8913345337, 78.5647125244, 79.2264862061, 79.8998641968, 80.5732421875, 81.2350082397, 81.8967819214, 82.5585479736, 83.2319259644, 83.8936920166, 84.5670700073, 85.2404556274, 85.9022216797, 86.5639877319, 87.2373657227, 87.8991394043, 88.5609054565, 89.2226715088, 89.8844451904, 90.5578231812, 91.2312011719, 91.9045791626, 92.5779571533, 93.2397232056, 93.9014968872, 94.5748748779, 95.2482528687, 95.9216308594, 96.5833969116, 97.2451705933, 97.9069366455, 98.5687026978, 99.2304763794, 99.8922424316, 100.554008484, 101.227394104, 101.889160156, 102.562538147, 103.224304199, 103.886077881, 104.559455872, 105.232833862, 105.894599915, 106.567977905, 107.229751587, 107.903129578, 108.576507568, 109.249885559, 109.92326355, 110.585029602, 111.246803284, 111.908569336, 112.570335388, 113.220497131, 113.893875122, 114.567253113, 115.240631104, 115.902404785, 116.564170837, 117.22593689, 117.89931488, 118.561088562, 119.234466553, 119.896232605, 120.557998657, 121.219772339, 121.881538391, 122.554916382, 123.228294373, 123.901672363, 124.563446045, 125.225212097, 125.898590088, 126.571968079, 127.23374176, 127.895507812, 128.568893433, 129.242263794, 129.915649414, 130.577407837, 131.239181519, 131.912567139, 132.574325562, 133.236099243, 133.909469604, 134.571243286, 135.233016968, 135.906387329, 136.579772949, 137.229934692, 137.903305054, 138.576690674, 139.238449097, 139.900222778, 140.56199646, 141.235366821, 141.908752441, 142.570526123, 143.243896484, 143.905670166, 144.567428589, 145.240814209, 145.902587891, 146.564346313, 147.226119995, 147.887893677, 148.561264038, 149.234649658, 149.896408081, 150.558181763, 151.231567383, 151.904937744, 152.566711426, 153.228485107, 153.901855469, 154.56362915, 155.225387573, 155.898773193, 156.572158813, 157.245529175, 157.907302856, 158.5574646, 159.219223022, 159.880996704, 160.542770386, 161.216140747, 161.877914429, 162.539672852, 163.213058472, 163.886444092, 164.559814453, 165.233200073, 165.906570435, 166.579956055, 167.241714478, 167.903488159, 168.565261841, 169.227020264, 169.877182007, 170.550567627, 171.223937988, 171.897323608, 172.55909729, 173.220855713, 173.894241333, 174.567611694, 175.240997314, 175.902755737, 176.576141357, 177.237915039, 177.899673462, 178.561447144, 179.234832764, 179.896591187, 180.569976807, 181.243347168, 181.90512085, 182.566894531, 183.217056274, 183.867202759, 184.540588379, 185.21395874, 185.88734436, 186.549118042, 187.222488403, 187.895874023, 188.569244385, 189.231018066, 189.892791748, 190.566162109, 191.239547729, 191.912918091, 192.586303711, 193.248062134, 193.909835815, 194.571609497, 195.23336792, 195.90675354, 196.568527222, 197.241897583, 197.903671265, 198.577041626, 199.238815308, 199.912200928, 200.573959351, 201.235733032, 201.897506714, 202.570877075, 203.244262695, 203.906021118, 204.579406738, 205.24118042, 205.902938843, 206.564712524, 207.226486206, 207.888244629, 208.561630249, 209.23500061, 209.896774292, 210.558547974, 211.231918335, 211.905303955, 212.567077637, 213.22883606, 213.90222168, 214.575592041, 215.237365723, 215.899139404, 216.572509766, 217.234283447, 217.896057129, 218.557815552, 219.231201172, 219.904571533, 220.566345215, 221.228118896, 221.889877319, 222.563262939, 223.236633301, 223.898406982, 224.560180664, 225.221939087, 225.883712769, 226.557098389, 227.23046875, 227.90385437, 228.565612793, 229.227386475, 229.889160156, 230.550918579, 231.224304199, 231.897689819, 232.571060181, 233.244445801, 233.917816162, 234.579589844, 235.241363525, 235.89151001, 236.56489563, 237.238265991, 237.900039673, 238.561813354, 239.235183716, 239.908569336, 240.570343018, 241.23210144, 241.905487061, 242.578857422, 243.240631104, 243.902404785, 244.564163208, 245.22593689, 245.89932251, 246.561080933, 247.222854614, 247.896224976, 248.569610596, 249.231384277, 249.8931427, 250.554916382, 251.228302002, 251.901672363, 252.575057983, 253.236816406, 253.910202026, 254.571975708, 255.233734131, 255.907119751, 256.568878174, 257.230651855, 257.892425537, 258.554199219, 259.22756958, 259.900939941, 260.562713623, 261.224487305, 261.897857666, 262.571228027, 263.233001709, 263.894775391, 264.568145752, 265.229919434, 265.903320312, 266.565063477, 267.238464355, 267.90020752, 268.573608398, 269.23538208, 269.897125244, 270.558898926, 271.232299805, 271.894042969, 272.55581665, 273.229187012, 273.902587891, 274.575958252], "beats_loudness": {"dmean2": 0.0468744151294, "median": 0.0601996406913, "min": 3.60034724256e-10, "dvar2": 0.00189913564827, "dvar": 0.000641459017061, "dmean": 0.0269072800875, "max": 0.206835776567, "var": 0.00111724645831, "mean": 0.0622847899795}, "danceability": 1.02712750435, "bpm_histogram_second_peak_weight": {"dmean2": 0, "median": 0, "min": 0, "dvar2": 0, "dvar": 0, "dmean": 0, "max": 0, "var": 0, "mean": 0}, "beats_count": 412, "bpm_histogram_second_peak_bpm": {"dmean2": 0, "median": 0, "min": 0, "dvar2": 0, "dvar": 0, "dmean": 0, "max": 0, "var": 0, "mean": 0}, "bpm_histogram_first_peak_spread": {"dmean2": 0, "median": 0.435523092747, "min": 0.435523092747, "dvar2": 0, "dvar": 0, "dmean": 0, "max": 0.435523092747, "var": 0, "mean": 0.435523092747}, "beats_loudness_band_ratio": {"dmean2": [0.393413364887, 0.151965558529, 0.146739274263, 0.0707441866398, 0.0789494514465, 0.142576113343], "median": [0.487586021423, 0.0933695212007, 0.0797178447247, 0.0522611811757, 0.0592188984156, 0.141197949648], "min": [0.00287373969331, 0.00170134846121, 9.65489452938e-05, 4.92665421916e-05, 2.29518645938e-05, 0.00293209729716], "dvar2": [0.0695947259665, 0.0263539608568, 0.0180972535163, 0.0032951508183, 0.00396772939712, 0.0129642002285], "dvar": [0.023083044216, 0.00833611842245, 0.00656096823514, 0.00128096574917, 0.0012371505145, 0.00481945369393], "dmean": [0.215362682939, 0.085489846766, 0.0821746662259, 0.0398994684219, 0.0435696281493, 0.0806235820055], "max": [0.985946118832, 0.734707474709, 0.676464080811, 0.22636666894, 0.219669699669, 0.939804494381], "var": [0.0415564738214, 0.0132101261988, 0.00752418581396, 0.00206844671629, 0.00169832340907, 0.0084875933826], "mean": [0.492345750332, 0.125002041459, 0.10608997196, 0.0638634935021, 0.0671720579267, 0.159715041518]}}, "lowlevel": {"barkbands_spread": {"dmean2": 13.2583284378, "median": 30.3996582031, "min": 0.107425659895, "dvar2": 159.572784424, "dvar": 65.2330627441, "dmean": 8.3564786911, "max": 116.053901672, "var": 243.444732666, "mean": 31.6634292603}, "melbands_spread": {"dmean2": 9.83036422729, "median": 16.2673034668, "min": 0.101926520467, "dvar2": 107.423576355, "dvar": 46.4388923645, "dmean": 6.10248851776, "max": 195.675506592, "var": 153.367950439, "mean": 18.650182724}, "hfc": {"dmean2": 75.0274810791, "median": 185.833007812, "min": 1.1747376861e-16, "dvar2": 8096.10058594, "dvar": 3029.76171875, "dmean": 45.819393158, "max": 1317.60852051, "var": 10761.3046875, "mean": 182.547073364}, "barkbands_kurtosis": {"dmean2": 8.88925552368, "median": 4.36677789688, "min": -1.76515603065, "dvar2": 1227.27587891, "dvar": 432.10369873, "dmean": 5.36894655228, "max": 880.594848633, "var": 682.75378418, "mean": 8.46784877777}, "gfcc": {"mean": [17.8354549408, 100.902565002, -97.1599960327, 5.19788312912, -5.67581892014, -32.1406517029, 9.25024986267, -19.8258037567, 5.77102804184, -4.11479854584, -7.63421154022, -1.46638822556, -4.46837234497], "icov": [[0.000149743107613, -0.0003398329427, 0.000644959625788, -0.000634033756796, 0.000278347171843, -0.000191572791664, 0.000197077824851, -4.13118650613e-05, -0.000150589388795, -3.14653261739e-05, 0.000130918590003, 0.000132982022478, -0.000264451227849], [-0.0003398329427, 0.00522597320378, -0.00465150084347, 0.00599825615063, -0.00370443286374, 0.00273854215629, -0.00153227255214, 0.00234303157777, -0.00170774117578, 0.00380878499709, -0.00356062152423, 0.00236694025807, -0.00106550601777], [0.000644959625788, -0.00465150084347, 0.0104604586959, -0.00886878184974, 0.00506709096953, -0.00432116212323, 0.00268204230815, -0.00371338473633, 0.0013947954867, -0.00139605777804, 0.0012319793459, 0.000437908340245, -0.00043159260531], [-0.000634033756796, 0.00599825615063, -0.00886878184974, 0.0154894273728, -0.00666146446019, 0.00346691836603, -0.00458851689473, 0.00214806851, 0.00173754058778, -0.00212170532905, 0.00299357809126, -0.00351397111081, 0.00245120190084], [0.000278347171843, -0.00370443286374, 0.00506709096953, -0.00666146446019, 0.0124076642096, -0.00544144911692, -0.00118219666183, 0.00271088071167, -0.00521204946563, 0.00472393026575, -0.00601984141394, 0.00609420752153, -0.00324935326353], [-0.000191572791664, 0.00273854215629, -0.00432116212323, 0.00346691836603, -0.00544144911692, 0.00907243508846, 0.000786989927292, -0.00398661661893, 0.00296874600463, -0.000746353704017, 0.00122376298532, -0.00361563079059, 0.000684929138515], [0.000197077824851, -0.00153227255214, 0.00268204230815, -0.00458851689473, -0.00118219666183, 0.000786989927292, 0.0105502624065, -0.000864213739987, -0.00290555483662, -0.000856224738527, 0.0058162342757, -0.00591633561999, 0.00094499415718], [-4.13118650613e-05, 0.00234303157777, -0.00371338473633, 0.00214806851, 0.00271088071167, -0.00398661661893, -0.000864213739987, 0.0174709260464, -0.00893884710968, 0.00461175572127, -0.00971164554358, 0.0123501913622, -0.00635170843452], [-0.000150589388795, -0.00170774117578, 0.0013947954867, 0.00173754058778, -0.00521204946563, 0.00296874600463, -0.00290555483662, -0.00893884710968, 0.0231133569032, -0.016970757395, 0.00860209017992, -0.0100292889401, 0.0100709451362], [-3.14653261739e-05, 0.00380878499709, -0.00139605777804, -0.00212170532905, 0.00472393026575, -0.000746353704017, -0.000856224738527, 0.00461175572127, -0.016970757395, 0.0370189622045, -0.0219330471009, 0.01015504729, -0.00527382083237], [0.000130918590003, -0.00356062152423, 0.0012319793459, 0.00299357809126, -0.00601984141394, 0.00122376298532, 0.0058162342757, -0.00971164554358, 0.00860209017992, -0.0219330471009, 0.0388402678072, -0.0179829485714, 0.00359880225733], [0.000132982022478, 0.00236694025807, 0.000437908340245, -0.00351397111081, 0.00609420752153, -0.00361563079059, -0.00591633561999, 0.0123501913622, -0.0100292889401, 0.01015504729, -0.0179829485714, 0.0318152047694, -0.0129743721336], [-0.000264451227849, -0.00106550601777, -0.00043159260531, 0.00245120190084, -0.00324935326353, 0.000684929138515, 0.00094499415718, -0.00635170843452, 0.0100709451362, -0.00527382083237, 0.00359880225733, -0.0129743721336, 0.0225647632033]], "cov": [[10664.9462891, 404.841644287, -902.065612793, 102.34879303, 244.754577637, -421.155029297, 301.959106445, -334.499420166, 198.792388916, -27.6737689972, -84.1708450317, 70.6527404785, 15.8164920807], [404.841644287, 721.940612793, -2.27763986588, -248.489944458, 118.515670776, -83.3358078003, -60.926448822, -5.47269058228, 5.57934141159, -52.5864868164, 47.8178253174, -68.6187744141, 24.5297584534], [-902.065612793, -2.27763986588, 389.779968262, 60.9326324463, -67.2784423828, 172.579727173, -115.461898804, 125.73336792, -65.9504013062, 4.25081586838, 16.9637908936, -35.8230857849, 22.5827541351], [102.34879303, -248.489944458, 60.9326324463, 276.067199707, 20.9907093048, 5.17957925797, 127.759407043, -46.8960533142, 21.2650527954, 16.654800415, -41.9833068848, 54.7338943481, -22.4748744965], [244.754577637, 118.515670776, -67.2784423828, 20.9907093048, 191.293151855, 11.0578422546, 64.4688644409, -27.7263450623, 44.2644958496, -6.38441896439, 11.389538765, 3.4015352726, 0.495320439339], [-421.155029297, -83.3358078003, 172.579727173, 5.17957925797, 11.0578422546, 275.775299072, -94.2929763794, 115.182388306, -45.8125915527, 7.00999689102, 28.3904361725, -14.0722904205, 32.9260520935], [301.959106445, -60.926448822, -115.461898804, 127.759407043, 64.4688644409, -94.2929763794, 258.099212646, -92.2248306274, 80.2892913818, 6.17322349548, -41.8539581299, 67.6010894775, -28.8949966431], [-334.499420166, -5.47269058228, 125.73336792, -46.8960533142, -27.7263450623, 115.182388306, -92.2248306274, 172.685546875, 1.3155516386, 23.8620128632, 38.1830978394, -48.6702919006, 19.2183837891], [198.792388916, 5.57934141159, -65.9504013062, 21.2650527954, 44.2644958496, -45.8125915527, 80.2892913818, 1.3155516386, 127.396881104, 45.7278823853, 6.04921960831, 18.3582439423, -32.786075592], [-27.6737689972, -52.5864868164, 4.25081586838, 16.654800415, -6.38441896439, 7.00999689102, 6.17322349548, 23.8620128632, 45.7278823853, 67.4216918945, 29.5328197479, 7.58469867706, -4.20939826965], [-84.1708450317, 47.8178253174, 16.9637908936, -41.9833068848, 11.389538765, 28.3904361725, -41.8539581299, 38.1830978394, 6.04921960831, 29.5328197479, 67.2004165649, 7.9640378952, 17.4999294281], [70.6527404785, -68.6187744141, -35.8230857849, 54.7338943481, 3.4015352726, -14.0722904205, 67.6010894775, -48.6702919006, 18.3582439423, 7.58469867706, 7.9640378952, 87.0898132324, 17.72697258], [15.8164920807, 24.5297584534, 22.5827541351, -22.4748744965, 0.495320439339, 32.9260520935, -28.8949966431, 19.2183837891, -32.786075592, -4.20939826965, 17.4999294281, 17.72697258, 75.2763748169]]}, "spectral_energyband_middle_low": {"dmean2": 0.00830710120499, "median": 0.0113538745791, "min": 2.66515306299e-22, "dvar2": 0.000100321092759, "dvar": 4.12590779888e-05, "dmean": 0.00520449783653, "max": 0.114434413612, "var": 0.000137129507493, "mean": 0.0143115473911}, "melbands_crest": {"dmean2": 8.02015304565, "median": 15.1682109833, "min": 1.90157771111, "dvar2": 44.4197349548, "dvar": 18.3284034729, "dmean": 4.86614322662, "max": 37.6344451904, "var": 40.4492492676, "mean": 16.0732650757}, "spectral_kurtosis": {"dmean2": 5.56042003632, "median": 15.4222307205, "min": -1.25046229362, "dvar2": 59.6066970825, "dvar": 24.7489452362, "dmean": 3.62443757057, "max": 112.343154907, "var": 59.2996673584, "mean": 17.2400131226}, "spectral_rms": {"dmean2": 0.00196476792917, "median": 0.006970747374, "min": 3.2318893655e-12, "dvar2": 4.58603517473e-06, "dvar": 1.84142049875e-06, "dmean": 0.00123228365555, "max": 0.0174394957721, "var": 6.07806168773e-06, "mean": 0.00677439151332}, "zerocrossingrate": {"dmean2": 0.0548810884356, "median": 0.2509765625, "min": 0.001953125, "dvar2": 0.0022203756962, "dvar": 0.00134870992042, "dmean": 0.0424142964184, "max": 0.72119140625, "var": 0.00659733545035, "mean": 0.259917467833}, "silence_rate_60dB": {"dmean2": 0.0179023817182, "median": 0, "min": 0, "dvar2": 0.0212974622846, "dvar": 0.00887401867658, "dmean": 0.00895043462515, "max": 1, "var": 0.0177360326052, "mean": 0.0180682204664}, "erbbands_kurtosis": {"dmean2": 1.21169483662, "median": -0.453593254089, "min": -1.86714804173, "dvar2": 44.3849029541, "dvar": 15.5593700409, "dmean": 0.736627697945, "max": 232.041442871, "var": 12.4948797226, "mean": -0.000739654817153}, "erbbands": {"dmean2": [1.01057422161, 3.63361120224, 4.40434789658, 7.07177066803, 9.11574554443, 13.3479537964, 21.0605506897, 21.0988349915, 22.6931610107, 34.2770881653, 30.8819084167, 37.1637191772, 31.5657138824, 25.8648948669, 18.7681331635, 19.8819293976, 31.3008174896, 25.7643737793, 26.4882850647, 28.4656391144, 26.3278141022, 19.3705654144, 22.556268692, 14.6425924301, 9.70076084137, 8.94784164429, 7.47145366669, 5.40181016922, 3.38337254524, 2.20012784004, 0.478808760643, 0.124808743596, 0.087410621345, 0.0594940371811, 0.0375384241343, 0.0214468762279, 0.0147404503077, 0.0483742281795, 0.0278548076749, 0.0108547639102], "median": [0.285419940948, 1.72935676575, 2.47377419472, 3.51455068588, 4.45398807526, 6.08347225189, 11.1291809082, 11.4633750916, 13.2019329071, 15.0910215378, 17.1884078979, 18.1654701233, 17.2297592163, 13.3237438202, 10.2785377502, 13.0819129944, 18.99933815, 19.9612998962, 23.8367023468, 24.5603790283, 18.7491607666, 17.161447525, 17.4427204132, 11.5150241852, 8.29409408569, 7.34766387939, 7.00695991516, 4.71461963654, 2.50328922272, 1.18655586243, 0.205705463886, 0.0358293689787, 0.0196827277541, 0.0137908477336, 0.0093702878803, 0.00619613938034, 0.0103785712272, 0.0516034141183, 0.0541029646993, 0.0339577682316], "min": [4.53418467121e-22, 9.28545578559e-22, 9.06226040356e-21, 5.91680838131e-21, 1.61402276087e-20, 6.9896302934e-20, 5.35756417074e-20, 8.86857234728e-20, 3.26461045911e-19, 2.05556980084e-19, 4.34806868603e-19, 2.1064141891e-18, 2.28959705806e-18, 1.8137905688e-18, 1.46937241407e-18, 3.63985236199e-18, 4.05422890344e-18, 5.28662172344e-18, 6.91657367585e-18, 7.19385164821e-18, 6.87460666747e-18, 8.1309463662e-18, 9.26362628566e-18, 1.55290040922e-17, 9.11008584754e-18, 1.38068959478e-17, 1.27986165478e-17, 1.44806469644e-17, 1.17851920844e-17, 1.54013022949e-17, 1.33076080757e-17, 1.7263337139e-17, 1.24697783399e-17, 1.06505467838e-17, 7.48412504159e-18, 5.7704446268e-18, 3.42620484466e-18, 1.41186971302e-18, 3.30565205918e-19, 3.28607353418e-20], "dvar2": [3.15672230721, 23.4368667603, 30.10779953, 138.357498169, 242.767684937, 710.23840332, 1235.98864746, 1503.69885254, 1373.46643066, 5127.46679688, 3948.36962891, 5300.56591797, 3436.9152832, 2894.55908203, 1326.63220215, 1075.2623291, 2879.41113281, 1415.66259766, 1401.12414551, 1882.13903809, 2328.3815918, 930.81463623, 1329.29174805, 875.979980469, 484.776885986, 332.295410156, 214.419540405, 94.6237945557, 43.6071128845, 32.7186126709, 2.76210165024, 0.0369928963482, 0.0182429552078, 0.00832847412676, 0.00323638156988, 0.00101623707451, 0.000574217643589, 0.00758232921362, 0.00146729580592, 0.000145636178786], "dvar": [1.21712338924, 8.39010810852, 10.5048742294, 49.1864509583, 93.96068573, 259.320831299, 540.263916016, 673.09185791, 586.068908691, 2259.01489258, 1710.38500977, 2280.63452148, 1423.80493164, 1132.19897461, 534.673706055, 420.022888184, 1037.8729248, 518.50390625, 530.073120117, 700.794433594, 848.895568848, 356.777282715, 557.403747559, 369.980377197, 233.342056274, 147.33026123, 95.666343689, 50.0232009888, 22.0013771057, 15.9606409073, 1.50623834133, 0.0141222188249, 0.00683144619688, 0.00312160793692, 0.00121572334319, 0.000382878090022, 0.000280328065855, 0.0040900032036, 0.000777468259912, 6.41306105535e-05], "dmean": [0.60123950243, 2.14523220062, 2.5706474781, 4.15495014191, 5.40707206726, 8.03353214264, 13.1720781326, 13.2253637314, 14.0949773788, 21.820930481, 19.0413169861, 22.8875999451, 19.3871898651, 15.9362983704, 11.4845123291, 11.9294757843, 18.0672473907, 15.0965652466, 15.8739786148, 16.9570560455, 15.4755010605, 11.6879091263, 13.9680366516, 9.29284286499, 6.32511711121, 5.76990890503, 4.93719863892, 3.67712068558, 2.29259252548, 1.50820040703, 0.314760386944, 0.0745228305459, 0.0517443753779, 0.0352638475597, 0.0222957842052, 0.0127853238955, 0.00935376808047, 0.0340849421918, 0.0196918100119, 0.00712298369035], "max": [11.4023218155, 38.0597000122, 55.366985321, 155.24029541, 306.510772705, 405.613891602, 665.45526123, 827.19934082, 589.345458984, 1248.18469238, 1588.18469238, 1670.8067627, 830.556213379, 1109.84191895, 565.277832031, 685.666931152, 528.322387695, 551.974487305, 550.078674316, 918.571166992, 754.688903809, 387.196136475, 470.075866699, 571.407531738, 569.132568359, 373.092559814, 354.150817871, 172.038619995, 137.158859253, 219.732376099, 100.495567322, 2.49705505371, 0.966921985149, 0.65686827898, 0.415604740381, 0.238779842854, 1.0913131237, 2.87047386169, 0.664877057076, 0.198164328933], "var": [1.14390051365, 10.61369133, 14.7309875488, 102.904441833, 178.351196289, 520.559387207, 1345.22802734, 1326.10058594, 1071.24572754, 5026.60107422, 2818.11791992, 4391.29736328, 2485.7722168, 1975.83361816, 1167.93139648, 996.259277344, 1261.69775391, 897.428222656, 870.737609863, 1288.59619141, 1492.76306152, 665.586242676, 1195.11022949, 880.995178223, 602.829711914, 373.09286499, 252.433929443, 155.842514038, 57.7300109863, 32.9843215942, 2.58656072617, 0.0156771354377, 0.00695374468341, 0.00320045603439, 0.00126684911083, 0.00041110109305, 0.000533582118805, 0.0118776997551, 0.00547656463459, 0.000563136243727], "mean": [0.659045994282, 2.90505218506, 3.58174967766, 6.29485654831, 8.31028461456, 12.5656900406, 22.2667732239, 21.8779201508, 22.1989955902, 35.5826568604, 30.6008453369, 38.3715667725, 32.1128349304, 27.523147583, 20.3033657074, 22.5077514648, 29.1400108337, 28.0555362701, 30.6783638, 32.8615951538, 29.0649833679, 24.1457920074, 28.4172096252, 20.0764160156, 14.0120277405, 12.6606836319, 11.3788070679, 8.14848327637, 4.62857675552, 2.67619562149, 0.482363939285, 0.0803710743785, 0.050957903266, 0.0349116623402, 0.0225877650082, 0.0136453807354, 0.0159636307508, 0.081201158464, 0.0745296105742, 0.0349596478045]}, "spectral_strongpeak": {"dmean2": 6.62805271149, "median": 0.296472936869, "min": 0, "dvar2": 544.293212891, "dvar": 195.755279541, "dmean": 3.54495477676, "max": 207.032180786, "var": 191.466781616, "mean": 3.03118658066}, "spectral_energy": {"dmean2": 0.0323726348579, "median": 0.0498061031103, "min": 1.07062358268e-20, "dvar2": 0.00191321969032, "dvar": 0.000745739147533, "dmean": 0.0198721066117, "max": 0.311739385128, "var": 0.00128113699611, "mean": 0.0532698221505}, "average_loudness": 0.951878488064, "spectral_rolloff": {"dmean2": 12464.3652344, "median": 17323.4609375, "min": 21.533203125, "dvar2": 149647344, "dvar": 69122072, "dmean": 6553.21875, "max": 22050, "var": 91576648, "mean": 11766.1962891}, "spectral_centroid": {"dmean2": 349.387298584, "median": 1211.79614258, "min": 82.0819702148, "dvar2": 112725.898438, "dvar": 61284.1132812, "dmean": 230.919296265, "max": 11385.8730469, "var": 378607.78125, "mean": 1287.74902344}, "pitch_salience": {"dmean2": 0.145673394203, "median": 0.57067912817, "min": 0.0556349121034, "dvar2": 0.0158131606877, "dvar": 0.00619313586503, "dmean": 0.0885279849172, "max": 0.854065835476, "var": 0.0138475019485, "mean": 0.555262625217}, "spectral_energyband_middle_high": {"dmean2": 0.00277483509853, "median": 0.00451241806149, "min": 1.44837457235e-21, "dvar2": 1.72908294189e-05, "dvar": 7.09073174221e-06, "dmean": 0.00176957482472, "max": 0.0515664443374, "var": 2.17212727875e-05, "mean": 0.00561431469396}, "spectral_contrast_coeffs": {"dmean2": [0.0917484238744, 0.0841023623943, 0.0645648315549, 0.0445851460099, 0.0341893136501, 0.0836773887277], "median": [-0.699897527695, -0.760481715202, -0.798420667648, -0.819254040718, -0.808047652245, -0.688887834549], "min": [-0.961363613605, -0.972061038017, -0.97553563118, -0.987523138523, -0.974200904369, -0.962368369102], "dvar2": [0.00492652924731, 0.00415781140327, 0.00249248626642, 0.00118538748939, 0.000735345412977, 0.00488587282598], "dvar": [0.00180654239375, 0.00153609132394, 0.000908733869437, 0.000416942930315, 0.000274137215456, 0.00204222393222], "dmean": [0.0549166277051, 0.0505013279617, 0.0384530648589, 0.0263647660613, 0.020417496562, 0.0534616261721], "max": [-0.330090403557, -0.465639173985, -0.568894088268, -0.633755087852, -0.674268841743, -0.398713201284], "var": [0.00553453434259, 0.00427053356543, 0.00285183312371, 0.00129417015705, 0.00112641730811, 0.00879505090415], "mean": [-0.692413926125, -0.75624370575, -0.793687224388, -0.819628894329, -0.808788239956, -0.692250132561]}, "melbands_skewness": {"dmean2": 1.4365452528, "median": 2.51818704605, "min": -2.17437887192, "dvar2": 2.3861515522, "dvar": 0.95020699501, "dmean": 0.893709242344, "max": 25.7421894073, "var": 2.73461866379, "mean": 2.84340953827}, "spectral_spread": {"dmean2": 631401.6875, "median": 3828643, "min": 1568105.625, "dvar2": 641505165312, "dvar": 332256083968, "dmean": 399755.75, "max": 41743904, "var": 806423232512, "mean": 3851232.25}, "dissonance": {"dmean2": 0.0264297220856, "median": 0.477565586567, "min": 0.312262892723, "dvar2": 0.000618166057393, "dvar": 0.000232161430176, "dmean": 0.0157673116773, "max": 0.500000178814, "var": 0.000470569968456, "mean": 0.471990913153}, "spectral_skewness": {"dmean2": 0.426080197096, "median": 2.45164680481, "min": -0.0408183969557, "dvar2": 0.27617919445, "dvar": 0.125719130039, "dmean": 0.289560645819, "max": 8.86145973206, "var": 0.493788421154, "mean": 2.61305522919}, "spectral_flux": {"dmean2": 0.0545700788498, "median": 0.126822263002, "min": 7.07167449598e-11, "dvar2": 0.00382174388506, "dvar": 0.00147711276077, "dmean": 0.0325118899345, "max": 0.431793123484, "var": 0.00332192634232, "mean": 0.129874810576}, "spectral_contrast_valleys": {"dmean2": [0.684437394142, 0.579424440861, 0.497222781181, 0.423813164234, 0.368293136358, 1.13002455235], "median": [-6.44672966003, -6.10278320312, -6.75269031525, -6.79518795013, -6.94174671173, -11.0204429626], "min": [-27.2995891571, -27.698009491, -27.5941467285, -27.1301498413, -27.175945282, -27.388792038], "dvar2": [0.310770660639, 0.243690922856, 0.20108769834, 0.187237903476, 0.184366390109, 0.867622315884], "dvar": [0.135679095984, 0.103772677481, 0.0893853083253, 0.0883790627122, 0.100609004498, 0.325907349586], "dmean": [0.41260638833, 0.345646649599, 0.300906032324, 0.262831687927, 0.2532351017, 0.703803300858], "max": [-5.03656291962, -4.73484802246, -5.27505207062, -5.41825056076, -5.01953554153, -8.9998884201], "var": [1.34028637409, 1.16181278229, 1.13550209999, 1.27660858631, 1.27817237377, 1.06860351562], "mean": [-6.61346578598, -6.23714542389, -6.90826654434, -7.04044771194, -7.1985669136, -11.1108541489]}, "erbbands_flatness_db": {"dmean2": 0.0305685605854, "median": 0.133992344141, "min": 0.0518568865955, "dvar2": 0.000697892159224, "dvar": 0.000296655372949, "dmean": 0.0197201520205, "max": 0.342271506786, "var": 0.00096546189161, "mean": 0.137595966458}, "spectral_energyband_high": {"dmean2": 0.000524396833498, "median": 0.00114754273091, "min": 7.90734420841e-21, "dvar2": 5.65041887057e-07, "dvar": 3.28726173393e-07, "dmean": 0.000373765476979, "max": 0.0176498424262, "var": 1.83926806585e-06, "mean": 0.00143053964712}, "spectral_entropy": {"dmean2": 0.200251325965, "median": 7.68776321411, "min": 4.39845228195, "dvar2": 0.0510143004358, "dvar": 0.02305454202, "dmean": 0.134182035923, "max": 9.81439590454, "var": 0.101212054491, "mean": 7.61671543121}, "silence_rate_20dB": {"dmean2": 0, "median": 1, "min": 1, "dvar2": 0, "dvar": 0, "dmean": 0, "max": 1, "var": 0, "mean": 1}, "melbands_flatness_db": {"dmean2": 0.0547420866787, "median": 0.238177359104, "min": 0.00655705668032, "dvar2": 0.00218380987644, "dvar": 0.000882977736183, "dmean": 0.0341596864164, "max": 0.771290183067, "var": 0.00357176666148, "mean": 0.241909176111}, "barkbands": {"dmean2": [0.0107346372679, 0.0209524836391, 0.00339872483164, 0.00315429526381, 0.0033172594849, 0.00273321964778, 0.00187198549975, 0.00151666917372, 0.0016526671825, 0.00100466352887, 0.000584159861319, 0.000491771497764, 0.000739825482015, 0.000507593620569, 0.000563984853216, 0.000478483503684, 0.000386978936149, 0.000416206225054, 0.000217539680307, 0.000189941827557, 0.000156347203301, 8.97561694728e-05, 3.08468625008e-05, 5.46836236026e-06, 5.29298131369e-06, 1.11905155791e-05, 0.000484662887175], "median": [0.00240280339494, 0.00923527218401, 0.00154161523096, 0.00125649990514, 0.00185304624029, 0.0014810123248, 0.000936366966926, 0.000685425649863, 0.000796700245701, 0.000492724706419, 0.000237861211644, 0.00028953369474, 0.00040567520773, 0.000397553900257, 0.000466636556666, 0.000358777033398, 0.000292031210847, 0.000300557527225, 0.000177052861545, 0.000156501715537, 0.000149133324157, 6.41176739009e-05, 1.16637465908e-05, 1.15513000765e-06, 1.26890631691e-06, 6.06175399298e-06, 0.00127518572845], "min": [1.06027638827e-23, 5.8381465671e-24, 7.27198251501e-24, 2.26619385459e-24, 1.38741164141e-23, 9.28958342139e-24, 1.75610755803e-23, 1.84386896482e-23, 1.07594379694e-22, 5.33066635142e-23, 2.81640792767e-23, 8.57132020294e-23, 8.24349296101e-23, 1.16046866521e-22, 1.65553164225e-22, 1.23082963059e-22, 1.21883717779e-22, 1.77555436774e-22, 2.68107997534e-22, 2.61734506291e-22, 3.7149232124e-22, 3.93547761434e-22, 4.66480792021e-22, 7.96571092869e-22, 9.76679169936e-22, 1.84358060776e-21, 2.41100873652e-21], "dvar2": [0.000345034961356, 0.000951528374571, 1.98393227038e-05, 2.81320390059e-05, 3.3064501622e-05, 2.27566597459e-05, 1.02516569314e-05, 8.02718113846e-06, 9.45687588683e-06, 3.49713400283e-06, 1.39190001391e-06, 6.54979601222e-07, 1.64746666087e-06, 4.77821629374e-07, 7.2191653544e-07, 5.73541285576e-07, 4.26133283327e-07, 4.95783638144e-07, 2.44801185545e-07, 1.52320708935e-07, 7.9483918114e-08, 3.05671044032e-08, 9.78444258948e-09, 7.16773793097e-11, 6.51440151822e-11, 8.40554570392e-10, 2.93036720223e-07], "dvar": [0.000134094894747, 0.000359408033546, 6.92992080076e-06, 1.02904423329e-05, 1.28679512272e-05, 1.03344791569e-05, 4.64210188511e-06, 3.40078827321e-06, 4.1101466195e-06, 1.39867654525e-06, 5.61266347177e-07, 2.59150908732e-07, 5.90780246057e-07, 1.75052349505e-07, 2.68706202178e-07, 2.1524066085e-07, 1.54225574533e-07, 2.0628932873e-07, 1.14375048099e-07, 6.7452674557e-08, 4.02916775499e-08, 1.5272702214e-08, 5.54381340834e-09, 2.68198553643e-11, 2.44396152621e-11, 4.56798404658e-10, 1.31953783011e-07], "dmean": [0.00638821115717, 0.0124668367207, 0.00196447852068, 0.00186144793406, 0.00202857796103, 0.00172999466304, 0.00118849880528, 0.000929770525545, 0.00102340860758, 0.000618805992417, 0.000354789401172, 0.000296511658235, 0.000425910227932, 0.000299307954265, 0.000336076365784, 0.000285768386675, 0.000228462857194, 0.000258323911112, 0.000141644806718, 0.000122898825794, 0.00010564281547, 6.08626687608e-05, 2.06005643122e-05, 3.23497783938e-06, 3.14048793371e-06, 7.12225619282e-06, 0.00031976858736], "max": [0.165748566389, 0.218118071556, 0.0508356504142, 0.0734070390463, 0.080346994102, 0.0821978747845, 0.0507269203663, 0.0603657066822, 0.0694561377168, 0.0318981297314, 0.0189786795527, 0.016785306856, 0.0122129796073, 0.0093585671857, 0.0148905497044, 0.0105419140309, 0.00896135531366, 0.0100489631295, 0.0134825967252, 0.00776247959584, 0.00657545402646, 0.00375768495724, 0.0060009220615, 6.15567914792e-05, 5.85371453781e-05, 0.00180073571391, 0.00889777392149], "var": [0.000134055502713, 0.000403848302085, 9.21756600292e-06, 2.30331261264e-05, 2.870964