{"tonal": {"thpcp": [1, 0.558141171932, 0.0509217120707, 0.0175880342722, 0.0179311726242, 0.0584080554545, 0.101781234145, 0.0773122832179, 0.0362435355783, 0.0148301590234, 0.0157938599586, 0.105768792331, 0.137678712606, 0.0862048491836, 0.201229467988, 0.238446801901, 0.0910608023405, 0.0252610854805, 0.0209853779525, 0.0350622087717, 0.239816561341, 0.36993214488, 0.166465595365, 0.0158806592226, 0.00814989767969, 0.0163570474833, 0.158414632082, 0.243153974414, 0.111112311482, 0.0242916718125, 0.0171992052346, 0.0155327590182, 0.0549968294799, 0.0886453688145, 0.0804170593619, 0.51938021183], "hpcp": {"dmean2": [0.106070198119, 0.0815899446607, 0.0223760195076, 0.0112353749573, 0.0195781793445, 0.055576313287, 0.059067402035, 0.0465693958104, 0.0301842708141, 0.0228331759572, 0.026157964021, 0.0497131459415, 0.0598404109478, 0.0907772108912, 0.206829711795, 0.119875237346, 0.214747294784, 0.0841116681695, 0.0282592326403, 0.0249062813818, 0.0466572642326, 0.0462798029184, 0.0643158853054, 0.0544169396162, 0.0187235046178, 0.013449722901, 0.0492622032762, 0.0635179355741, 0.0649214312434, 0.0914974138141, 0.083765976131, 0.0754299536347, 0.0417897365987, 0.0311569646001, 0.0435038618743, 0.0967426896095], "median": [0.0919681116939, 0.0411242172122, 0.00179377605673, 0.000849375035614, 0.00074095337186, 0.00240135705099, 0.00380945042707, 0.00368351722136, 0.00140979478601, 0.000879965838976, 0.000947435328271, 0.00670598493889, 0.00850817374885, 0.0120781436563, 0.401744902134, 1, 0.436713695526, 0.00703993812203, 0.000488431425765, 0.00082799885422, 0.00659168418497, 0.010120600462, 0.00619099568576, 0.00122001906857, 0.000859691295773, 0.00297628063709, 0.0278890579939, 0.0414150506258, 0.0206821523607, 0.00075668055797, 0.000293423800031, 0.000425738457125, 0.00142658152618, 0.00154725310858, 0.0051924707368, 0.0562740303576], "min": [0, 0, 0, 0, 0, 0, 0, 0, 0, 0, 0, 0, 0, 0, 0, 0, 0, 0, 0, 0, 0, 0, 0, 0, 0, 0, 0, 0, 0, 0, 0, 0, 0, 0, 0, 0], "dvar2": [0.0336946994066, 0.0238719694316, 0.00718995463103, 0.00478780735284, 0.00511563383043, 0.0159848611802, 0.0219819843769, 0.0145642375574, 0.0169578939676, 0.0149449417368, 0.0158016849309, 0.0351677872241, 0.0379317291081, 0.0473611578345, 0.0635544508696, 0.0528629645705, 0.0754849389195, 0.0395091734827, 0.0176263805479, 0.0156534705311, 0.0267647858709, 0.0172162707895, 0.0405729785562, 0.0516796372831, 0.00757586909458, 0.00191986921709, 0.0108069628477, 0.0176077261567, 0.0186112653464, 0.0527213402092, 0.0484382398427, 0.040715649724, 0.035053357482, 0.0214551147074, 0.0200570486486, 0.0283805094659], "dvar": [0.0152440322563, 0.00908335112035, 0.00267254025675, 0.00170637539122, 0.00181069853716, 0.00703450804576, 0.0103220771998, 0.00568853132427, 0.00569547247142, 0.00515909632668, 0.00494763860479, 0.011291067116, 0.0126171046868, 0.0165636856109, 0.0222855173051, 0.0222267266363, 0.0248429961503, 0.013408347033, 0.00633653113618, 0.00598272914067, 0.0085658961907, 0.00693241972476, 0.0138257239014, 0.0177772063762, 0.00265227258205, 0.000691794324666, 0.00473342789337, 0.00719230528921, 0.00694866664708, 0.0198056828231, 0.0189361236989, 0.0145559059456, 0.0114852581173, 0.00755131989717, 0.00642276974395, 0.0111059332266], "dmean": [0.0698075965047, 0.0518760047853, 0.0125729050487, 0.00614892505109, 0.0114115830511, 0.0357317142189, 0.0385022722185, 0.0299110319465, 0.016970815137, 0.0125712966546, 0.0140364486724, 0.0282619278878, 0.0349435284734, 0.0514704547822, 0.123089909554, 0.0746341943741, 0.127154365182, 0.0462685003877, 0.0156715586782, 0.0141640165821, 0.0269830152392, 0.0280453059822, 0.0357234217227, 0.0289244223386, 0.0102318041027, 0.00825373083353, 0.0327134691179, 0.0417786389589, 0.0395235978067, 0.0550111234188, 0.0506365299225, 0.0450280345976, 0.0226785205305, 0.0169576052576, 0.024537704885, 0.0608845949173], "max": [1, 1, 1, 0.98105353117, 0.756321072578, 1, 1, 1, 1, 1, 1, 1, 1, 1, 1, 1, 1, 1, 1, 1, 1, 1, 1, 1, 0.95376008749, 0.867419838905, 1, 1, 1, 1, 1, 1, 1, 1, 1, 1], "var": [0.108279533684, 0.0258349198848, 0.00183327740524, 0.00108302454464, 0.00150194985326, 0.0468323901296, 0.10319005698, 0.025221593678, 0.00464513478801, 0.00382285262458, 0.00335693685338, 0.0123062673956, 0.0276344418526, 0.0182467624545, 0.0529710836709, 0.150085404515, 0.0613715201616, 0.0100032100454, 0.00480503449216, 0.00548906903714, 0.0134552111849, 0.0375540331006, 0.0251984950155, 0.0142292911187, 0.00229189847596, 0.000762333569583, 0.017422189936, 0.0235772952437, 0.0106267454103, 0.0825416818261, 0.107685551047, 0.0233617965132, 0.00791930407286, 0.00543764187023, 0.00498062744737, 0.0509699471295], "mean": [0.257446438074, 0.115848205984, 0.0110518084839, 0.00567174889147, 0.011383340694, 0.11024530232, 0.169217854738, 0.0773262605071, 0.0169052742422, 0.0119694219902, 0.0108096944168, 0.0382738783956, 0.0616908669472, 0.0559645481408, 0.361451655626, 0.695928812027, 0.38842651248, 0.0354378856719, 0.0122400196269, 0.0124788200483, 0.0406478494406, 0.070832490921, 0.05380384624, 0.025222921744, 0.010320735164, 0.0109914019704, 0.0736075490713, 0.0958145782351, 0.0599924363196, 0.140041381121, 0.165941998363, 0.0633718371391, 0.0175799168646, 0.0146043291315, 0.0244008023292, 0.166895255446]}, "tuning_equal_tempered_deviation": 0.0407519116998, "chords_changes_rate": 0.0191672183573, "key_key": "G", "tuning_diatonic_strength": 0.56442040205, "key_scale": "major", "chords_number_rate": 0.0023132849019, "tuning_frequency": 444.341888428, "tuning_nontempered_energy_ratio": 0.605752646923, "chords_histogram": [19.4976863861, 19.8942489624, 47.5214805603, 1.98281562328, 3.30469274521, 0, 0.0991407781839, 0, 0.198281556368, 0, 0, 0, 0, 0, 0, 0, 0, 0, 0, 3.23859882355, 0, 0, 0.462656974792, 3.80039668083], "key_strength": 0.750139057636, "chords_key": "D", "chords_strength": {"dmean2": 0.00410909950733, "median": 0.487879961729, "min": 0.256546884775, "dvar2": 1.57035046868e-05, "dvar": 1.61781790666e-05, "dmean": 0.00482678879052, "max": 0.698046088219, "var": 0.00854341499507, "mean": 0.483761191368}, "chords_scale": "major", "hpcp_entropy": {"dmean2": 0.672071099281, "median": 1.68550825119, "min": 0.0375870615244, "dvar2": 0.378817766905, "dvar": 0.149746462703, "dmean": 0.407084077597, "max": 3.9381480217, "var": 0.400147199631, "mean": 1.67916834354}}, "metadata": {"audio_properties": {"equal_loudness": 0, "codec": "flac", "downmix": "mix", "sample_rate": 44100, "analysis_sample_rate": 44100, "bit_rate": 0, "md5_encoded": "5fc83514be9ff7cfe323558a2c168940", "length": 140.466659546, "replay_gain": -0.0886573791504, "lossless": true}, "version": {"essentia_build_sha": "ca57ba49d9b1854bd80e60cf9ccf267278fb7d6b", "essentia": "2.1-beta1", "extractor": "music 1.0", "essentia_git_sha": "v2.1_beta1-28-g21ef5f4-dirty"}, "tags": {"title": ["Drift"], "barcode": ["0077778601623"], "media": ["CD"], "albumartist": ["The Edge"], "tracktotal": ["10"], "albumartistsort": ["Edge, The"], "releasetype": ["album", "soundtrack"], "musicbrainz_recordingid": ["0dda2c3b-7b05-4be9-8563-3a1dd220b539"], "musicbrainz_albumartistid": ["a94e530f-4e9f-40e6-b44b-ebec06f7900e"], "musicbrainz_releasetrackid": ["7175f8ee-d7eb-3eb2-8769-e6a13a614c1e"], "album": ["Captive"], "catalognumber": ["CDV 2401"], "releasecountry": ["GB"], "originaldate": ["1987"], "artists": ["The Edge"], "date": ["1987-07-13"], "file_name": "06 - Drift.flac", "musicbrainz_releasegroupid": ["98514993-0960-3b64-b55b-d8ec447fd0fa"], "musicbrainz_artistid": ["a94e530f-4e9f-40e6-b44b-ebec06f7900e"], "asin": ["B000026GFE"], "musicbrainz_albumid": ["b695226d-cb17-4a77-bbbc-8d9e3ddb4198"], "artist": ["The Edge"], "artistsort": ["Edge, The"], "tracknumber": ["6"], "label": ["Virgin"], "totaltracks": ["10"], "acoustid_id": ["c2cf5c22-1d85-482e-824e-534c047cbbc4"], "script": ["Latn"], "releasestatus": ["official"]}}, "rhythm": {"bpm_histogram_first_peak_bpm": {"dmean2": 0, "median": 105, "min": 105, "dvar2": 0, "dvar": 0, "dmean": 0, "max": 105, "var": 0, "mean": 105}, "bpm": 104.487609863, "bpm_histogram_second_peak_spread": {"dmean2": 0, "median": 0.183098614216, "min": 0.183098614216, "dvar2": 0, "dvar": 0, "dmean": 0, "max": 0.183098614216, "var": 0, "mean": 0.183098614216}, "bpm_histogram_first_peak_weight": {"dmean2": 0, "median": 0.232394367456, "min": 0.232394367456, "dvar2": 0, "dvar": 0, "dmean": 0, "max": 0.232394367456, "var": 0, "mean": 0.232394367456}, "onset_rate": 1.34538030624, "beats_position": [0.592108845711, 1.18421769142, 1.77632653713, 2.36843538284, 2.94893407822, 3.52943301201, 4.1099319458, 4.69043064117, 5.27092981339, 5.85142850876, 6.44353723526, 7.03564596176, 7.6277551651, 8.20825386047, 8.78875255585, 9.36925125122, 9.93814086914, 10.5186395645, 11.0991382599, 11.6680269241, 12.2369155884, 12.8174142838, 13.3863039017, 13.9551925659, 14.5356912613, 15.1161899567, 15.6850786209, 16.2539672852, 16.8228569031, 17.391746521, 17.9606342316, 18.5295238495, 19.0984115601, 19.667301178, 20.2361907959, 20.8050785065, 21.3739681244, 21.9544658661, 22.523355484, 23.1038551331, 23.6843528748, 24.2648525238, 24.8337402344, 25.4026298523, 25.9715194702, 26.5404071808, 27.1092967987, 27.6781845093, 28.2354640961, 28.804353714, 29.3732414246, 29.9421310425, 30.5110206604, 31.079908371, 31.4630374908, 31.8345565796, 32.2176856995, 32.6008148193, 32.9839439392, 33.3670730591, 33.750202179, 34.1333312988, 34.5048522949, 34.8879814148, 35.2711105347, 35.6542396545, 36.0489807129, 36.4437179565, 36.8384590149, 37.2215881348, 37.6047172546, 37.976234436, 38.3593635559, 38.730884552, 39.1024017334, 39.4739227295, 39.8454399109, 40.216960907, 40.6000900269, 40.9832191467, 41.3663482666, 41.7494773865, 42.1326065063, 42.5157356262, 42.8988647461, 43.281993866, 43.6651229858, 44.0482521057, 44.4429931641, 44.8377304077, 45.2324714661, 45.6272087097, 46.0219497681, 46.4166870117, 46.8114280701, 47.2061653137, 47.6125144958, 48.018863678, 48.4252128601, 48.8315620422, 49.2379112244, 49.6442604065, 50.0506095886, 50.4569587708, 50.8516998291, 51.2464370728, 51.6295700073, 52.0126991272, 52.3958282471, 52.7673454285, 53.1504745483, 53.5336036682, 53.9167327881, 54.2882537842, 54.6597709656, 55.0312919617, 55.4144210815, 55.7975502014, 56.1690673828, 56.5522003174, 56.9353294373, 57.3184585571, 57.701587677, 58.0963249207, 58.491065979, 58.8858032227, 59.280544281, 59.6752815247, 60.070022583, 60.4647598267, 60.859500885, 61.2426300049, 61.6373672485, 62.0204963684, 62.4152374268, 62.8099746704, 63.2047157288, 63.5878448486, 63.9825820923, 64.3773193359, 64.772064209, 65.1668014526, 65.5615386963, 65.9562835693, 66.351020813, 66.7457580566, 67.1521072388, 67.5352401733, 67.9183654785, 68.3014984131, 68.6846237183, 69.0677566528, 69.450881958, 69.8340148926, 70.2287521362, 70.6118774414, 71.0066223145, 71.3781356812, 71.7612686157, 72.1444015503, 72.5275268555, 72.91065979, 73.2821731567, 73.6653060913, 74.0484313965, 74.4315643311, 74.8146896362, 75.2094345093, 75.6041717529, 75.9989089966, 76.3936462402, 76.7883911133, 77.1831283569, 77.5894775391, 77.9958267212, 78.4021759033, 78.796913147, 79.2032623291, 79.5979995728, 79.9811325073, 80.3642578125, 80.7473907471, 81.1305236816, 81.7342376709, 82.3263473511, 82.9184570312, 83.5221786499, 84.1258926392, 84.7296142578, 85.3333282471, 85.9022216797, 86.4711074829, 87.0400009155, 87.6088867188, 88.177772522, 88.7466659546, 89.3155517578, 89.8844451904, 90.4533309937, 91.0222167969, 91.579498291, 92.1367797852, 92.6940536499, 93.2629470825, 93.8318328857, 94.4007263184, 94.9696121216, 95.5384979248, 96.1073913574, 96.6878890991, 97.2683868408, 97.860496521, 98.4526062012, 99.0447158813, 99.6368255615, 100.228935242, 100.821044922, 101.401542664, 101.982040405, 102.585754395, 103.189476013, 103.793197632, 104.373695374, 104.954193115, 105.534690857, 106.126800537, 106.707298279, 107.287796021, 107.868293762, 108.448799133, 109.017684937, 109.574966431, 110.132240295, 110.701133728, 111.270019531, 111.838912964, 112.407798767, 112.999908447, 113.592018127, 114.184127808, 114.776237488, 115.356735229, 115.94884491, 116.54094696, 117.133056641, 117.725166321, 118.317276001, 118.897773743, 119.466667175, 120.035552979, 120.604438782, 121.161720276, 121.730613708, 122.299499512, 122.868385315, 123.437278748, 124.006164551, 124.575057983, 125.143943787, 125.71282959, 126.281723022, 126.850608826, 127.419502258, 127.976776123, 128.534057617, 129.091339111, 129.671829224, 130.252334595, 130.821228027, 131.390106201, 131.958999634, 132.504669189, 133.050338745, 133.596008301, 134.211334229, 134.826660156, 135.430389404, 136.034103394, 136.637817383, 137.160263062, 137.682723999, 138.205169678, 138.727615356, 139.250061035, 139.772521973], "beats_loudness": {"dmean2": 0.0344595499337, "median": 0.0398709215224, "min": 2.09304900523e-07, "dvar2": 0.00188149395399, "dvar": 0.000850870041177, "dmean": 0.0225974526256, "max": 0.227524504066, "var": 0.0022276812233, "mean": 0.0528632625937}, "danceability": 0.776770412922, "bpm_histogram_second_peak_weight": {"dmean2": 0, "median": 0.204225346446, "min": 0.204225346446, "dvar2": 0, "dvar": 0, "dmean": 0, "max": 0.204225346446, "var": 0, "mean": 0.204225346446}, "beats_count": 285, "bpm_histogram_second_peak_bpm": {"dmean2": 0, "median": 157, "min": 157, "dvar2": 0, "dvar": 0, "dmean": 0, "max": 157, "var": 0, "mean": 157}, "bpm_histogram_first_peak_spread": {"dmean2": 0, "median": 0.503759384155, "min": 0.503759384155, "dvar2": 0, "dvar": 0, "dmean": 0, "max": 0.503759384155, "var": 0, "mean": 0.503759384155}, "beats_loudness_band_ratio": {"dmean2": [0.213192358613, 0.163264617324, 0.14238320291, 0.0534872971475, 0.0392928272486, 0.0211752261966], "median": [0.657741248608, 0.12537111342, 0.089310541749, 0.0194961950183, 0.0105674238876, 0.00101149943657], "min": [0.0396344549954, 0.000372754206182, 0.000285446178168, 5.87899230595e-05, 9.91838605842e-05, 1.13361293188e-05], "dvar2": [0.037521969527, 0.0284694768488, 0.0175823736936, 0.00722630182281, 0.00403906777501, 0.00487571861595], "dvar": [0.016505299136, 0.0111481370404, 0.00665920320898, 0.0029266346246, 0.00142961321399, 0.00188714521937], "dmean": [0.13391380012, 0.0978722199798, 0.0852569416165, 0.0327812172472, 0.0213697832078, 0.0124319819734], "max": [0.999146819115, 0.830934882164, 0.769340395927, 0.586756408215, 0.27610373497, 0.455527961254], "var": [0.0678487792611, 0.026115713641, 0.0158798601478, 0.00596544332802, 0.00134418078233, 0.00236143567599], "mean": [0.63220089674, 0.175111889839, 0.13026599586, 0.0483283400536, 0.0248440280557, 0.0136805176735]}}, "lowlevel": {"barkbands_spread": {"dmean2": 3.07445049286, "median": 5.97891283035, "min": 0.0860043615103, "dvar2": 51.5372123718, "dvar": 19.9078636169, "dmean": 1.96623837948, "max": 119.147613525, "var": 220.855026245, "mean": 10.1766815186}, "melbands_spread": {"dmean2": 3.00359296799, "median": 5.95305490494, "min": 0.282877981663, "dvar2": 34.2875747681, "dvar": 14.1475439072, "dmean": 1.947686553, "max": 103.845108032, "var": 88.5433578491, "mean": 8.93920326233}, "hfc": {"dmean2": 3.41745138168, "median": 8.14071846008, "min": 8.40397717639e-07, "dvar2": 452.037811279, "dvar": 206.62121582, "dmean": 2.36619281769, "max": 855.90423584, "var": 501.337188721, "mean": 12.3284673691}, "barkbands_kurtosis": {"dmean2": 6.66177368164, "median": 6.80327701569, "min": -1.93942761421, "dvar2": 591.854675293, "dvar": 263.401245117, "dmean": 4.65575027466, "max": 1403.84313965, "var": 7806.11425781, "mean": 22.0521869659}, "gfcc": {"mean": [-102.204490662, 178.30581665, -104.09588623, 22.6046485901, -20.9418735504, -6.94170713425, -20.3086395264, -14.860578537, -0.0816224142909, -1.18039131165, -7.60218429565, -10.2924222946, -13.5991725922], "icov": [[0.00245052902028, -0.00443923473358, 0.00347130466253, -0.00310243247077, 0.00213585048914, -0.0016807410866, 0.000241092900978, 0.000660559220705, -0.00226711551659, 0.00225809938274, -0.00300400867127, 0.00293830828741, -0.00183169241063], [-0.00443923473358, 0.0105885239318, -0.00675609475002, 0.00770381651819, -0.00596195878461, 0.00678761163726, -0.00274517806247, 0.00355063122697, 9.33857372729e-05, 0.00140749441925, 0.00198199180886, -0.0018671794096, 0.0013365203049], [0.00347130466253, -0.00675609475002, 0.00706240674481, -0.00481008226052, 0.00243363482878, -0.00407724734396, 0.000804931216408, -0.00233642943203, -0.00144474720582, 0.0014006763231, -0.00307532958686, 0.00304623576812, -0.0024404572323], [-0.00310243247077, 0.00770381651819, -0.00481008226052, 0.00886308029294, -0.00441574817523, 0.00498341722414, -0.00325285480358, 0.00361305871047, -0.00211060978472, 0.00296126143076, -0.000934459094424, 0.00145892135333, -0.000688375497703], [0.00213585048914, -0.00596195878461, 0.00243363482878, -0.00441574817523, 0.00894346646965, -0.00603335676715, 0.000474073778605, -0.000992345158011, -4.71776438644e-05, -0.00310895964503, -0.00046695524361, 0.000169350707438, -0.00081757659791], [-0.0016807410866, 0.00678761163726, -0.00407724734396, 0.00498341722414, -0.00603335676715, 0.0163068827242, -0.00695790816098, 0.00615957612172, -0.00377505715005, 0.00494781369343, -0.00234166136943, 0.00153445021715, -0.00233958405443], [0.000241092900978, -0.00274517806247, 0.000804931216408, -0.00325285480358, 0.000474073778605, -0.00695790816098, 0.0148788234219, -0.00891000591218, 0.00233216676861, -0.00232723169029, -0.00123819045257, 0.00040840433212, 0.00152427528519], [0.000660559220705, 0.00355063122697, -0.00233642943203, 0.00361305871047, -0.000992345158011, 0.00615957612172, -0.00891000591218, 0.0263654924929, -0.0116328503937, 0.00848939083517, -0.00367248221301, 0.00348297460005, -0.00415359484032], [-0.00226711551659, 9.33857372729e-05, -0.00144474720582, -0.00211060978472, -4.71776438644e-05, -0.00377505715005, 0.00233216676861, -0.0116328503937, 0.0244824010879, -0.0173990800977, 0.00762287853286, -0.00406249519438, 0.00164917763323], [0.00225809938274, 0.00140749441925, 0.0014006763231, 0.00296126143076, -0.00310895964503, 0.00494781369343, -0.00232723169029, 0.00848939083517, -0.0173990800977, 0.033887129277, -0.016486601904, 0.00936845503747, -0.00134444294963], [-0.00300400867127, 0.00198199180886, -0.00307532958686, -0.000934459094424, -0.00046695524361, -0.00234166136943, -0.00123819045257, -0.00367248221301, 0.00762287853286, -0.016486601904, 0.028790788725, -0.0174651443958, 0.0066483952105], [0.00293830828741, -0.0018671794096, 0.00304623576812, 0.00145892135333, 0.000169350707438, 0.00153445021715, 0.00040840433212, 0.00348297460005, -0.00406249519438, 0.00936845503747, -0.0174651443958, 0.0332400463521, -0.0182378459722], [-0.00183169241063, 0.0013365203049, -0.0024404572323, -0.000688375497703, -0.00081757659791, -0.00233958405443, 0.00152427528519, -0.00415359484032, 0.00164917763323, -0.00134444294963, 0.0066483952105, -0.0182378459722, 0.0273955855519]], "cov": [[11553.7470703, 3665.38818359, -1895.4744873, 642.578125, -28.9092330933, -546.217102051, 49.0193901062, -596.83215332, 265.796447754, -354.140319824, 152.126953125, -384.765258789, -26.2040424347], [3665.38818359, 1762.54748535, -274.166625977, -34.3487586975, 164.052261353, -194.73109436, 36.3625946045, -194.561935425, 69.9957122803, -123.286239624, 41.3187065125, -105.112251282, 0.274246662855], [-1895.4744873, -274.166625977, 863.934875488, -11.2388839722, 186.178085327, 180.589614868, 100.167892456, 146.301696777, 9.62792682648, 59.9649009705, 13.2119226456, 61.2538070679, 40.8429718018], [642.578125, -34.3487586975, -11.2388839722, 435.553833008, 61.257144928, 32.4172515869, 80.6762466431, -5.81051158905, 67.4457321167, -5.07310581207, 39.7830848694, -41.8615150452, 11.9771051407], [-28.9092330933, 164.052261353, 186.178085327, 61.257144928, 283.87689209, 95.6716079712, 78.2917861938, 15.8255252838, 39.8584709167, 30.4532108307, 32.1568107605, 7.07898807526, 18.8773574829], [-546.217102051, -194.73109436, 180.589614868, 32.4172515869, 95.6716079712, 171.849624634, 73.0364379883, 42.1382598877, 17.9082069397, 25.7759170532, 19.2974033356, 21.3922519684, 19.4827823639], [49.0193901062, 36.3625946045, 100.167892456, 80.6762466431, 78.2917861938, 73.0364379883, 140.254806519, 41.7601661682, 33.9430770874, 12.3272609711, 27.4181194305, -5.53124094009, 7.78092956543], [-596.83215332, -194.561935425, 146.301696777, -5.81051158905, 15.8255252838, 42.1382598877, 41.7601661682, 99.3718490601, 21.1770458221, 21.9229259491, 0.261652171612, 18.4911556244, 11.3352546692], [265.796447754, 69.9957122803, 9.62792682648, 67.4457321167, 39.8584709167, 17.9082069397, 33.9430770874, 21.1770458221, 96.9884490967, 32.8694381714, 16.1964530945, -14.1045742035, 3.40423417091], [-354.140319824, -123.286239624, 59.9649009705, -5.07310581207, 30.4532108307, 25.7759170532, 12.3272609711, 21.9229259491, 32.8694381714, 77.4410247803, 25.2569904327, 7.45919895172, -6.04300546646], [152.126953125, 41.3187065125, 13.2119226456, 39.7830848694, 32.1568107605, 19.2974033356, 27.4181194305, 0.261652171612, 16.1964530945, 25.2569904327, 76.944190979, 25.1620502472, 9.79646587372], [-384.765258789, -105.112251282, 61.2538070679, -41.8615150452, 7.07898807526, 21.3922519684, -5.53124094009, 18.4911556244, -14.1045742035, 7.45919895172, 25.1620502472, 82.1978225708, 38.7861709595], [-26.2040424347, 0.274246662855, 40.8429718018, 11.9771051407, 18.8773574829, 19.4827823639, 7.78092956543, 11.3352546692, 3.40423417091, -6.04300546646, 9.79646587372, 38.7861709595, 65.1309280396]]}, "spectral_energyband_middle_low": {"dmean2": 0.00488918693736, "median": 0.0123587734997, "min": 1.79410777901e-10, "dvar2": 0.000106763771328, "dvar": 3.90946188418e-05, "dmean": 0.00321188312955, "max": 0.203092589974, "var": 0.000243494287133, "mean": 0.0165389645845}, "melbands_crest": {"dmean2": 2.82895517349, "median": 15.7858495712, "min": 5.84025430679, "dvar2": 11.4081125259, "dvar": 3.99253964424, "dmean": 1.7757461071, "max": 37.3300170898, "var": 23.5189361572, "mean": 16.1421699524}, "spectral_kurtosis": {"dmean2": 13.0795650482, "median": 14.7802505493, "min": -0.256930828094, "dvar2": 146.893768311, "dvar": 49.560585022, "dmean": 7.40530920029, "max": 103.346961975, "var": 132.331863403, "mean": 17.1597309113}, "spectral_rms": {"dmean2": 0.000694668502547, "median": 0.00582988979295, "min": 7.90681326635e-07, "dvar2": 9.68677682067e-07, "dvar": 4.03714523145e-07, "dmean": 0.000465140037704, "max": 0.0191553495824, "var": 9.35402567848e-06, "mean": 0.00604095542803}, "zerocrossingrate": {"dmean2": 0.00486876722425, "median": 0.01708984375, "min": 0.0029296875, "dvar2": 0.000102724938188, "dvar": 5.61234264751e-05, "dmean": 0.0036868059542, "max": 0.36474609375, "var": 0.00134736450855, "mean": 0.0259930882603}, "silence_rate_60dB": {"dmean2": 0.00529013061896, "median": 0, "min": 0, "dvar2": 0.00691578071564, "dvar": 0.00263733090833, "dmean": 0.00264462805353, "max": 1, "var": 0.0755281895399, "mean": 0.0823004469275}, "erbbands_kurtosis": {"dmean2": 1.16895401478, "median": -0.119616985321, "min": -1.77801680565, "dvar2": 3.3139526844, "dvar": 1.53905558586, "dmean": 0.762342453003, "max": 35.1038627625, "var": 10.4006738663, "mean": 0.670877277851}, "erbbands": {"dmean2": [0.0875944569707, 1.39568328857, 2.74435377121, 5.75149154663, 4.91180276871, 7.73966121674, 16.4485416412, 4.45945167542, 14.4927244186, 9.33841514587, 7.51917266846, 4.74781656265, 2.94633865356, 6.01874065399, 4.14712142944, 5.6980881691, 12.5402212143, 21.9915542603, 13.1523485184, 11.3975362778, 8.89126396179, 4.9055185318, 2.59818601608, 4.66232585907, 5.02650213242, 2.12033319473, 6.01776361465, 2.04655337334, 1.31566858292, 0.431125581264, 0.204720020294, 0.143213450909, 0.0445214025676, 0.012219492346, 0.00196575815789, 0.000603875610977, 0.000184405216714, 8.5848128947e-05, 1.24193174997e-05, 1.16068686111e-05], "median": [0.092921257019, 2.04663491249, 4.97850227356, 8.00065612793, 6.64583969116, 8.65236377716, 7.32068634033, 6.82926511765, 15.4169845581, 12.9109601974, 6.96666765213, 5.15451860428, 3.31386733055, 3.08546447754, 2.07639050484, 2.71549415588, 5.45051574707, 5.35951280594, 5.97926044464, 3.90558505058, 2.56190156937, 1.16216731071, 0.700627267361, 0.49336001277, 0.503310322762, 0.191455468535, 0.122563235462, 0.0590425655246, 0.0548143535852, 0.024968162179, 0.0134347956628, 0.00549033470452, 0.00202009873465, 0.00072084297426, 0.000299719977193, 0.000137833922054, 0.000102831349068, 0.000217636537855, 2.49826516665e-05, 3.89718697988e-05], "min": [7.35351779468e-09, 3.44711210687e-08, 7.1277682423e-08, 1.04548455226e-07, 2.15706563722e-07, 3.03080071262e-07, 3.41549935001e-07, 2.5895866429e-07, 9.2538535057e-08, 5.5293490675e-08, 6.79468854514e-08, 1.52419460164e-07, 1.50646471297e-07, 1.53835017613e-07, 2.4491399131e-07, 9.40292750329e-08, 4.25254533809e-08, 9.729424022e-08, 1.33454662432e-07, 2.35598918152e-07, 1.05734379474e-07, 8.97083225482e-08, 1.08211132499e-07, 3.36448309213e-08, 1.40438501717e-07, 9.69703535247e-08, 1.57940675649e-07, 2.29215288527e-07, 1.15098700348e-07, 6.07250640883e-08, 6.97477133826e-08, 6.57017409367e-08, 1.17876147954e-07, 6.6039611113e-08, 4.29082831488e-08, 7.13861894042e-08, 2.01462064808e-08, 9.91104620596e-09, 1.72924430331e-09, 1.89995241762e-10], "dvar2": [0.0369332320988, 7.18135213852, 24.4869918823, 207.615615845, 137.746398926, 236.625717163, 2317.78808594, 75.6972427368, 3859.99316406, 746.166748047, 241.565689087, 100.983787537, 26.6074333191, 185.431335449, 204.679595947, 327.284912109, 1605.05639648, 5421.85205078, 2207.06079102, 5129.21533203, 859.441711426, 608.225219727, 306.604492188, 1605.07556152, 1358.83752441, 896.193359375, 15132.7460938, 2669.046875, 942.221374512, 36.9180717468, 11.3837280273, 23.2997570038, 1.91898906231, 0.22232323885, 0.00538793811575, 0.000645914813504, 5.82580796618e-05, 4.01383476856e-06, 1.19093932938e-07, 1.02046748829e-09], "dvar": [0.0159815121442, 3.27317500114, 10.5656404495, 63.4612388611, 52.867893219, 106.712272644, 730.714599609, 31.0892333984, 1685.34545898, 458.738922119, 249.159591675, 62.3064613342, 19.7781238556, 130.339355469, 174.514297485, 236.252456665, 1175.81396484, 3388.20800781, 1107.33422852, 2490.25170898, 469.055908203, 313.528625488, 156.033828735, 845.278076172, 693.166687012, 503.431732178, 6241.57568359, 984.625976562, 332.676025391, 16.0375137329, 6.52794027328, 8.25819015503, 0.688374459743, 0.0785074904561, 0.00182942615356, 0.000218730827328, 1.96049259102e-05, 1.34911817895e-06, 4.01403568162e-08, 3.89874271756e-10], "dmean": [0.0565193556249, 0.956804275513, 1.82964551449, 3.74871253967, 3.30232691765, 5.2415561676, 9.63859653473, 3.16998004913, 11.6875734329, 7.87651348114, 6.75588846207, 3.74057340622, 2.37770247459, 4.44651842117, 2.98511624336, 3.98228478432, 9.23260116577, 15.6658630371, 9.14894485474, 7.72279787064, 6.03386545181, 3.28716611862, 1.71614432335, 2.9157705307, 3.20540356636, 1.40389931202, 3.42658925056, 1.20626091957, 0.756336092949, 0.260777145624, 0.147105574608, 0.0842070952058, 0.0267931167036, 0.00704001961276, 0.00107091583777, 0.00031693658093, 9.55884825089e-05, 4.63858959847e-05, 7.08178231434e-06, 7.6952355812e-06], "max": [3.3792681694, 90.2276916504, 124.001617432, 166.634002686, 199.844177246, 264.908203125, 547.244689941, 166.503646851, 1961.28735352, 795.96875, 1191.7956543, 446.696533203, 199.013366699, 571.655212402, 1211.40820312, 1287.56665039, 2383.99145508, 2380.78369141, 1272.66760254, 2308.46655273, 962.347839355, 911.850769043, 629.714111328, 1709.35168457, 1399.55371094, 1562.21179199, 4619.25830078, 1970.23876953, 1046.07019043, 178.157684326, 197.817840576, 176.439025879, 50.2971801758, 17.082452774, 2.46666955948, 0.838592410088, 0.247960165143, 0.0650192722678, 0.0113572375849, 0.00115703011397], "var": [0.276271134615, 72.7530517578, 150.758895874, 401.426239014, 139.416427612, 815.026306152, 2018.9140625, 237.978927612, 8782.55175781, 3287.91235352, 3880.16040039, 457.157897949, 166.239578247, 638.18572998, 1153.84326172, 1584.06726074, 8064.37011719, 24108.7636719, 4847.09423828, 7748.01318359, 1744.44274902, 1310.63366699, 361.071807861, 1532.16052246, 1095.00915527, 762.475036621, 7207.29931641, 826.379699707, 243.334030151, 21.8166675568, 10.6930065155, 5.65281629562, 0.47333112359, 0.0515424460173, 0.00104013155214, 0.000116740811791, 1.01655987237e-05, 6.96515371601e-07, 2.16699138633e-08, 2.45260234344e-09], "mean": [0.339494943619, 5.83946466446, 8.47827339172, 15.8696517944, 9.89750289917, 18.5226249695, 21.2245903015, 11.867307663, 41.5547828674, 29.2718200684, 24.9931030273, 12.1698503494, 7.41724586487, 10.144282341, 6.98507595062, 9.22000408173, 24.695066452, 38.9920806885, 20.7843570709, 17.9051055908, 12.5077867508, 7.33812522888, 3.22579836845, 4.85555839539, 5.20892858505, 1.96278107166, 3.63111591339, 1.22679686546, 1.00063323975, 0.375204086304, 0.182910308242, 0.0758520290256, 0.0247947182506, 0.00591952772811, 0.00101621740032, 0.000315009267069, 0.000149928688188, 0.0002233539999, 3.20279941661e-05, 5.24458118889e-05]}, "spectral_strongpeak": {"dmean2": 0.369649082422, "median": 0.586173713207, "min": 0, "dvar2": 0.863686323166, "dvar": 0.366768747568, "dmean": 0.217456713319, "max": 13.4634952545, "var": 1.00014126301, "mean": 0.787166774273}, "spectral_energy": {"dmean2": 0.010094197467, "median": 0.0348373018205, "min": 6.40806352425e-10, "dvar2": 0.000319221522659, "dvar": 0.000133517271024, "dmean": 0.00673479493707, "max": 0.376100599766, "var": 0.00185423274525, "mean": 0.0469933077693}, "average_loudness": 0.436627358198, "spectral_rolloff": {"dmean2": 372.855377197, "median": 387.59765625, "min": 21.533203125, "dvar2": 2762957.5, "dvar": 975057.875, "dmean": 218.980026245, "max": 15590.0390625, "var": 2263239.75, "mean": 676.399658203}, "spectral_centroid": {"dmean2": 109.629928589, "median": 429.277496338, "min": 93.5487823486, "dvar2": 41592.6679688, "dvar": 19505.4785156, "dmean": 71.8811340332, "max": 4028.62426758, "var": 238966.84375, "mean": 578.478210449}, "pitch_salience": {"dmean2": 0.0654419511557, "median": 0.487521827221, "min": 0.0341355651617, "dvar2": 0.00519746495411, "dvar": 0.0019000483444, "dmean": 0.0425160750747, "max": 0.781454265118, "var": 0.0164490770549, "mean": 0.47260838747}, "spectral_energyband_middle_high": {"dmean2": 0.00105501490179, "median": 0.000896613113582, "min": 2.75228399099e-11, "dvar2": 1.14446520456e-05, "dvar": 6.52591506878e-06, "dmean": 0.000749054190237, "max": 0.109490081668, "var": 5.40797045687e-05, "mean": 0.00278746313415}, "spectral_contrast_coeffs": {"dmean2": [0.0601162649691, 0.0481693670154, 0.04510371387, 0.0424759984016, 0.031139343977, 0.022465152666], "median": [-0.623861074448, -0.680393874645, -0.747598767281, -0.743408858776, -0.786748826504, -0.760670900345], "min": [-0.940994441509, -0.941289663315, -0.954423427582, -0.938159167767, -0.936328053474, -0.911336779594], "dvar2": [0.00238297996111, 0.00151340919547, 0.00122635962907, 0.00115051446483, 0.000681761244778, 0.000441639305791], "dvar": [0.000857258099131, 0.000613262178376, 0.000494452833664, 0.000451064435765, 0.000306727946736, 0.000214590574615], "dmean": [0.036383446306, 0.030544122681, 0.0286220666021, 0.0260954592377, 0.0189353898168, 0.014314183034], "max": [-0.28476318717, -0.376127690077, -0.39468228817, -0.404494553804, -0.501290857792, -0.478475928307], "var": [0.00680549442768, 0.00559212919325, 0.00426911190152, 0.00494282040745, 0.00362547161058, 0.00293097575195], "mean": [-0.627617657185, -0.681795537472, -0.746143996716, -0.738062977791, -0.779256045818, -0.756392121315]}, "melbands_skewness": {"dmean2": 0.681759536266, "median": 2.97434067726, "min": -0.69573867321, "dvar2": 0.992106378078, "dvar": 0.38963341713, "dmean": 0.454715013504, "max": 26.6686687469, "var": 3.3794927597, "mean": 3.28473472595}, "spectral_spread": {"dmean2": 385351.28125, "median": 2080519.625, "min": 847331.5625, "dvar2": 124837289984, "dvar": 48455282688, "dmean": 229868.21875, "max": 12999160, "var": 2229273886720.0, "mean": 2413935.75}, "dissonance": {"dmean2": 0.0333298966289, "median": 0.443550258875, "min": 0.240990355611, "dvar2": 0.00103011832107, "dvar": 0.00036845653085, "dmean": 0.0199511069804, "max": 0.499986112118, "var": 0.00103976950049, "mean": 0.43851134181}, "spectral_skewness": {"dmean2": 0.962118029594, "median": 2.73076844215, "min": -0.382694751024, "dvar2": 0.690986335278, "dvar": 0.237138658762, "dmean": 0.551133751869, "max": 8.01409244537, "var": 0.906715273857, "mean": 2.78362393379}, "spectral_flux": {"dmean2": 0.0198884066194, "median": 0.0389042012393, "min": 0.000140350719448, "dvar2": 0.000812778889667, "dvar": 0.000340287631843, "dmean": 0.012514446862, "max": 0.414962947369, "var": 0.000999890384264, "mean": 0.0441358052194}, "spectral_contrast_valleys": {"dmean2": [0.508699715137, 0.402079254389, 0.39770373702, 0.354232519865, 0.262185871601, 0.222195670009], "median": [-6.63437652588, -6.90992355347, -8.07227420807, -8.48412513733, -9.05916595459, -12.6906471252], "min": [-15.1892814636, -15.3407449722, -16.5402679443, -16.1865444183, -16.3095245361, -17.7336025238], "dvar2": [0.185274556279, 0.105305239558, 0.101458191872, 0.0892355293036, 0.0637275725603, 0.0788622424006], "dvar": [0.0697741881013, 0.0417918823659, 0.0392605811357, 0.0357909724116, 0.0303103681654, 0.0340057499707], "dmean": [0.308482170105, 0.244630157948, 0.23760946095, 0.211352422833, 0.165294155478, 0.13379766047], "max": [-4.87684440613, -5.07627105713, -5.8927063942, -6.20691537857, -5.1800866127, -7.87169742584], "var": [1.84480214119, 1.68481945992, 1.30144667625, 1.19109332561, 0.854826331139, 0.226387634873], "mean": [-6.94930124283, -7.22819662094, -8.3505487442, -8.68611049652, -9.21048927307, -12.6864795685]}, "erbbands_flatness_db": {"dmean2": 0.0143892280757, "median": 0.227969512343, "min": 0.019828595221, "dvar2": 0.00022357684793, "dvar": 0.00010158817895, "dmean": 0.00985247176141, "max": 0.382670342922, "var": 0.00212202477269, "mean": 0.224120289087}, "spectral_energyband_high": {"dmean2": 0.000155021072715, "median": 6.61099466015e-06, "min": 4.87142444439e-11, "dvar2": 1.04391983768e-05, "dvar": 4.20094647779e-06, "dmean": 9.35812931857e-05, "max": 0.128685444593, "var": 4.61610216007e-06, "mean": 0.000113975882414}, "spectral_entropy": {"dmean2": 0.167792573571, "median": 6.44073820114, "min": 5.08453941345, "dvar2": 0.0348164103925, "dvar": 0.0146933132783, "dmean": 0.110631473362, "max": 8.78610610962, "var": 0.281098365784, "mean": 6.48903799057}, "silence_rate_20dB": {"dmean2": 0.00132253265474, "median": 1, "min": 0, "dvar2": 0.00165147904772, "dvar": 0.00066073553171, "dmean": 0.000661157013383, "max": 1, "var": 0.000495537125971, "mean": 0.999504208565}, "melbands_flatness_db": {"dmean2": 0.0248156543821, "median": 0.362543225288, "min": 0.0626898556948, "dvar2": 0.000784210278653, "dvar": 0.00036317674676, "dmean": 0.0166362337768, "max": 0.662808299065, "var": 0.00853141956031, "mean": 0.366548210382}, "barkbands": {"dmean2": [3.02240659948e-05, 0.00531324883923, 0.00234734476544, 0.00223225005902, 0.00223258370534, 0.000996586866677, 0.00103646249045, 0.000307126407279, 0.000185151788173, 0.000168025580933, 3.43082137988e-05, 0.000201598042622, 0.000262675341219, 0.000393876543967, 0.000251094577834, 0.00019181832613, 0.000121781107737, 3.55094780389e-05, 0.000120292541396, 4.50185289083e-05, 0.000112351815915, 2.92584809358e-05, 8.57216673467e-06, 4.96786651638e-06, 5.7955895727e-07, 1.03616095259e-07, 7.00746554116e-08], "median": [2.8216471037e-05, 0.00746635720134, 0.00305328937247, 0.00247029867023, 0.00247222767211, 0.000881440297235, 0.0011728896061, 0.000313051394187, 0.000194919659407, 9.03609688976e-05, 1.76436515176e-05, 6.66885607643e-05, 0.000105189683381, 0.000100810400909, 9.83194549917e-05, 5.34231003257e-05, 1.87252771866e-05, 9.11134975468e-06, 1.06600873551e-05, 3.46756246472e-06, 2.2660601644e-06, 1.43154750276e-06, 4.78011997984e-07, 1.62350858091e-07, 4.66308556213e-08, 3.36991234917e-08, 1.47752714952e-07], "min": [1.34567787469e-10, 1.84866538744e-10, 5.91798415828e-11, 3.94586203989e-11, 8.79646633312e-11, 3.61442473173e-11, 4.35422661468e-12, 2.91909443666e-12, 6.97416603634e-12, 3.75367358724e-12, 5.98968531024e-12, 2.98017491761e-12, 8.79687653017e-13, 2.30691637668e-12, 4.17612342277e-12, 2.25580058105e-12, 1.57507676606e-12, 1.56021322164e-12, 1.96025140564e-12, 1.60644956539e-12, 5.23914418793e-12, 3.08446172249e-12, 2.14384998469e-12, 5.62679763894e-12, 5.13983690678e-12, 1.52138336651e-11, 1.34766173915e-11], "dvar2": [1.29695454376e-08, 0.000105900675408, 1.62073501997e-05, 4.2183091864e-05, 2.00150097953e-05, 5.79169864068e-06, 1.7571821445e-05, 3.77343752689e-07, 1.22022740356e-07, 1.30406789367e-07, 1.18103979929e-08, 5.13933002821e-07, 6.44346016543e-07, 1.59933438226e-06, 9.63317347669e-07, 7.40256552945e-07, 4.54389407878e-07, 5.40756488476e-08, 7.96840822659e-07, 4.48938124009e-07, 5.77675473323e-06, 4.10316260968e-07, 1.62756634836e-08, 3.18299129276e-08, 4.82510476019e-10, 1.87509053423e-11, 3.82695090895e-12], "dvar": [4.82793049983e-09, 4.81363749714e-05, 6.89037688062e-06, 1.2452066585e-05, 8.09247922007e-06, 1.92347488337e-06, 7.94829429651e-06, 3.59645838444e-07, 7.82367308716e-08, 9.03990198253e-08, 5.86924375767e-09, 4.21193988132e-07, 4.70271913855e-07, 9.34572028655e-07, 4.84165639136e-07, 3.52729870201e-07, 2.38131931951e-07, 2.84398780082e-08, 4.19920610284e-07, 2.32846389281e-07, 2.28930161938e-06, 1.46518146948e-07, 8.86508733089e-09, 1.09677564808e-08, 1.64834645933e-10, 6.33524309401e-12, 1.28488929566e-12], "dmean": [1.79940470844e-05, 0.00361483194865, 0.0015874132514, 0.00144971942063, 0.00146497285459, 0.000617801269982, 0.000859212304931, 0.000271778728347, 0.000145851299749, 0.000123715450172, 2.40130630118e-05, 0.000143115335959, 0.000195458225789, 0.000275487138424, 0.000176614194061, 0.000127820196212, 8.10359415482e-05, 2.29673314607e-05, 7.49178580008e-05, 2.95678073599e-05, 6.39851496089e-05, 1.75357272383e-05, 5.7881502471e-06, 2.81579173134e-06, 3.15171178045e-07, 5.39970166358e-08, 3.73684194699e-08], "max": [0.00273057818413, 0.330348134041, 0.0893405601382, 0.0701213479042, 0.0614328607917, 0.02412256971, 0.136626556516, 0.0433155447245, 0.0145830223337, 0.0144601278007, 0.00281456904486, 0.0576550289989, 0.0443457588553, 0.0372302085161, 0.0301147773862, 0.0239928103983, 0.0263687949628, 0.00864252727479, 0.0335640050471, 0.0339679270983, 0.0915653035045, 0.0219025835395, 0.00688224146143, 0.00621035834774, 0.000758232490625, 0.000141475757118, 6.3185878389e-05], "var": [4.88356155515e-09, 0.00105139589868, 7.55563232815e-05, 6.13123265794e-05, 4.41586489615e-05, 5.90975059822e-06, 4.19607604272e-05, 5.56986242373e-06, 5.79413722335e-07, 4.34051685261e-07, 2.27898286909e-08, 2.5769631975e-06, 3.39644861924e-06, 5.70267684452e-06, 2.0288387077e-06, 1.06473464712e-06, 1.05896413061e-06, 6.46609592536e-08, 7.19333399957e-07, 3.13447571898e-07, 2.44079683398e-06, 1.14748203828e-07, 1.37864999417e-08, 6.70864919172e-09, 9.89237927684e-11, 3.31260084467e-12, 6.57799986356e-13], "mean": [4.00856442866e-05, 0.0219322443008, 0.00559429312125, 0.0056693344377, 0.00464078830555, 0.00169099727646, 0.00302269798703, 0.00103286944795, 0.000449854735052, 0.000282083841739, 5.36590086995e-05, 0.000293442397378, 0.000534182821866, 0.000627559726126, 0.000387012172723, 0.000265097944066, 0.000175219131052, 3.94788548874e-05, 0.000126790837385, 3.74212468159e-05, 6.45958789391e-05, 2.41314573941e-05, 6.830874554e-06, 2.32544925893e-06, 2.66181615416e-07, 6.16032309608e-08, 1.55774017685e-07]}, "erbbands_skewness": {"dmean2": 0.399206399918, "median": 0.628928780556, "min": -3.98758649826, "dvar2": 0.15487113595, "dvar": 0.0674883797765, "dmean": 0.266970604658, "max": 5.55186033249, "var": 0.752743780613, "mean": 0.60932725668}, "erbbands_spread": {"dmean2": 5.74724006653, "median": 26.555978775, "min": 2.62480831146,