{"tonal": {"thpcp": [1, 0.611011624336, 0.30708950758, 0.275871694088, 0.29601123929, 0.617356002331, 0.805058121681, 0.519811153412, 0.388065248728, 0.44920539856, 0.373367547989, 0.510192453861, 0.615369796753, 0.423866212368, 0.39855325222, 0.387361437082, 0.234864711761, 0.235135123134, 0.29070520401, 0.319440990686, 0.65559220314, 0.827884316444, 0.445687562227, 0.193110048771, 0.198805421591, 0.252428382635, 0.594664633274, 0.764466702938, 0.403726935387, 0.193694993854, 0.213392570615, 0.190215066075, 0.328395336866, 0.435960054398, 0.395900815725, 0.738237202168], "hpcp": {"dmean2": [0.253403902054, 0.222857281566, 0.193324998021, 0.193717122078, 0.16762073338, 0.189107120037, 0.215941205621, 0.174729973078, 0.150615662336, 0.153136715293, 0.129795596004, 0.122367344797, 0.143092468381, 0.157102525234, 0.213944509625, 0.245684042573, 0.17707207799, 0.110729187727, 0.101877145469, 0.11557611078, 0.202469542623, 0.224864020944, 0.152384907007, 0.108827732503, 0.109227977693, 0.0941469892859, 0.126344516873, 0.169833809137, 0.20761294663, 0.264803767204, 0.303641319275, 0.258292794228, 0.181413605809, 0.161622196436, 0.180173099041, 0.25002387166], "median": [0.0602964274585, 0.0396611504257, 0.0131954690441, 0.010218469426, 0.0169197376817, 0.0422859154642, 0.0528481528163, 0.0364755243063, 0.0125077152625, 0.00946287624538, 0.00869971420616, 0.00880392547697, 0.00943849701434, 0.0225784182549, 0.0737535208464, 0.0962263792753, 0.0472798235714, 0.00840092077851, 0.00599587755278, 0.0133076859638, 0.0507822856307, 0.0637091621757, 0.0338227711618, 0.00897035561502, 0.00679429573938, 0.00912436284125, 0.0154299885035, 0.0199374947697, 0.0278620291501, 0.069775775075, 0.0835256800056, 0.0476915240288, 0.0114228930324, 0.00833232607692, 0.0119755389169, 0.0434825271368], "min": [0, 0, 0, 0, 0, 0, 0, 0, 0, 0, 0, 0, 0, 0, 0, 0, 0, 0, 0, 0, 0, 0, 0, 0, 0, 0, 0, 0, 0, 0, 0, 0, 0, 0, 0, 0], "dvar2": [0.124509692192, 0.114769309759, 0.104728586972, 0.109666198492, 0.0836111009121, 0.0825563371181, 0.0985506549478, 0.081928819418, 0.0840659216046, 0.0871981531382, 0.0797143802047, 0.0621983669698, 0.0818661004305, 0.0749423801899, 0.0889279916883, 0.105072051287, 0.073373220861, 0.0508436858654, 0.0469578132033, 0.045417714864, 0.0843370780349, 0.100777238607, 0.0569181889296, 0.0531077869236, 0.0556296408176, 0.0416877344251, 0.0523423478007, 0.0820167809725, 0.0989215001464, 0.120509698987, 0.15439273417, 0.127910941839, 0.101191081107, 0.0889199674129, 0.0938482657075, 0.130548968911], "dvar": [0.0535816736519, 0.0445886850357, 0.0429251939058, 0.0472159050405, 0.0360785350204, 0.0350230038166, 0.0431935228407, 0.0327114388347, 0.0341393612325, 0.0344029180706, 0.0297639947385, 0.0241011716425, 0.0322487205267, 0.029124237597, 0.0372032783926, 0.0460201129317, 0.0299077406526, 0.0192268695682, 0.019048018381, 0.0189525615424, 0.0352441221476, 0.0456989109516, 0.0226230826229, 0.0203693881631, 0.0223669465631, 0.0163780022413, 0.0215675644577, 0.0341536328197, 0.0375563763082, 0.0497054681182, 0.0648056045175, 0.0489971451461, 0.0395148508251, 0.0347487293184, 0.0358382426202, 0.0511868819594], "dmean": [0.150934278965, 0.131385654211, 0.112209916115, 0.11421238631, 0.0983860492706, 0.112590357661, 0.128558948636, 0.10333212465, 0.0880275145173, 0.0901562273502, 0.0725115090609, 0.0705986693501, 0.0835478752851, 0.0915453657508, 0.128549769521, 0.149769410491, 0.105301506817, 0.0630462691188, 0.0592061132193, 0.0683112740517, 0.122373558581, 0.137123510242, 0.0906700566411, 0.0625870972872, 0.064061537385, 0.0559421479702, 0.0754942148924, 0.0991610735655, 0.118552841246, 0.156702741981, 0.177512198687, 0.150531038642, 0.10205873847, 0.091366134584, 0.102549351752, 0.146428599954], "max": [1, 1, 1, 1, 1, 1, 1, 1, 1, 1, 1, 1, 1, 1, 1, 1, 1, 1, 1, 1, 1, 1, 1, 1, 1, 1, 1, 1, 1, 1, 1, 1, 1, 1, 1, 1], "var": [0.10946316272, 0.0561962686479, 0.0491806268692, 0.0674775615335, 0.0467619933188, 0.0536146275699, 0.0740335136652, 0.039667993784, 0.0574492663145, 0.0541658587754, 0.02715129219, 0.0245283935219, 0.0360820032656, 0.0313357003033, 0.0672805085778, 0.0944285467267, 0.0375380367041, 0.0181096214801, 0.0227311160415, 0.0273705273867, 0.0608532838523, 0.0984001234174, 0.0327033773065, 0.0192107688636, 0.0263816863298, 0.0174629520625, 0.0325094722211, 0.055784188211, 0.0381136760116, 0.0826077759266, 0.134895071387, 0.0645654574037, 0.039506342262, 0.0355814658105, 0.0338748879731, 0.072714753449], "mean": [0.234467595816, 0.151391401887, 0.113021314144, 0.130827963352, 0.108740717173, 0.148590028286, 0.179222196341, 0.123448103666, 0.116075873375, 0.112816333771, 0.0684027224779, 0.0684814751148, 0.0846658796072, 0.0930349752307, 0.190936684608, 0.241115570068, 0.129803419113, 0.0562419630587, 0.0579007044435, 0.0735180228949, 0.173191949725, 0.222645640373, 0.117582678795, 0.0564123280346, 0.0621491074562, 0.0553988218307, 0.0956428721547, 0.126970350742, 0.115303374827, 0.21500647068, 0.291243076324, 0.177952900529, 0.0894376933575, 0.0803457200527, 0.0862112268806, 0.179800659418]}, "tuning_equal_tempered_deviation": 0.0268435310572, "chords_changes_rate": 0.074074074626, "key_key": "G", "tuning_diatonic_strength": 0.608022749424, "key_scale": "major", "chords_number_rate": 0.00391448335722, "tuning_frequency": 444.341888428, "tuning_nontempered_energy_ratio": 0.687669575214, "chords_histogram": [31.9783191681, 4.90816020966, 8.88286685944, 3.31225538254, 6.62451076508, 0.843119561672, 1.59590482712, 0.481782585382, 1.11412227154, 0.150557056069, 2.64980435371, 0.421559780836, 0.240891292691, 0, 0, 0, 1.29479074478, 12.225233078, 0, 0.240891292691, 0, 3.19180965424, 9.99698925018, 9.84643173218], "key_strength": 0.780116260052, "chords_key": "G", "chords_strength": {"dmean2": 0.0119258286431, "median": 0.510559916496, "min": 0.257327795029, "dvar2": 0.000122078170534, "dvar": 0.000103597834823, "dmean": 0.0121563142166, "max": 0.875978350639, "var": 0.0101402522996, "mean": 0.511748194695}, "chords_scale": "major", "hpcp_entropy": {"dmean2": 1.00220143795, "median": 1.63718748093, "min": 0, "dvar2": 0.72731167078, "dvar": 0.285030514002, "dmean": 0.604288101196, "max": 4.06043767929, "var": 0.553126394749, "mean": 1.61262845993}}, "metadata": {"audio_properties": {"equal_loudness": 0, "codec": "mp3", "downmix": "mix", "sample_rate": 44100, "analysis_sample_rate": 44100, "bit_rate": 128000, "md5_encoded": "dad42a5f9601bd26904b66107c2cd7f9", "length": 154.148574829, "replay_gain": -5.49633216858, "lossless": false}, "version": {"essentia_build_sha": "2d9f1f26377add8aeb1075a9c2973f962c4f09fd", "essentia": "2.1-beta2", "extractor": "music 1.0", "essentia_git_sha": "v2.1_beta2-1-ge3940c0"}, "tags": {"title": ["Gals Don't Mean a Thing"], "acoustid_fingerprint": ["AQADtIkXJbKCvGj6o8_wHOfRC5OiJHoQUzm0HJGe4DryGHp4RHqewIluEX3w4mAsppg-ncI5HE3MC7WyHMmP3LEiNPvRE98YPDOexMgHLesRKpdGnDnywoP-BnmzDZeMNyhfNGQe_AqOxmlRvniWJzhh-3iH_8KPRlv2IOR36PYQKU2koH_QFdRT4fewKzm-RMF31MOP2gjzREL4CdcWnMed4_kYTC-ynkLyY1eS46mPsmi-Bx-jEH-QJpGO5AqaU0J_9Fyx72CEMd6DJxpKhkXCoz_yw5QY4pKPf7gv5EmOy1Cu44pYPD-YI8zx44p2PFElVFwlNEkD3GDuIMkfhD-uG08iwmOOX3jwzxhrBm-C_mByvMeV7XiWRxHuD92VZUOYGkmzJOLxh7gkBdRPPMdzoo6O5qQgzcG_HsfZPHAT4VmOmxqSB3kU7MePZnxQRbiu4ceP8ISWafMM5fuC8gGT89BzSD9C5piLtG-gPXzQTMrSQZNSbsOPPCL-o8f54kuy4HcGLx9K_jiiS4O-BFym5Lg-5BEDPsMD6pRSHF8GX2QGjq3wcCrSOspxKL6IP0GutLjRuDl6PMcTFpdTYc5LPOj5IVPuQHs_RNqOw6ny4fDW48d5-MMTonyCIy8LRxMnqNl36Br6o3mWCnvA0Jj6FE8OXVnmIUxyCdX4HH9xjcWZC8-VFAnCR9nR_Hh4PE-E_UOTnNlQV1CzhDTuyGDyo2-Ef2GG50QdEU0oFombC_F_3HiHS8mig45y9B6RLJEf5PiJX8S-lEHDDXUS4rzwDt-SHRfRNA_2UYP5gBqPPsuQH5Ie5PTRJs8xS-F09PmCH0-jRFDnHKV4-Me1HJ0yzriPv_hzPCGSk4joB1wascGtxJizjNgfNPfBPJj-wWGSo8oeKSP-BWFYQbuQ_3iSpUEuHk9So7w2NGewkzpUSjOe5Lh3PCfh64HeIdeMqz6ctCJ-iccvEZfpoJF-pH0OtcmF_RkaPngrDU6m4NMenLiaCPl0XFfwRbmCRlnIoD5-GVceEefCJbjyCGGaUdCOnMedHJWSJDqaijkqJzqaH7_wF22ipdgm5UOy4wpiL8InhsUj5TFqV_CzIOQJMlmKoH6ToJEvkA8uHaey1GD3I_9Rkoee47JxPOEId-lQpUOsPDlYSsvwVMYu43mE5zr6EuaCHs-eGLuSqAZ_VDoaJceO5AmP_CH6vWhioEHJZCFmFXngr7iEhg80yo2gqd4SWNtRmdCCUmhnGo2NL0elUxDFZMmOLUd_6M2L40etbPh-qNyCKrmM5zganIYaJrtQkalk5CiZI-wFXeoRPYkcOKUmPKeCH2EmJDlK_eh3eHxQbdHRhTQO30e_FE-k41suhOSRRFnZ49XBF8-CNrpiTNmNf7joonkWhDeS3i3uZBua8GiakMKPX2LQiUTzeIiaM4R0PPgPnimq74SW42ZwZj10Hf4Rb9ExW2GCnIJGIyUuH1WjJ8Qzo0lylHkUHU8eTH8MJs-A_IcWKpLhxMtQbcc_RH-CDz5muozwHU-WWIOfFfkfJL8a9EPTJaHxawoegcsT_EKyfEb48Ngf4xK-HA8bXOJW9Dv8i0iHKlsiLlAbaUWuTDqa5-iDj5mC_UKThMwYMPIxnQjzCP_xH_qyFCfRXOiNH7mSPEP5wIe1nDh3Yz_St0Wij8e8EKiVG3-E_2i08yj7I_kRcj3Mw5OkB-GTQD2cHE-NS12EH2X2IEyOszju8PCT4AoXLnjPQuExC62c4omUo0dpRUHD7DizRIyR5xG0nMeVo_zwr3jC5Ecl0keuowx__MXlHF7-4MXDyEcoOszRLCORM_hjNA36WcZz4VYIXxXGKyAjP0SuHIokJmTQ-MQPPUM6JcEJ549waVfwJBHxhEFyEeHJYEp8pXieDtcJrjmaOs9QMhFi6lATBX6gOGszhN8TTI5K4cfFgAmTHt1G5MmhPUcYPWtwNJV-nFGUYsqfDdc47IoOU81xRciLZI_moBmlHL-ERm9SVA6YH9txMRP6HtcDk8eFPC807UMeCc8lPIf5ImR3_II-o9ExvTmaKhk0Z6lC8DR-PE8OTwr4PEGuRKmCL0QvoYnDSPhj48QVTFV85Ee5TEGu5DiiC5X-ZHiuFGYSCpo3ot0DhjzeUND94DkKLQf36MhPnDuuLAizPkH-w1-R5tBbSF9x_ciPGvmOKjsYNbSE5MGZ4_CoZHhJ7DniwomWZ8FPtHmDaDeaKUnBHz7eBqdUJHnWIH1yXDx-eFH44McpBv2OMM9x_BQUZqoTxN9xRdPQarrQVD_-gu2PI5J4qMmSK4hkUcZxJVp08MmG58L5CE9zIn6CRCea0sKXL4aZH-WPKT_6fAf2L7i6Bo8T4VmSHCcfoFmXo12InESiHNeTgLmOWhPm6B9KLUZfo_nxxLhHnF8QRlFeaNqO6xryBX-wp8i-QMvRYxcZKF-raOiRHm324EmWHSVZNDl-8Fxw3cgjqah_NMqNbzX2DOiPGtp7eBJCOeMw38PHdbiuEXm067ifCFq-o88r5EGJpj92JQ_CMIyO5skRHzeL6_iNvh9OMXDiFBPzHCcNXgj0LCkmkhSq-Cnu4zlOuoiUN_iD84abhAVHysFzJmge5Xh0_MavIF8E7RPCnMFxXbgu_Klw8ajIC40y7XjyDrHdIDma_-hDPBFxPEcfPmBS7XiGklKKhPkW5BOFSX2Oy1yCMhd-HNeRvgySw6OO7U9RJx3446zxPMRZHNOPJlQi_OFxXNpaXI2i4C-ma0iU1Dni4ymD3kLzDP-LOongbsaZrUi0dwhPnFPxJEtx3WiOkLagZxVyBj8T_BHONDvaKIrRcCceHE80J_hm41ngO8RbIXleRF_hAwSMcIIga5wSTEiDhAGKAAAAM8gwI4QFwEgAADACCCYUIApBAqgigBHFBBCEGESEMAIApYCAzAEEjBKMCICEEAY4AwgiBCiAlAaCACAUMEpAwQgBgAiHGEKUKaMAUUYCBw6gBBAkCSAEGEAYgQpQYYwAAhASBGEEKkEVQQBAoIgAgiEBnTRIASAEBYKCQAQwRhi0EAGSEJCsAQA5x5ChBD0DCfFCACGUKCQaRwxSABQEsDLAMGQIEMQ4AhBQBCGBmFGIEAeQIoIAYICwFghiACOECQCUAAIMwaiQBgiDBBECWIEEYwABYwARgDRDjEFCC0UAIUQ4gYwAAhiBCGEEAEMQEgAYJgBgShCjADCAEySIAgAIAABBggkBiQAKKAeIABYiBYAABCAHlDAAAKSoRQhQgRADRAgkBBGOUAIMIAQRYoihQkgCAJGQGCOUIhwCKghgBABHDECAKgKAIgABIIQBjhmjFAJOCAsAEUA5hIQhAGgGADCAIEmcYAIARYRSQglEGBNKAQaQEEQwYIQnAAplAMPAAkIAEAYhIoxQ0BBECDFMMCkBUAASBIhBACjCjEEIGAAMQFAIkRFxBDjhhSGAAAmoEAQhABFgRgADgBJGIEUAEAgAIRAjBBEhBFEIAYCJIAAgRogQSCgADRFIAQCRAkIIABBwghCkBACKCIEQAAQx5gABCAghABNcKkKwIIIIY5ggAiPlnHFQAwEAQYwIBD1wwBAgjAFAGGmQEAgxBkBD2GgBkAFUGtKoE4RIKoQjjCEgGHECIAUQMQQwTiwSgDBiADCEAEQIAEwIYAAwggCDhGaCAGCcEJQC4hgUTAJskEXAQYeQgMwRJ4QQwCADHBBGAECAEUQgqQggCDgpgEQECMAAUYAAQhBRVDABBEJOIaGQYcgRZRQRiBlGgCUCCEKUEYAQAAwgjBoLlQFDECANQwQBIQRywBAHAGYKGSKYsBQhApECTDhgACUJEcQQcCI"], "date": ["2000"], "genre": ["Country"], "musicbrainz album type": ["Compilation"], "musicip_puid": ["4064fdaa-320e-6e98-0091-b1b0a18578c2"], "musicbrainz_recordingid": ["0dddd860-1dbe-4aa9-a8ad-8fa4f1a824e2"], "musicbrainz_albumartistid": ["493347df-c385-4b08-b283-de54a2b57e03"], "musicbrainz_albumid": ["703f9146-b9c4-4de7-b172-c950aa2c064f"], "artist": ["Johnny Bond & His Red River Valley Boys"], "tracknumber": ["03"], "bpm": ["139.41"], "album": ["Country and Western: Standard Transcriptions"], "acoustid_id": ["95842c9b-f936-41ce-a266-b81f7d258e2f"], "musicbrainz_artistid": ["493347df-c385-4b08-b283-de54a2b57e03"], "file_name": "Johnny Bond & His Red River Valley Boys - Gals Don't Mean a Thing.mp3"}}, "rhythm": {"bpm_histogram_first_peak_bpm": {"dmean2": 0, "median": 140, "min": 140, "dvar2": 0, "dvar": 0, "dmean": 0, "max": 140, "var": 0, "mean": 140}, "bpm": 138.854385376, "bpm_histogram_second_peak_spread": {"dmean2": 0, "median": 0.230769217014, "min": 0.230769217014, "dvar2": 0, "dvar": 0, "dmean": 0, "max": 0.230769217014, "var": 0, "mean": 0.230769217014}, "bpm_histogram_first_peak_weight": {"dmean2": 0, "median": 0.477401137352, "min": 0.477401137352, "dvar2": 0, "dvar": 0, "dmean": 0, "max": 0.477401137352, "var": 0, "mean": 0.477401137352}, "onset_rate": 3.96318602562, "beats_position": [0.406349211931, 0.812698423862, 1.23065757751, 1.64861679077, 2.07818579674, 2.49614500999, 2.92571425438, 3.35528349876, 3.76163268089, 4.17959165573, 4.59755086899, 5.01551008224, 5.4334692955, 5.86303853989, 6.29260778427, 6.71056699753, 7.12852573395, 7.5464849472, 7.97605419159, 8.39401340485, 8.82358264923, 9.24154186249, 9.682721138, 10.1006803513, 10.5186395645, 10.95981884, 11.3893871307, 11.8189563751, 12.2485256195, 12.6780948639, 13.1076641083, 13.5372333527, 13.9784126282, 14.4195919037, 14.8375511169, 15.2322902679, 15.6502494812, 16.0798187256, 16.50938797, 16.9505672455, 17.3685264587, 17.7980957031, 18.2276649475, 18.6572322845, 19.0868015289, 19.5163707733, 19.9459400177, 20.3871192932, 20.8282985687, 21.2694778442, 21.7106571198, 22.1402263641, 22.5814056396, 23.0225849152, 23.4521541595, 23.8933334351, 24.3229026794, 24.7524719238, 25.1936511993, 25.6232185364, 26.0527877808, 26.4823570251, 26.9119262695, 27.353105545, 27.7826747894, 28.2122440338, 28.6418132782, 29.0829925537, 29.5125617981, 29.9537410736, 30.383310318, 30.8244895935, 31.2540588379, 31.6952381134, 32.1364173889, 32.5659866333, 32.9955558777, 33.4251251221, 33.8546943665, 34.2842636108, 34.7138328552, 35.1434020996, 35.572971344, 36.0025405884, 36.4321098328, 36.8616790771, 37.2912483215, 37.7092056274, 38.1387748718, 38.5683441162, 39.0095214844, 39.4390907288, 39.8802719116, 40.309841156, 40.7394104004, 41.1689796448, 41.6101570129, 42.0513381958, 42.492515564, 42.9336967468, 43.3632659912, 43.7928352356, 44.2107925415, 44.6287536621, 45.046710968, 45.4878921509, 45.9174575806, 46.347026825, 46.7649879456, 47.1829452515, 47.6009063721, 48.018863678, 48.4484329224, 48.8896141052, 49.3075714111, 49.7371406555, 50.1667098999, 50.5962791443, 51.0374603271, 51.4670295715, 51.8965988159, 52.3261680603, 52.7557373047, 53.1969146729, 53.6380958557, 54.0792732239, 54.5204544067, 54.9616317749, 55.3912010193, 55.8207702637, 56.2619476318, 56.7031288147, 57.1443061829, 57.5854873657, 58.0266647339, 58.4678459167, 58.8974151611, 59.3269844055, 59.7681617737, 60.1977310181, 60.6273002625, 61.0568695068, 61.4864387512, 61.9043960571, 62.34557724, 62.7751464844, 63.2047157288, 63.6342849731, 64.0754623413, 64.5050354004, 64.9346008301, 65.3641738892, 65.8053512573, 66.234916687, 66.6644897461, 67.1056671143, 67.5352401733, 67.964805603, 68.4059829712, 68.8471679688, 69.2883453369, 69.7295227051, 70.1823120117, 70.6234893799, 71.053062439, 71.4942398071, 71.9238052368, 72.3649902344, 72.7945556641, 73.2357330322, 73.6769180298, 74.1064834595, 74.5360565186, 74.9656219482, 75.3951950073, 75.824760437, 76.2543258667, 76.6955108643, 77.1366882324, 77.5662536621, 77.9958267212, 78.4253921509, 78.85496521, 79.2845306396, 79.7141036987, 80.1320648193, 80.5500183105, 80.9563674927, 81.3743286133, 81.8039016724, 82.2334671021, 82.6630401611, 83.0693893433, 83.4989547729, 83.9401321411, 84.3813171387, 84.7992706299, 85.2172317505, 85.6468048096, 86.0763702393, 86.5175476074, 86.9587249756, 87.3882980347, 87.8062591553, 88.235824585, 88.6537857056, 89.0601348877, 89.4897003174, 89.907661438, 90.3372344971, 90.7551879883, 91.1847610474, 91.6143264771, 92.0438995361, 92.4850769043, 92.9146499634, 93.3442153931, 93.7853927612, 94.2265777588, 94.6561431885, 95.0857162476, 95.5268936157, 95.9564590454, 96.3976364136, 96.8388214111, 97.2799987793, 97.709564209, 98.1391372681, 98.5803146362, 99.0098876953, 99.4510650635, 99.8922424316, 100.345031738, 100.797821045, 101.238998413, 101.680175781, 102.121360779, 102.562538147, 103.003715515, 103.444892883, 103.874465942, 104.327255249, 104.768432617, 105.186393738, 105.615959167, 106.045532227, 106.475097656, 106.904670715, 107.334236145, 107.775421143, 108.204986572, 108.634559631, 109.064125061, 109.493690491, 109.92326355, 110.34122467, 110.759178162, 111.200363159, 111.641540527, 112.071105957, 112.500679016, 112.930244446, 113.359817505, 113.777778625, 114.207344055, 114.636917114, 115.078094482, 115.519271851, 115.960449219, 116.390022278, 116.831199646, 117.260765076, 117.701950073, 118.143127441, 118.58430481, 119.013877869, 119.443443298, 119.884620667, 120.325805664, 120.755371094, 121.184944153, 121.614509583, 122.044082642, 122.48526001, 122.914825439, 123.344398499, 123.773963928, 124.203536987, 124.644714355, 125.085891724, 125.53868103, 125.991470337, 126.432647705, 126.862220764, 127.291786194, 127.709747314, 128.150924683, 128.592102051, 129.033279419, 129.462860107, 129.892425537, 130.310379028, 130.739959717, 131.169525146, 131.610702515, 132.051879883, 132.493057251, 132.934234619, 133.363800049, 133.781768799, 134.211334229, 134.652511597, 135.093688965, 135.534866333, 135.97605896, 136.417236328, 136.858413696, 137.287979126, 137.717544556, 138.158721924, 138.599899292, 139.052688599, 139.493881226, 139.923446655, 140.364624023, 140.81741333, 141.258590698, 141.711380005, 142.152557373, 142.593734741, 143.02331543, 143.452880859, 143.894058228, 144.323623657, 144.753189087, 145.194366455, 145.635559082, 146.07673645, 146.517913818, 146.947479248, 147.377044678, 147.795013428, 148.224578857, 148.665756226, 149.106933594, 149.548110962, 149.97769165, 150.40725708, 150.83682251, 151.277999878, 151.730789185, 152.19519043, 152.659591675, 153.12399292, 153.599990845], "beats_loudness": {"dmean2": 0.0267269518226, "median": 0.0218841396272, "min": 5.02152033732e-06, "dvar2": 0.000698467425536, "dvar": 0.000264017522568, "dmean": 0.0163136776537, "max": 0.168687850237, "var": 0.000392283051042, "mean": 0.0273177679628}, "danceability": 1.13666212559, "bpm_histogram_second_peak_weight": {"dmean2": 0, "median": 0.0282485876232, "min": 0.0282485876232, "dvar2": 0, "dvar": 0, "dmean": 0, "max": 0.0282485876232, "var": 0, "mean": 0.0282485876232}, "beats_count": 355, "bpm_histogram_second_peak_bpm": {"dmean2": 0, "median": 133, "min": 133, "dvar2": 0, "dvar": 0, "dmean": 0, "max": 133, "var": 0, "mean": 133}, "bpm_histogram_first_peak_spread": {"dmean2": 0, "median": 0.494011968374, "min": 0.494011968374, "dvar2": 0, "dvar": 0, "dmean": 0, "max": 0.494011968374, "var": 0, "mean": 0.494011968374}, "beats_loudness_band_ratio": {"dmean2": [0.335247576237, 0.224099114537, 0.258214652538, 0.251449018717, 0.225268378854, 0.0076031233184], "median": [0.181783422828, 0.152619808912, 0.212258785963, 0.183174550533, 0.137767195702, 0.0042935507372], "min": [0.000113654146844, 0.0011139154667, 0.0186728816479, 0.00608116295189, 0.00099596963264, 3.83190345019e-05], "dvar2": [0.0742947012186, 0.0297840479761, 0.0330358333886, 0.0435970388353, 0.0407970622182, 5.49771175429e-05], "dvar": [0.027550034225, 0.0103196892887, 0.0130155719817, 0.0140197128057, 0.0149506703019, 2.18154218601e-05], "dmean": [0.188010647893, 0.128847897053, 0.14827413857, 0.143264397979, 0.132416024804, 0.00441082101315], "max": [0.874756932259, 0.7201192379, 0.782379865646, 0.703825414181, 0.948126554489, 0.0436925403774], "var": [0.0373573005199, 0.0173894222826, 0.0247129220515, 0.0201184228063, 0.0209058076143, 5.1673323469e-05], "mean": [0.236350670457, 0.183179184794, 0.24511860311, 0.210105746984, 0.17151992023, 0.00653473241255]}}, "lowlevel": {"barkbands_spread": {"dmean2": 4.64731264114, "median": 14.5826759338, "min": 0.59218108654, "dvar2": 32.0411682129, "dvar": 15.8655986786, "dmean": 3.14261317253, "max": 77.8366775513, "var": 57.3292198181, "mean": 15.0848588943}, "melbands_spread": {"dmean2": 7.22999858856, "median": 20.970035553, "min": 0.578730225563, "dvar2": 77.7367553711, "dvar": 39.3840484619, "dmean": 4.96066427231, "max": 129.857681274, "var": 162.693786621, "mean": 22.3052940369}, "hfc": {"dmean2": 5.18390321732, "median": 6.06900167465, "min": 1.15459127215e-16, "dvar2": 94.0281600952, "dvar": 61.7573776245, "dmean": 4.28805541992, "max": 300.991638184, "var": 377.84677124, "mean": 13.9249038696}, "barkbands_kurtosis": {"dmean2": 2.35241699219, "median": -0.181894987822, "min": -1.85442781448, "dvar2": 32.8048629761, "dvar": 14.7348890305, "dmean": 1.54484021664, "max": 98.1963043213, "var": 30.6816902161, "mean": 1.44561815262}, "gfcc": {"mean": [-144.242401123, 191.722290039, -175.955673218, 15.0921678543, -34.4772758484, -12.8478775024, -26.3556499481, -26.6713218689, 7.06935310364, -21.4120731354, 1.49397408962, -11.7534265518, -10.3521194458], "icov": [[0.00033421011176, -0.000441592448624, 0.000756929337513, -0.00044815117144, 0.000525019364432, -0.000329874746967, 6.33414892945e-05, 0.000348881294485, -0.000721752585378, 0.000469298131065, -0.000140907883178, -7.36406072974e-05, 0.000222546193982], [-0.000441592448624, 0.00610196078196, -0.00416416255757, 0.00317389704287, -0.00473779765889, 0.00490997498855, -0.00551230227575, 0.00460785115138, -0.00356587022543, 0.00463693588972, -0.00389141961932, 0.0031268352177, -0.00244890828617], [0.000756929337513, -0.00416416255757, 0.00511968508363, -0.00240318896249, 0.00262559577823, -0.00352795468643, 0.00375009700656, -0.00337089388631, 0.00248333555646, -0.00269186240621, 0.00282357423566, -0.00321164098568, 0.00219082017429], [-0.00044815117144, 0.00317389704287, -0.00240318896249, 0.0041256994009, -0.002821842907, 0.00142879760824, -0.00211799680255, 0.00178647786379, -0.001461784821, 0.00192573934328, -0.0012253728928, 0.00129642582033, -0.00126218772493], [0.000525019364432, -0.00473779765889, 0.00262559577823, -0.002821842907, 0.00701040402055, -0.00341371144168, 0.00394651386887, -0.00324980332516, 0.00257028266788, -0.00411264039576, 0.00286202481948, -0.00182080175728, 0.00162284402177], [-0.000329874746967, 0.00490997498855, -0.00352795468643, 0.00142879760824, -0.00341371144168, 0.0101066334173, -0.00739637762308, 0.00418609939516, -0.00474793277681, 0.00430398061872, -0.00505471369252, 0.00524517009035, -0.00359008414671], [6.33414892945e-05, -0.00551230227575, 0.00375009700656, -0.00211799680255, 0.00394651386887, -0.00739637762308, 0.0130790341645, -0.00884263310581, 0.00888005550951, -0.007337001618, 0.00634727347642, -0.00584290502593, 0.00366046093404], [0.000348881294485, 0.00460785115138, -0.00337089388631, 0.00178647786379, -0.00324980332516, 0.00418609939516, -0.00884263310581, 0.0158844850957, -0.00961885694414, 0.00876704510301, -0.00610022246838, 0.00439721392468, -0.00182579294778], [-0.000721752585378, -0.00356587022543, 0.00248333555646, -0.001461784821, 0.00257028266788, -0.00474793277681, 0.00888005550951, -0.00961885694414, 0.0169423036277, -0.00981807149947, 0.00718718767166, -0.00508326105773, 0.00380583084188], [0.000469298131065, 0.00463693588972, -0.00269186240621, 0.00192573934328, -0.00411264039576, 0.00430398061872, -0.007337001618, 0.00876704510301, -0.00981807149947, 0.0151038644835, -0.0077236960642, 0.00698143849149, -0.00542261917144], [-0.000140907883178, -0.00389141961932, 0.00282357423566, -0.0012253728928, 0.00286202481948, -0.00505471369252, 0.00634727347642, -0.00610022246838, 0.00718718767166, -0.0077236960642, 0.0149717945606, -0.00776976533234, 0.00532957352698], [-7.36406072974e-05, 0.0031268352177, -0.00321164098568, 0.00129642582033, -0.00182080175728, 0.00524517009035, -0.00584290502593, 0.00439721392468, -0.00508326105773, 0.00698143849149, -0.00776976533234, 0.0166017804295, -0.00562446564436], [0.000222546193982, -0.00244890828617, 0.00219082017429, -0.00126218772493, 0.00162284402177, -0.00359008414671, 0.00366046093404, -0.00182579294778, 0.00380583084188, -0.00542261917144, 0.00532957352698, -0.00562446564436, 0.0123991733417]], "cov": [[10615.8710938, -1424.88391113, -2297.24145508, 488.040344238, -978.946533203, 150.062805176, -228.341918945, -211.882919312, 531.686035156, -310.329437256, 51.044002533, -85.9598236084, -168.440170288], [-1424.88391113, 1211.19287109, 681.028869629, -318.122955322, 413.777679443, -185.343383789, 115.513198853, -5.1111035347, -125.764930725, -34.2473449707, 23.8716163635, 58.2776947021, 9.20116329193], [-2297.24145508, 681.028869629, 1001.97137451, -45.8895263672, 291.617126465, -24.3843574524, 72.5272827148, 74.2917404175, -123.816802979, 18.6303653717, -6.49731063843, 60.7297554016, 14.8217868805], [488.040344238, -318.122955322, -45.8895263672, 491.644134521, 10.3076810837, 93.65284729, -16.7247753143, 6.91211271286, 45.1109542847, 5.13095521927, -19.9441070557, -16.3931083679, 7.82160329819], [-978.946533203, 413.777679443, 291.617126465, 10.3076810837, 419.859039307, -14.5486803055, 25.2719497681, 9.24625110626, -41.2136573792, 58.3096389771, -7.77910518646, -2.20985007286, 24.0455760956], [150.062805176, -185.343383789, -24.3843574524, 93.65284729, -14.5486803055, 236.288345337, 77.2883834839, 23.8937168121, 18.5174026489, 22.1352043152, 8.83723545074, -26.7128810883, 13.6441221237], [-228.341918945, 115.513198853, 72.5272827148, -16.7247753143, 25.2719497681, 77.2883834839, 227.20791626, 58.5506706238, -59.57654953, 1.24913096428, -0.536474943161, 16.1576881409, -0.595340073109], [-211.882919312, -5.1111035347, 74.2917404175, 6.91211271286, 9.24625110626, 23.8937168121, 58.5506706238, 139.163406372, 19.1341381073, -30.0977611542, 6.96483898163, 6.06950092316, -19.9911632538], [531.686035156, -125.764930725, -123.816802979, 45.1109542847, -41.2136573792, 18.5174026489, -59.57654953, 19.1341381073, 154.307250977, 34.1497001648, -14.1413021088, -14.9101066589, -9.86504745483], [-310.329437256, -34.2473449707, 18.6303653717, 5.13095521927, 58.3096389771, 22.1352043152, 1.24913096428, -30.0977611542, 34.1497001648, 171.355667114, 13.7929868698, -26.7177371979, 36.4229469299], [51.044002533, 23.8716163635, -6.49731063843, -19.9441070557, -7.77910518646, 8.83723545074, -0.536474943161, 6.96483898163, -14.1413021088, 13.7929868698, 115.801887512, 27.9680957794, -19.0386695862], [-85.9598236084, 58.2776947021, 60.7297554016, -16.3931083679, -2.20985007286, -26.7128810883, 16.1576881409, 6.06950092316, -14.9101066589, -26.7177371979, 27.9680957794, 99.071395874, 15.1429700851], [-168.440170288, 9.20116329193, 14.8217868805, 7.82160329819, 24.0455760956, 13.6441221237, -0.595340073109, -19.9911632538, -9.86504745483, 36.4229469299, -19.0386695862, 15.1429700851, 115.713470459]]}, "spectral_energyband_middle_low": {"dmean2": 0.0026872898452, "median": 0.00408358126879, "min": 2.90140188419e-22, "dvar2": 2.57195169979e-05, "dvar": 1.49198776853e-05, "dmean": 0.00208865921013, "max": 0.105875968933, "var": 0.000105330072984, "mean": 0.00764008890837}, "melbands_crest": {"dmean2": 4.28182172775, "median": 11.8559494019, "min": 1.60511910915, "dvar2": 16.6613311768, "dvar": 7.58922052383, "dmean": 2.81417441368, "max": 31.6531352997, "var": 28.5459518433, "mean": 13.0397758484}, "spectral_kurtosis": {"dmean2": 18.4674186707, "median": 13.2248363495, "min": -1.17726767063, "dvar2": 309.831481934, "dvar": 108.547294617, "dmean": 10.640750885, "max": 130.493591309, "var": 234.983673096, "mean": 17.4444084167}, "spectral_rms": {"dmean2": 0.000660775171127, "median": 0.00295054260641, "min": 3.20797121506e-12, "dvar2": 6.38202664049e-07, "dvar": 4.57007587329e-07, "dmean": 0.000552288605832, "max": 0.0128492517397, "var": 4.06242043027e-06, "mean": 0.00332019524649}, "zerocrossingrate": {"dmean2": 0.00659334147349, "median": 0.0419921875, "min": 0.00439453125, "dvar2": 9.81946504908e-05, "dvar": 6.75809496897e-05, "dmean": 0.00591416796669, "max": 0.50537109375, "var": 0.000469800172141, "mean": 0.0429185964167}, "silence_rate_60dB": {"dmean2": 0.172341063619, "median": 0, "min": 0, "dvar2": 0.154397577047, "dvar": 0.0787312090397, "dmean": 0.0861575528979, "max": 1, "var": 0.184135332704, "mean": 0.243373498321}, "erbbands_kurtosis": {"dmean2": 1.05836319923, "median": -0.257149040699, "min": -1.83571398258, "dvar2": 2.06999516487, "dvar": 1.03679180145, "dmean": 0.71770721674, "max": 31.2655200958, "var": 5.33004760742, "mean": 0.348772138357}, "erbbands": {"dmean2": [0.00288210180588, 0.126173272729, 0.885190427303, 1.11858022213, 1.67937934399, 2.86078310013, 3.52634692192, 5.50329208374, 15.834485054, 17.8630180359, 14.8788328171, 10.9191017151, 8.52353668213, 13.9211368561, 13.8171043396, 25.9513339996, 31.6396312714, 30.8217315674, 40.2262306213, 25.5553226471, 16.6558837891, 14.983455658, 8.91094207764, 5.31130647659, 1.82684528828, 0.877635240555, 0.355374962091, 0.507436454296, 0.429726034403, 0.279103189707, 0.0801798179746, 0.0587086714804, 0.00724023906514, 0.000553153338842, 9.57556258072e-05, 2.05127435038e-05, 4.18908257416e-06, 1.33157959681e-06, 2.87002376353e-06, 6.20081254965e-06], "median": [0.00145921984222, 0.0645876601338, 0.326026886702, 0.583322048187, 0.934370040894, 1.74967479706, 2.46248102188, 3.71454572678, 5.87768650055, 6.74617099762, 4.30327987671, 2.97399568558, 2.74723339081, 3.51237368584, 5.03118896484, 8.03903770447, 7.80483627319, 10.4187507629, 10.439037323, 8.94436454773, 6.59990119934, 5.15239620209, 2.9503030777, 1.28512978554, 0.428940653801, 0.190093964338, 0.0738943219185, 0.0564995892346, 0.0479454621673, 0.0275889746845, 0.0121438857168, 0.00522365514189, 0.000780205184128, 8.0931778939e-05, 1.73968182935e-05, 8.38718551677e-06, 4.28846760769e-06, 1.26824375002e-06, 4.71460043627e-06, 1.04181035567e-05], "min": [3.70520444605e-22, 8.61051497789e-22, 1.32283458652e-20, 3.97294363533e-20, 5.18954181635e-20, 1.06702899824e-19, 3.03031749596e-19, 1.93869538414e-19, 6.3067879156e-19, 7.41465675938e-19, 3.76427278553e-19, 8.61748490352e-19, 8.92983967655e-19, 1.40320365193e-18, 2.81569674894e-18, 3.5268346749e-18, 4.31893455768e-18, 4.0587746745e-18, 7.53378482966e-18, 9.10439567211e-18, 7.39013747167e-18, 7.72630863569e-18, 1.09903070845e-17, 1.38788002769e-17, 1.61002450971e-17, 8.56273630031e-18, 1.37245898225e-17, 1.82163269596e-17, 1.60111130774e-17, 1.73534584667e-17, 1.65523224629e-17, 1.47598055319e-17, 1.14321389913e-17, 1.0849524253e-17, 8.41690601268e-18, 5.36240015294e-18, 2.21397372492e-18, 1.10922541999e-18, 3.20360795688e-19, 3.71939015936e-20], "dvar2": [2.69640913757e-05, 0.0509573481977, 2.95890164375, 4.03495454788, 8.77838993073, 29.1824150085, 53.2485694885, 168.792709351, 3480.13208008, 3178.80908203, 2779.29174805, 1492.87817383, 520.91998291, 2042.5748291, 1561.51794434, 6330.23681641, 9091.67480469, 8686.16894531, 23404.2519531, 4266.99609375, 2069.27441406, 1530.74304199, 463.148590088, 341.942382813, 23.7767181396, 6.28174591064, 1.27559506893, 3.70840215683, 2.01866745949, 1.30328989029, 0.0523925200105, 0.0395317785442, 0.000661640369799, 2.83451231553e-06, 1.33447059625e-07, 5.86750825704e-09, 1.0732783412e-10, 4.9861837749e-12, 2.17204882552e-11, 9.87135650998e-11], "dvar": [1.30852786242e-05, 0.0266458056867, 1.50670599937, 1.84729635715, 3.78271269798, 12.0752782822, 27.4226093292, 90.2133712769, 2022.02832031, 1854.18371582, 1457.31750488, 881.766479492, 397.773986816, 1252.21032715, 917.208679199, 3264.53295898, 5466.62207031, 4944.21044922, 17395.3339844, 2379.64990234, 1082.44604492, 754.678283691, 226.553771973, 146.098464966, 11.4262886047, 3.30896067619, 0.707029998302, 2.76170730591, 1.4353812933, 0.63070833683, 0.0258123464882, 0.0197367761284, 0.000333245465299, 1.58272587214e-06, 6.46178932584e-08, 3.30269056548e-09, 6.00939784046e-11, 2.92122619497e-12, 1.46671511742e-11, 6.59329812969e-11], "dmean": [0.00196721870452, 0.0882860273123, 0.617930352688, 0.739191412926, 1.09730625153, 1.85431003571, 2.55325889587, 3.96982574463, 12.041012764, 13.6376008987, 11.4530477524, 8.83683490753, 7.20049381256, 10.796336174, 10.7345924377, 19.0624217987, 24.53565979, 23.8820323944, 30.3534107208, 18.7635059357, 12.0667629242, 10.7906703949, 6.48067760468, 3.61435317993, 1.29319596291, 0.617311060429, 0.262193709612, 0.410621166229, 0.326192051172, 0.192259699106, 0.0559397265315, 0.0401485338807, 0.00495088053867, 0.0003856215626, 6.63720420562e-05, 1.43705992741e-05, 3.15377769766e-06, 9.89073441815e-07, 2.38847201217e-06, 5.1270358199e-06], "max": [0.0520782321692, 3.25372982025, 22.2123584747, 26.7896327972, 48.9152984619, 80.6410675049, 143.258270264, 272.422576904, 1749.30712891, 1204.62011719, 1176.09802246, 1008.87194824, 587.123657227, 1181.39538574, 849.293884277, 1199.06396484, 2138.26586914, 2336.00366211, 9035.84570313, 1401.1451416, 1159.21069336, 931.780212402, 313.28994751, 434.395782471, 61.1137275696, 77.6004943848, 27.1363010406, 101.150344849, 62.0473976135, 24.8698101044, 3.89441156387, 3.95202684402, 0.646208286285, 0.059543479234, 0.011324474588, 0.00237972475588, 0.000367062195437, 6.1334008933e-05, 0.00011520870612, 0.00022407049255], "var": [3.7582933146e-05, 0.0641402155161, 3.66854643822, 4.40784215927, 10.8311719894, 49.2947616577, 117.86542511, 473.520935059, 11504.8916016, 5801.67822266, 4882.40185547, 3416.77416992, 2228.18994141, 5360.86914063, 3257.24658203, 7894.81005859, 19642.1679688, 20027.9140625, 92568.7109375, 9690.71679688, 3747.79370117, 2374.51293945, 686.830322266, 202.192993164, 23.355764389, 11.6896438599, 2.79834485054, 13.9004869461, 6.8996386528, 1.28256773949, 0.0665401518345, 0.0465299636126, 0.000657664786559, 5.05523303218e-06, 1.52962172706e-07, 8.34137292571e-09, 2.34327141024e-10, 1.61512869051e-11, 1.01788071027e-10, 4.61095162052e-10], "mean": [0.00402792030945, 0.158103004098, 1.05319225788, 1.35065281391, 2.21656298637, 4.24847412109, 6.22850465775, 10.823638916, 34.1063270569, 31.3695011139, 26.0729236603, 20.9959087372, 17.952003479, 24.3078403473, 22.8593883514, 36.608165741, 50.1918334961, 56.6238479614, 66.6881332397, 40.6884269714, 27.0916137695, 23.412071228, 13.6390657425, 5.43667268753, 2.08232760429, 1.12648284435, 0.548842787743, 0.85570192337, 0.662645876408, 0.311002314091, 0.0986660793424, 0.0674863904715, 0.00815357733518, 0.000639360572677, 0.000104453938548, 2.80418153125e-05, 8.90142382559e-06, 2.82064252133e-06, 8.52994253364e-06, 1.84394175449e-05]}, "spectral_strongpeak": {"dmean2": 1.00397467613, "median": 0.61662966013, "min": 0, "dvar2": 2.70249581337, "dvar": 1.33584356308, "dmean": 0.63665086031, "max": 27.978351593, "var": 4.61047697067, "mean": 1.48630988598}, "spectral_energy": {"dmean2": 0.00518201151863, "median": 0.0089233443141, "min": 1.05483558053e-20, "dvar2": 6.73702379572e-05, "dvar": 4.4751992391e-05, "dmean": 0.00426972331479, "max": 0.169230848551, "var": 0.000316018878948, "mean": 0.0154632106423}, "average_loudness": 0.580855190754, "spectral_rolloff": {"dmean2": 387.171112061, "median": 1421.19140625, "min": 64.599609375, "dvar2": 400442.53125, "dvar": 204195.375, "dmean": 234.932662964, "max": 19595.2148438, "var": 646633.875, "mean": 1351.21191406}, "spectral_centroid": {"dmean2": 232.271316528, "median": 1008.04931641, "min": 139.748809814, "dvar2": 102608.445313, "dvar": 55087.3867188, "dmean": 164.237930298, "max": 11445.9082031, "var": 243133.265625, "mean": 1041.6776123}, "pitch_salience": {"dmean2": 0.0937927290797, "median": 0.55146509409, "min": 0.0655423626304, "dvar2": 0.00800896715373, "dvar": 0.00344377523288, "dmean": 0.0616719648242, "max": 0.905967235565, "var": 0.0145467594266, "mean": 0.544020354748}, "spectral_energyband_middle_high": {"dmean2": 0.00273055932485, "median": 0.00246883719228, "min": 1.68881240905e-21, "dvar2": 2.75742659142e-05, "dvar": 1.76601370185e-05, "dmean": 0.00221159192733, "max": 0.161176100373, "var": 0.000102081598016, "mean": 0.00642924755812}, "spectral_contrast_coeffs": {"dmean2": [0.0735106691718, 0.0692152827978, 0.0642250403762, 0.0602614693344, 0.0424904599786, 0.0592167116702], "median": [-0.618697285652, -0.678629875183, -0.726511895657, -0.70722091198, -0.723153471947, -0.68271458149], "min": [-0.973902285099, -0.96668356657, -0.97176605463, -0.966214120388, -0.956057548523, -0.958468616009], "dvar2": [0.00349770626053, 0.00358104496263, 0.0030802024994, 0.00293656461872, 0.00145310396329, 0.00232981261797], "dvar": [0.00135653826874, 0.00164598540869, 0.00141233345494, 0.0013640326215, 0.00070702645462, 0.00102983461693], "dmean": [0.0451747998595, 0.0448008663952, 0.0420837067068, 0.0397947579622, 0.0282267350703, 0.0385387763381], "max": [-0.368188709021, -0.329391270876, -0.421629220247, -0.415195345879, -0.541976809502, -0.439264178276], "var": [0.00664577120915, 0.00943726021796, 0.00719080166891, 0.00766865722835, 0.00415072636679, 0.00543284323066], "mean": [-0.618461668491, -0.670515537262, -0.720200717449, -0.705204367638, -0.725331783295, -0.683433949947]}, "melbands_skewness": {"dmean2": 0.686725854874, "median": 1.28230118752, "min": -2.99918365479, "dvar2": 0.700887739658, "dvar": 0.360171347857, "dmean": 0.481356173754, "max": 10.5154218674, "var": 1.58024346828, "mean": 1.47258746624}, "spectral_spread": {"dmean2": 400379.71875, "median": 1775373.5, "min": 564113.875, "dvar2": 442376388608, "dvar": 214099902464, "dmean": 247127.0625, "max": 40373528, "var": 771253338112, "mean": 1852556.75}, "dissonance": {"dmean2": 0.0461297109723, "median": 0.440276116133, "min": 0.177370101213, "dvar2": 0.00199104403146, "dvar": 0.000764387659729, "dmean": 0.0280768107623, "max": 0.499907374382, "var": 0.00199981592596, "mean": 0.431136578321}, "spectral_skewness": {"dmean2": 1.39907169342, "median": 2.11291503906, "min": -0.177371367812, "dvar2": 1.51127636433, "dvar": 0.534879028797, "dmean": 0.813325285912, "max": 9.12610149384, "var": 1.29326677322, "mean": 2.3785007}, "spectral_flux": {"dmean2": 0.0290973335505, "median": 0.0394960194826, "min": 6.87851789416e-11, "dvar2": 0.00107362063136, "dvar": 0.000483811600134, "dmean": 0.0191849414259, "max": 0.266933917999, "var": 0.00158421427477, "mean": 0.0506824031472}, "spectral_contrast_valleys": {"dmean2": [0.708537638187, 0.602156579494, 0.612512469292, 0.606559514999, 0.503899335861, 0.855731487274], "median": [-8.29869842529, -7.42280626297, -8.21172523499, -8.40488243103, -9.19965934753, -13.9499568939], "min": [-27.1208286285, -27.2678012848, -27.1118164063, -27.1456661224, -27.5380401611, -27.3635120392], "dvar2": [0.344752520323, 0.296610236168, 0.288632154465, 0.312320262194, 0.244955837727, 0.501168429852], "dvar": [0.154861077666, 0.14502876997, 0.146971926093, 0.157999515533, 0.145030766726, 0.199639901519], "dmean": [0.452619016171, 0.404992878437, 0.419431984425, 0.420334964991, 0.382339149714, 0.530259072781], "max": [-6.12792301178, -5.12364435196, -4.9287405014, -5.77985715866, -6.88969802856, -10.8620090485], "var": [0.950227022171, 0.981335163116, 1.05908668041, 1.10304760933, 1.18412733078, 0.923699736595], "mean": [-8.38437461853, -7.50837469101, -8.24488353729, -8.48665332794, -9.33242416382, -13.9951324463]}, "erbbands_flatness_db": {"dmean2": 0.0217052474618, "median": 0.295545101166, "min": 0.0367768742144, "dvar2": 0.000476539251395, "dvar": 0.000248548632953, "dmean": 0.0152308065444, "max": 0.431872785091, "var": 0.00134946452454, "mean": 0.295610368252}, "spectral_energyband_high": {"dmean2": 2.79035721178e-05, "median": 6.47102660878e-06, "min": 7.34404067361e-21, "dvar2": 5.75682301829e-09, "dvar": 4.29211555186e-09, "dmean": 2.22150883928e-05, "max": 0.00332050025463, "var": 2.27551240073e-08, "mean": 4.97772380186e-05}, "spectral_entropy": {"dmean2": 0.273214995861, "median": 6.64334630966, "min": 5.17702722549, "dvar2": 0.0783629193902, "dvar": 0.03836196661, "dmean": 0.191292122006, "max": 9.81522750854, "var": 0.180189371109, "mean": 6.62459993362}, "silence_rate_20dB": {"dmean2": 0, "median": 1, "min": 1, "dvar2": 0, "dvar": 0, "dmean": 0, "max": 1, "var": 0, "mean": 1}, "melbands_flatness_db": {"dmean2": 0.0358093157411, "median": 0.284707814455, "min": 0.00292472797446, "dvar2": 0.00143067899626, "dvar": 0.00083231960889, "dmean": 0.0266183447093, "max": 0.599215328693, "var": 0.00551577145234, "mean": 0.2966979146}, "barkbands": {"dmean2": [8.3957024799e-07, 0.000393896392779, 0.000840034859721, 0.000441490788944, 0.000713521847501, 0.000644228537567, 0.00132625293918, 0.000704584992491, 0.000443304190412, 0.000338632060448, 0.000424327532528, 0.000600250263233, 0.000723197183106, 0.000607132795267, 0.000824352260679, 0.000286451133434, 0.000358670076821, 0.000171823674464, 6.08183290751e-05, 1.64692937688e-05, 1.01056148196e-05, 1.2669