{"tonal": {"thpcp": [1, 0.632826149464, 0.265336602926, 0.166228890419, 0.122235246003, 0.242247343063, 0.313028723001, 0.172692984343, 0.0702122151852, 0.063633300364, 0.0934373140335, 0.315794497728, 0.480004608631, 0.355960100889, 0.443501472473, 0.588996350765, 0.358522117138, 0.140489831567, 0.110223926604, 0.166444152594, 0.489798873663, 0.653614342213, 0.347245752811, 0.115364283323, 0.0782800018787, 0.0962883755565, 0.345100015402, 0.575574457645, 0.441932320595, 0.439574360847, 0.575086832047, 0.364254623652, 0.205587252975, 0.22741496563, 0.268158793449, 0.690294921398], "hpcp": {"dmean2": [0.138823240995, 0.0888725295663, 0.0493236854672, 0.0418467856944, 0.0587931536138, 0.137230873108, 0.17611502111, 0.168426960707, 0.184867784381, 0.191896021366, 0.157647013664, 0.0963331386447, 0.0763753503561, 0.105093337595, 0.19025118649, 0.213911429048, 0.167646959424, 0.0876737907529, 0.0612898655236, 0.0739332810044, 0.141085296869, 0.195185691118, 0.197275936604, 0.203730106354, 0.189078271389, 0.141716614366, 0.116578064859, 0.124651521444, 0.174268215895, 0.283661901951, 0.271538287401, 0.24265550077, 0.151443555951, 0.108339563012, 0.0908915698528, 0.124886550009], "median": [0.0179357286543, 0.0113276746124, 0.00360957835801, 0.00253670266829, 0.00615687342361, 0.0271656028926, 0.0391840077937, 0.0471385531127, 0.0462477356195, 0.0454799309373, 0.0248670112342, 0.00793254375458, 0.00446576159447, 0.013105631806, 0.0626127645373, 0.0859799981117, 0.0411931984127, 0.00846349075437, 0.00379549292848, 0.00567004084587, 0.0250480864197, 0.0423728600144, 0.0510210804641, 0.0473038181663, 0.028526397422, 0.0172942299396, 0.0143392076716, 0.0125135881826, 0.027493879199, 0.136127993464, 0.229529201984, 0.114667654037, 0.0196429099888, 0.00648906361312, 0.0082944156602, 0.0162025056779], "min": [2.12620989259e-06, 2.12335135075e-06, 1.66778636412e-06, 1.83756981187e-06, 2.18978811972e-06, 3.16749901685e-06, 1.27423900267e-05, 2.11691549339e-05, 3.69019699065e-06, 2.99760176858e-06, 2.86857834908e-06, 3.00061901726e-06, 3.58935881195e-06, 5.72166800339e-06, 1.58889743034e-05, 2.5535482564e-05, 1.89080983546e-05, 3.99184909838e-06, 2.84242400994e-06, 3.18728484672e-06, 1.64599748587e-06, 2.18187597056e-06, 3.60584044756e-06, 4.92701838084e-06, 4.02460227633e-06, 2.17105389311e-06, 0, 4.12522604165e-06, 3.14063800033e-06, 2.14843953472e-06, 4.58684826299e-06, 3.80440587833e-06, 2.49124332186e-06, 3.79746620638e-06, 1.66041047578e-06, 0], "dvar2": [0.068312510848, 0.0367888361216, 0.0210068579763, 0.0188244879246, 0.0223972387612, 0.055620174855, 0.0823302268982, 0.0611004829407, 0.0731028690934, 0.0846520066261, 0.0665468126535, 0.0404969081283, 0.0333053208888, 0.0419143214822, 0.0784364789724, 0.0871848538518, 0.0697418525815, 0.0331862419844, 0.0336651355028, 0.0328532792628, 0.0579969212413, 0.0939785391092, 0.0810269117355, 0.0926747843623, 0.0921572968364, 0.057429369539, 0.0472135730088, 0.0547866262496, 0.0702790245414, 0.124780520797, 0.10763181746, 0.0941877290606, 0.0702693164349, 0.0554989911616, 0.0383547358215, 0.0551482848823], "dvar": [0.0273920167238, 0.0136411553249, 0.00734550599009, 0.00688180094585, 0.00815075170249, 0.0213814135641, 0.0335342995822, 0.0233228970319, 0.028497915715, 0.0358062535524, 0.0258518625051, 0.0144395297393, 0.0125278830528, 0.0154742849991, 0.0307987276465, 0.0366398356855, 0.026096155867, 0.0124728195369, 0.0123839657754, 0.011381152086, 0.0231127496809, 0.039080735296, 0.0309616550803, 0.0339006371796, 0.0371639840305, 0.0219827145338, 0.017516521737, 0.0206560622901, 0.025550570339, 0.0461779311299, 0.0451284274459, 0.0353540293872, 0.0252978522331, 0.0202233828604, 0.013515451923, 0.0210096742958], "dmean": [0.081869289279, 0.0525069758296, 0.0275532398373, 0.023612299934, 0.0338137298822, 0.0818835198879, 0.104413539171, 0.098277926445, 0.110630527139, 0.112351626158, 0.0927028059959, 0.0543859228492, 0.0426494069397, 0.0604795329273, 0.114619992673, 0.127682983875, 0.0991459861398, 0.0487798862159, 0.0335609689355, 0.0413591191173, 0.0841891691089, 0.115924671292, 0.11706288904, 0.11765589565, 0.110489048064, 0.0843251273036, 0.0665976107121, 0.0702004879713, 0.0986704230309, 0.165136441588, 0.160951435566, 0.143133640289, 0.086859472096, 0.0610465332866, 0.0514137782156, 0.0726382955909], "max": [1, 1, 1, 1, 1, 1, 1, 1, 1, 1, 1, 1, 1, 1, 1, 1, 1, 1, 1, 1, 1, 1, 1, 1, 1, 1, 1, 1, 1, 1, 1, 1, 1, 1, 1, 1], "var": [0.0538655519485, 0.0193794798106, 0.00823688041419, 0.00960707012564, 0.0100869005546, 0.0411923415959, 0.0867565646768, 0.0407621115446, 0.0615678243339, 0.108893997967, 0.0514261685312, 0.0162941943854, 0.0170000027865, 0.0187308751047, 0.0695879161358, 0.105685658753, 0.0402353145182, 0.0114749372005, 0.0116337472573, 0.00976333767176, 0.0472073480487, 0.106691911817, 0.0570688247681, 0.0573309659958, 0.113878771663, 0.0559284836054, 0.027491170913, 0.0382199324667, 0.0298929736018, 0.0868585631251, 0.14265742898, 0.0774029120803, 0.0405360199511, 0.026686757803, 0.0124777667224, 0.0335308276117], "mean": [0.118469268084, 0.0653576180339, 0.0265726074576, 0.0240827444941, 0.0353624112904, 0.119516007602, 0.181663185358, 0.134717136621, 0.167848154902, 0.222912341356, 0.13568675518, 0.0531699694693, 0.0417154952884, 0.0629926770926, 0.185369938612, 0.247367754579, 0.131419092417, 0.0436609201133, 0.0296259541065, 0.0364414267242, 0.130607008934, 0.217832669616, 0.167254298925, 0.166361898184, 0.217648133636, 0.137856289744, 0.0778068229556, 0.0860677734017, 0.101487733424, 0.261249929667, 0.378461331129, 0.23950022459, 0.100419647992, 0.0629112049937, 0.0462613143027, 0.0916812494397]}, "tuning_equal_tempered_deviation": 0.0260649044067, "chords_changes_rate": 0.0505453571677, "key_key": "C", "tuning_diatonic_strength": 0.70365524292, "key_scale": "major", "chords_number_rate": 0.00345836649649, "tuning_frequency": 442.548919678, "tuning_nontempered_energy_ratio": 0.695690274239, "chords_histogram": [32.2692222595, 6.30486822128, 24.1553611755, 2.28784251213, 1.96860861778, 0.984304308891, 0.159616917372, 2.07501983643, 3.05932426453, 0.212822556496, 0.771481752396, 0, 0.399042308331, 0.5586591959, 0.638467669487, 1.94200587273, 0.0532056391239, 1.96860861778, 0.239425376058, 1.70258045197, 0.212822556496, 12.2638998032, 2.15482831001, 3.61798357964], "key_strength": 0.87073558569, "chords_key": "C", "chords_strength": {"dmean2": 0.00760482950136, "median": 0.531244814396, "min": 0.18969155848, "dvar2": 4.93864281452e-05, "dvar": 6.24200329185e-05, "dmean": 0.00991336628795, "max": 0.843079447746, "var": 0.0156590417027, "mean": 0.536249101162}, "chords_scale": "major", "hpcp_entropy": {"dmean2": 1.03743886948, "median": 1.69905817509, "min": 0.0368592105806, "dvar2": 0.681331813335, "dvar": 0.245331063867, "dmean": 0.607371807098, "max": 4.23273086548, "var": 0.537931919098, "mean": 1.67691457272}}, "metadata": {"audio_properties": {"equal_loudness": 0, "codec": "flac", "downmix": "mix", "sample_rate": 44100, "analysis_sample_rate": 44100, "bit_rate": 0, "md5_encoded": "077a492a7d591090734cf4fd85399741", "length": 174.520004272, "replay_gain": -10.4555110931, "lossless": true}, "version": {"essentia_build_sha": "2d9f1f26377add8aeb1075a9c2973f962c4f09fd", "essentia": "2.1-beta2", "extractor": "music 1.0", "essentia_git_sha": "v2.1_beta2-1-ge3940c0"}, "tags": {"title": ["Graduation Ball Suite: No. 3. Impromptu Dance"], "barcode": ["028947879466"], "media": ["CD"], "albumartist": ["Various Artists"], "tracktotal": ["28"], "albumartistsort": ["Various Artists"], "performer": ["New Symphony Orchestra of London (orchestra)"], "releasetype": ["album", "compilation"], "musicbrainz_recordingid": ["0ddd1284-84ef-41d3-9768-b5f4ed7c9d94"], "composer": ["Johann Strauss II"], "musicbrainz_releasegroupid": ["021c4010-b1f9-493b-9c64-1c1f8609db19"], "musicbrainz_albumartistid": ["89ad4ac3-39f7-470e-963a-56509c546377"], "originalyear": ["2015"], "musicbrainz_releasetrackid": ["49e4798a-3baf-4694-a7c5-becbbc2dc734"], "discnumber": ["21"], "catalognumber": ["478 7946"], "releasecountry": ["XE"], "file_name": "CD21 04 Graduation Ball Suite_ No. 3. Impromptu Dance.flac", "compilation": ["1"], "originaldate": ["2015-02"], "producer": ["John Culshaw"], "date": ["2015-02"], "genre": ["Classical Box Set, Classical, Box Set"], "disctotal": ["53"], "releasestatus": ["official"], "musicbrainz_artistid": ["8255db36-4902-4cf6-8612-0f2b4288bc9a"], "asin": ["B00QHL0V3C"], "musicbrainz_albumid": ["31c5f0d9-003e-4ad7-8a69-e42e9d45c226"], "artist": ["Johann Strauss II"], "tracknumber": ["4"], "artistsort": ["Strauss, Johann, II"], "album": ["Decca Sound: Mono Years: 1944-1956"], "label": ["Decca Classics"], "totaltracks": ["28"], "totaldiscs": ["53"], "script": ["Latn"], "conductor": ["Anatole Fistoulari"]}}, "rhythm": {"bpm_histogram_first_peak_bpm": {"dmean2": 0, "median": 112, "min": 112, "dvar2": 0, "dvar": 0, "dmean": 0, "max": 112, "var": 0, "mean": 112}, "bpm": 110.94178772, "bpm_histogram_second_peak_spread": {"dmean2": 0, "median": 0.451612859964, "min": 0.451612859964, "dvar2": 0, "dvar": 0, "dmean": 0, "max": 0.451612859964, "var": 0, "mean": 0.451612859964}, "bpm_histogram_first_peak_weight": {"dmean2": 0, "median": 0.146417438984, "min": 0.146417438984, "dvar2": 0, "dvar": 0, "dmean": 0, "max": 0.146417438984, "var": 0, "mean": 0.146417438984}, "onset_rate": 1.85065507889, "beats_position": [0.53405892849, 1.07972788811, 1.62539684772, 2.18267560005, 2.73995471001, 3.29723358154, 3.84290242195, 4.38857126236, 4.94585037231, 5.4915189743, 6.03718805313, 6.59446716309, 7.14013576508, 7.73224496841, 8.32435321808, 8.90485286713, 9.46213150024, 10.0194101334, 10.5650787354, 11.110748291, 11.656416893, 12.202085495, 12.7361450195, 13.2702035904, 13.8042631149, 14.3383216858, 14.8839902878, 15.4296598434, 15.9753284454, 16.5209980011, 17.0666656494, 17.6239452362, 18.1580047607, 18.6920623779, 19.2261219025, 19.760181427, 20.2942390442, 20.8282985687, 21.3623580933, 21.8964176178, 22.4072551727, 22.9297046661, 23.4521541595, 23.9629936218, 24.4738311768, 24.984670639, 25.4955101013, 26.0063495636, 26.5171871185, 27.0280265808, 27.5388660431, 28.0613155365, 28.5605430603, 29.0713825226, 29.5706119537, 30.0698413849, 30.5690689087, 31.0682983398, 31.5559177399, 32.0551452637, 32.5543746948, 33.053604126, 33.5528335571, 34.0520629883, 34.5745124817, 35.0969619751, 35.6310195923, 36.118637085, 36.5946464539, 37.151927948, 37.6975975037, 38.2432632446, 38.8005447388, 39.3578224182, 39.9151000977, 40.4491615295, 40.9832191467, 41.5172767639, 42.0165061951, 42.5157356262, 43.0149650574, 43.5141944885, 44.0134239197, 44.5126533508, 45.011882782, 45.5111083984, 46.0219497681, 46.5095672607, 46.9971885681, 47.4848060608, 47.9840354919, 48.4832649231, 48.9708824158, 49.4585037231, 49.9461212158, 50.4221305847, 50.9213600159, 51.420589447, 51.9198188782, 52.5467567444, 53.1736946106, 53.8006324768, 54.4275741577, 54.9848518372, 55.5189094543, 56.0529708862, 56.6102485657, 57.1675262451, 57.736415863, 58.305305481, 58.8741950989, 59.4430847168, 60.01197052, 60.5808601379, 61.1845779419, 61.7882995605, 62.3920173645, 62.9725151062, 63.5530128479, 64.1451263428, 64.7372360229, 65.3293380737, 65.9214477539, 66.5251693726, 67.1288909912, 67.7326049805, 68.3363265991, 68.9632644653, 69.5902023315, 70.1939239502, 70.7976379395, 71.4013595581, 72.0050811768, 72.608795166, 73.2241287231, 73.8278427124, 74.4199523926, 75.0120620728, 75.6041717529, 76.1962814331, 76.7883911133, 77.4733810425, 78.1583633423, 78.8433532715, 79.5283432007, 80.2249450684, 80.8634872437, 81.5136489868, 82.1289749146, 82.7443084717, 83.3828582764, 84.0097961426, 84.6251220703, 85.2404556274, 85.8441696167, 86.4711074829, 87.0980453491, 87.7133789063, 88.3403167725, 88.9556427002, 89.5593643188, 90.1630859375, 90.7667999268, 91.3705215454, 91.9742355347, 92.6011810303, 93.2281188965, 93.7970046997, 94.3658905029, 94.9347839355, 95.4920654297, 96.0493392944, 96.5950088501, 97.1290664673, 97.6631240845, 98.1855773926, 98.7080230713, 99.2420806885, 99.7761459351, 100.310203552, 100.844261169, 101.378318787, 101.912376404, 102.44644165, 102.968887329, 103.491333008, 104.013786316, 104.536231995, 105.070289612, 105.604354858, 106.138412476, 106.672470093, 107.20652771, 107.740585327, 108.274642944, 108.8203125, 109.365982056, 109.911651611, 110.480545044, 111.037818909, 111.595100403, 112.152381897, 112.698051453, 113.243713379, 113.789382935, 114.33505249, 114.880722046, 115.426391602, 115.972061157, 116.517730713, 117.063400269, 117.609069824, 118.143127441, 118.677185059, 119.211242676, 119.745300293, 120.27936554, 120.801811218, 121.324264526, 121.835098267, 122.345939636, 122.856781006, 123.367614746, 123.878456116, 124.389297485, 124.900131226, 125.410972595, 125.921813965, 126.432647705, 126.943489075, 127.454330444, 127.965164185, 128.476013184, 128.998458862, 129.509292603, 130.031738281, 130.54258728, 131.099868774, 131.668746948, 132.226028442, 132.783309937, 133.340591431, 133.897872925, 134.45513916, 135.024032593, 135.604537964, 136.173416138, 136.74230957, 137.311203003, 137.891693115, 138.460586548, 139.02947998, 139.598358154, 140.155639648, 140.712921143, 141.281814575, 141.850692749, 142.43119812, 142.965255737, 143.499313354, 144.033370972, 144.544219971, 145.055053711, 145.565887451, 146.07673645, 146.58757019, 147.086807251, 147.586029053, 148.085250854, 148.584487915, 149.072113037, 149.5597229, 150.047348022, 150.523345947, 151.010971069, 151.498596191, 151.974594116, 152.438995361, 152.903396606, 153.367797852, 153.832199097, 154.296600342, 154.749389648, 155.202178955, 155.654968262, 156.107757568, 156.560546875, 157.013336182, 157.477722168, 157.942123413, 158.406524658, 158.870925903, 159.335327148, 159.799728394, 160.275741577, 160.76335144, 161.239364624, 161.715377808, 162.191375732, 162.655776978, 163.120178223, 163.584579468, 164.048980713, 164.513381958, 164.977767944, 165.442169189, 165.918182373, 166.394195557, 166.905029297, 167.404266357, 167.915100098, 168.40272522, 168.890335083, 169.4243927, 169.958450317, 170.480911255, 171.014968872, 171.549026489, 172.083084106, 172.628753662, 173.174423218, 173.731704712], "beats_loudness": {"dmean2": 0.0114596784115, "median": 0.00317077641375, "min": 7.4131276051e-07, "dvar2": 0.000381437537726, "dvar": 0.000142303775647, "dmean": 0.00699358200654, "max": 0.093916118145, "var": 0.000375762640033, "mean": 0.0130111919716}, "danceability": 0.766623139381, "bpm_histogram_second_peak_weight": {"dmean2": 0, "median": 0.105919003487, "min": 0.105919003487, "dvar2": 0, "dvar": 0, "dmean": 0, "max": 0.105919003487, "var": 0, "mean": 0.105919003487}, "beats_count": 322, "bpm_histogram_second_peak_bpm": {"dmean2": 0, "median": 117, "min": 117, "dvar2": 0, "dvar": 0, "dmean": 0, "max": 117, "var": 0, "mean": 117}, "bpm_histogram_first_peak_spread": {"dmean2": 0, "median": 0.626984119415, "min": 0.626984119415, "dvar2": 0, "dvar": 0, "dmean": 0, "max": 0.626984119415, "var": 0, "mean": 0.626984119415}, "beats_loudness_band_ratio": {"dmean2": [0.365221887827, 0.336646914482, 0.3235052526, 0.214164540172, 0.10035097599, 0.0187052991241], "median": [0.153835445642, 0.273655056953, 0.280520111322, 0.119632266462, 0.0301170405, 0.00333321420476], "min": [0.000542901630979, 0.00351027306169, 0.00262811174616, 0.001165626687, 3.97080657422e-05, 5.5135187722e-05], "dvar2": [0.107190653682, 0.0712380185723, 0.0721495226026, 0.040328592062, 0.0297556705773, 0.00183957349509], "dvar": [0.0392699427903, 0.0253499168903, 0.0229688100517, 0.0151247726753, 0.0101622724906, 0.000627628003713], "dmean": [0.20901350677, 0.195977404714, 0.185057148337, 0.12358212471, 0.0552909225225, 0.0103273997083], "max": [0.959375500679, 0.935523152351, 0.801464617252, 0.738375425339, 0.84019947052, 0.314454972744], "var": [0.0643782764673, 0.0419711358845, 0.0389613099396, 0.0208014883101, 0.00739829521626, 0.000456694688182], "mean": [0.247153833508, 0.299002051353, 0.314431756735, 0.156351864338, 0.0565022900701, 0.010041795671]}}, "lowlevel": {"barkbands_spread": {"dmean2": 4.13566923141, "median": 9.10415172577, "min": 0.194097161293, "dvar2": 24.0376243591, "dvar": 10.0951757431, "dmean": 2.67268013954, "max": 69.9969558716, "var": 63.3972206116, "mean": 10.8657512665}, "melbands_spread": {"dmean2": 5.60467100143, "median": 11.4249124527, "min": 0.375152975321, "dvar2": 44.9277038574, "dvar": 20.3950939178, "dmean": 3.66713833809, "max": 136.013687134, "var": 166.547424316, "mean": 14.5662260056}, "hfc": {"dmean2": 2.51858901978, "median": 1.08234167099, "min": 0.000194433523575, "dvar2": 35.1230239868, "dvar": 16.4528884888, "dmean": 1.72499573231, "max": 162.501342773, "var": 195.614181519, "mean": 7.64894485474}, "barkbands_kurtosis": {"dmean2": 5.10242176056, "median": 2.11456942558, "min": -1.9579552412, "dvar2": 126.273017883, "dvar": 54.7942810059, "dmean": 3.25078129768, "max": 405.73034668, "var": 171.760375977, "mean": 5.43139076233}, "gfcc": {"mean": [-185.491729736, 140.826171875, -118.25793457, 0.313226372004, -51.4457054138, -2.44183087349, -31.1922588348, 3.94453454018, -13.4539136887, 2.46850562096, -3.48487854004, -0.991125881672, -7.99420595169], "icov": [[0.000325510685798, -0.00075889605796, 0.00079896004172, -0.000865664042067, 0.00102027354296, -0.000908710819203, 0.000813365739305, -0.000551157048903, 0.000499101530295, -0.000129929074319, 0.000461176852696, -0.000467881269287, 0.000434488203609], [-0.00075889605796, 0.00372669310309, -0.00214192038402, 0.00320963258855, -0.00305672828108, 0.0027859294787, -0.00315637118183, 0.00345957349055, -0.00271398155019, 0.00160774646793, -0.0021986104548, 0.00410357210785, -0.00264751398936], [0.00079896004172, -0.00214192038402, 0.00285698939115, -0.00213824771345, 0.00189687521197, -0.0023716611322, 0.0015407956671, -0.00195291568525, 0.00168924615718, -0.00132539495826, 0.00202082749456, -0.00190767843742, 0.00154007587116], [-0.000865664042067, 0.00320963258855, -0.00213824771345, 0.00592923536897, -0.00429378962144, 0.00187631405424, -0.00229422538541, 0.00190279597882, -0.00186537206173, 0.00238174456172, -0.00164856691845, 0.00301436358131, -0.00122087798081], [0.00102027354296, -0.00305672828108, 0.00189687521197, -0.00429378962144, 0.00846331007779, -0.00339855463244, 0.00123206374701, -0.00184687576257, 0.000934002571739, -0.000475840759464, 0.000956690229941, -0.00303570809774, 0.00307182990946], [-0.000908710819203, 0.0027859294787, -0.0023716611322, 0.00187631405424, -0.00339855463244, 0.00990481488407, -0.00506114447489, 0.000511995633133, 0.00152316340245, -0.00408450840041, 0.00154315365944, 0.00343654141761, -0.00417975476012], [0.000813365739305, -0.00315637118183, 0.0015407956671, -0.00229422538541, 0.00123206374701, -0.00506114447489, 0.0145559208468, -0.00435940176249, -0.00184188003186, 0.00346921337768, -0.00115472008474, -0.00322666717693, 0.00420776708052], [-0.000551157048903, 0.00345957349055, -0.00195291568525, 0.00190279597882, -0.00184687576257, 0.000511995633133, -0.00435940176249, 0.0121433893219, -0.00453922245651, 0.00107371772174, -0.00259078340605, 0.00239221355878, -0.00115348503459], [0.000499101530295, -0.00271398155019, 0.00168924615718, -0.00186537206173, 0.000934002571739, 0.00152316340245, -0.00184188003186, -0.00453922245651, 0.0156255308539, -0.00848281383514, 0.00307857315056, -0.00121736514848, -0.00262579368427], [-0.000129929074319, 0.00160774646793, -0.00132539495826, 0.00238174456172, -0.000475840759464, -0.00408450840041, 0.00346921337768, 0.00107371772174, -0.00848281383514, 0.0167751144618, -0.00756673095748, 0.00139595428482, 0.000681694073137], [0.000461176852696, -0.0021986104548, 0.00202082749456, -0.00164856691845, 0.000956690229941, 0.00154315365944, -0.00115472008474, -0.00259078340605, 0.00307857315056, -0.00756673095748, 0.0172643885016, -0.00845229160041, 0.00177060742863], [-0.000467881269287, 0.00410357210785, -0.00190767843742, 0.00301436358131, -0.00303570809774, 0.00343654141761, -0.00322666717693, 0.00239221355878, -0.00121736514848, 0.00139595428482, -0.00845229160041, 0.0203553829342, -0.00941547378898], [0.000434488203609, -0.00264751398936, 0.00154007587116, -0.00122087798081, 0.00307182990946, -0.00417975476012, 0.00420776708052, -0.00115348503459, -0.00262579368427, 0.000681694073137, 0.00177060742863, -0.00941547378898, 0.0163043215871]], "cov": [[22093.9609375, 422.232025146, -4637.19628906, 396.093261719, -1399.49523926, 16.6817054749, -704.253295898, -499.2628479, -452.755554199, -513.142150879, -368.508575439, -433.683502197, 99.9615478516], [422.232025146, 1393.78381348, 129.310699463, -338.730712891, 61.4250488281, -168.604919434, 83.5597610474, -182.379669189, 117.900802612, -44.2574119568, 15.8782596588, -96.003692627, 51.9029350281], [-4637.19628906, 129.310699463, 1740.19372559, 46.6539115906, 332.54095459, 148.875350952, 179.15852356, 140.302841187, 74.4761810303, 120.938949585, 4.10790061951, 34.2415657043, -50.8415336609], [396.093261719, -338.730712891, 46.6539115906, 475.673400879, 116.975502014, 79.1167373657, 17.9914875031, 45.4965400696, -51.0754013062, -52.3846664429, -42.0851898193, -30.0973777771, -56.3737678528], [-1399.49523926, 61.4250488281, 332.54095459, 116.975502014, 320.628265381, 46.6115493774, 90.8580169678, 43.1560668945, 33.8973312378, 18.0096282959, 18.8590965271, 10.8617258072, -35.3066596985], [16.6817054749, -168.604919434, 148.875350952, 79.1167373657, 46.6115493774, 231.781356812, 35.8662757874, 59.2735290527, -9.92770671844, 46.9819335938, -26.8572158813, -10.4660720825, 2.92293477058], [-704.253295898, 83.5597610474, 179.15852356, 17.9914875031, 90.8580169678, 35.8662757874, 140.620498657, 48.0877914429, 38.6406097412, 5.70434570313, 19.7978229523, 8.20882320404, -15.4772062302], [-499.2628479, -182.379669189, 140.302841187, 45.4965400696, 43.1560668945, 59.2735290527, 48.0877914429, 157.590652466, 35.8416671753, 39.1106567383, 19.3933563232, 22.2045955658, -5.49934864044], [-452.755554199, 117.900802612, 74.4761810303, -51.0754013062, 33.8973312378, -9.92770671844, 38.6406097412, 35.8416671753, 135.362915039, 66.6667022705, 32.3706512451, 20.4507904053, 31.2899894714], [-513.142150879, -44.2574119568, 120.938949585, -52.3846664429, 18.0096282959, 46.9819335938, 5.70434570313, 39.1106567383, 66.6667022705, 139.34072876, 53.1530570984, 32.5941009521, 19.0485725403], [-368.508575439, 15.8782596588, 4.10790061951, -42.0851898193, 18.8590965271, -26.8572158813, 19.7978229523, 19.3933563232, 32.3706512451, 53.1530570984, 114.723670959, 57.6374053955, 18.5004577637], [-433.683502197, -96.003692627, 34.2415657043, -30.0973777771, 10.8617258072, -10.4660720825, 8.20882320404, 22.2045955658, 20.4507904053, 32.5941009521, 57.6374053955, 112.339164734, 45.7482299805], [99.9615478516, 51.9029350281, -50.8415336609, -56.3737678528, -35.3066596985, 2.92293477058, -15.4772062302, -5.49934864044, 31.2899894714, 19.0485725403, 18.5004577637, 45.7482299805, 107.337806702]]}, "spectral_energyband_middle_low": {"dmean2": 0.00276372092776, "median": 0.00112677039579, "min": 1.23371233229e-08, "dvar2": 4.03587291657e-05, "dvar": 1.67860835063e-05, "dmean": 0.00187989266124, "max": 0.0974651500583, "var": 0.000136987306178, "mean": 0.00672164699063}, "melbands_crest": {"dmean2": 4.79007482529, "median": 12.9267396927, "min": 3.92803430557, "dvar2": 16.8858222961, "dvar": 6.84743070602, "dmean": 2.98235154152, "max": 37.6488456726, "var": 27.8568954468, "mean": 13.8246412277}, "spectral_kurtosis": {"dmean2": 8.66455459595, "median": 12.5415000916, "min": 0.943809211254, "dvar2": 98.7477645874, "dvar": 35.0743675232, "dmean": 5.09728050232, "max": 84.757232666, "var": 147.232192993, "mean": 16.2005653381}, "spectral_rms": {"dmean2": 0.000412272580434, "median": 0.00148025515955, "min": 1.61211428349e-05, "dvar2": 3.05746283402e-07, "dvar": 1.4026497297e-07, "dmean": 0.000290562049486, "max": 0.010278115049, "var": 4.91286482429e-06, "mean": 0.00232121674344}, "zerocrossingrate": {"dmean2": 0.00542820617557, "median": 0.033203125, "min": 0.0029296875, "dvar2": 3.15943107125e-05, "dvar": 2.27983036893e-05, "dmean": 0.00450432300568, "max": 0.22216796875, "var": 0.000373293150915, "mean": 0.035860773176}, "silence_rate_60dB": {"dmean2": 0.071856290102, "median": 1, "min": 0, "dvar2": 0.0746777057648, "dvar": 0.0346334204078, "dmean": 0.0359233617783, "max": 1, "var": 0.245708286762, "mean": 0.565518140793}, "erbbands_kurtosis": {"dmean2": 2.88548350334, "median": 0.584202945232, "min": -1.80004489422, "dvar2": 46.2929420471, "dvar": 20.7961578369, "dmean": 1.83722758293, "max": 224.172180176, "var": 123.170776367, "mean": 2.71464657784}, "erbbands": {"dmean2": [0.00587444705889, 0.104050450027, 0.321653991938, 1.16938483715, 3.82658696175, 2.61796188354, 5.7651386261, 14.0887413025, 7.6336684227, 14.0811319351, 12.6968917847, 22.2733612061, 16.6544933319, 14.5879068375, 23.5590171814, 12.710981369, 28.541097641, 18.9612083435, 12.1616659164, 10.4083566666, 6.10274791718, 5.71464300156, 6.52360677719, 3.97947025299, 2.11175990105, 1.46545481682, 0.615258216858, 0.412376344204, 0.334173619747, 0.20075969398, 0.152655541897, 0.090314373374, 0.0463877096772, 0.0366854630411, 0.0191273037344, 0.00959190633148, 0.00448454963043, 0.000938406446949, 5.67507704545e-05, 5.13039731231e-06], "median": [0.00124186254106, 0.0288396924734, 0.0832745581865, 0.0846298336983, 0.146798178554, 0.304229110479, 0.797550499439, 2.16769766808, 2.18075656891, 2.53864312172, 2.43731927872, 1.5406692028, 1.26461136341, 0.960427880287, 1.29196310043, 1.07951915264, 0.947638630867, 0.878178298473, 0.508875489235, 0.490152359009, 0.338844329119, 0.275667220354, 0.173351600766, 0.150986790657, 0.0802198946476, 0.0521901212633, 0.0240362156183, 0.019312094897, 0.0092034721747, 0.00479787355289, 0.0042917043902, 0.00217174016871, 0.0013228073949, 0.000623071391601, 0.000269837473752, 9.24944906728e-05, 2.99117618852e-05, 8.86643647391e-06, 3.11249777951e-06, 2.83492659037e-06], "min": [8.67243102221e-07, 9.99110852717e-06, 1.15248221846e-05, 6.84578481014e-06, 4.69624637844e-06, 8.46840066515e-06, 7.25941208657e-06, 6.34502202956e-06, 3.64851393897e-06, 4.72894362247e-06, 2.64022310148e-06, 4.75918204756e-06, 1.06759516711e-05, 1.03997963379e-05, 1.3408804989e-05, 1.45948397403e-05, 1.98978905246e-05, 2.88616574835e-05, 3.46119049937e-05, 2.9796094168e-05, 3.94650342059e-05, 3.02553635265e-05, 3.55183619831e-05, 3.39801954397e-05, 5.21900838066e-05, 5.173151294e-05, 4.88726436743e-05, 5.50245567865e-05, 4.71644780191e-05, 5.58407882636e-05, 5.82277280046e-05, 5.03728515469e-05, 2.68207513727e-05, 1.45136718857e-05, 6.79546974425e-06, 3.67858410755e-06, 1.1015885093e-06, 3.34510872335e-07, 5.66224045428e-08, 4.59561011468e-09], "dvar2": [0.000195729808183, 0.0522860921919, 0.714271366596, 12.8483572006, 194.1381073, 51.6329727173, 218.696014404, 1691.70983887, 353.300689697, 1379.60131836, 1001.09063721, 4558.43945313, 2625.56958008, 3000.48242188, 6421.63183594, 1539.33374023, 9346.46972656, 4648.02441406, 2230.125, 2010.0279541, 327.130706787, 283.406890869, 660.602233887, 179.651367188, 62.4958381653, 18.2677650452, 3.79609084129, 2.1499812603, 1.49006462097, 0.610865235329, 0.486032873392, 0.566537022591, 0.127356782556, 0.248181253672, 0.143751040101, 0.0728211328387, 0.0299560278654, 0.00135985214729, 4.1017433432e-06, 2.38263897501e-09], "dvar": [9.8985277873e-05, 0.023601744324, 0.299869209528, 4.42483282089, 64.0341796875, 19.4942378998, 99.7908401489, 717.006347656, 153.841293335, 596.065490723, 494.599578857, 2047.18994141, 1084.66040039, 1151.19177246, 2443.96191406, 555.022827148, 3326.01318359, 1730.78015137, 843.146362305, 747.671630859, 130.598266602, 104.882202148, 269.281097412, 67.7078552246, 23.5191841125, 6.98662900925, 1.5471701622, 0.939358770847, 0.645224988461, 0.291527628899, 0.278802841902, 0.348016113043, 0.0902972668409, 0.176476642489, 0.116721071303, 0.0436073131859, 0.0150222741067, 0.000698346062563, 2.1230632683e-06, 1.24686128089e-09], "dmean": [0.00417172815651, 0.0714827924967, 0.210724115372, 0.675334393978, 2.20005846024, 1.60597729683, 3.82563710213, 9.62814331055, 5.14193677902, 9.38134384155, 8.78119945526, 14.7011709213, 10.8255443573, 9.17520809174, 14.5413017273, 7.71813964844, 17.021314621, 11.410449028, 7.33615875244, 6.38659954071, 3.78265500069, 3.46112012863, 4.00283956528, 2.47250270844, 1.29687964916, 0.886816740036, 0.38464781642, 0.268243849277, 0.218558415771, 0.132149115205, 0.103553630412, 0.0639744773507, 0.0340792275965, 0.0262157674879, 0.0147112989798, 0.00634708674625, 0.00292210537009, 0.000630984839518, 3.95322458644e-05, 3.499550985e-06], "max": [0.294500499964, 4.41964673996, 18.9932670593, 48.1403236389, 172.664794922, 128.163192749, 266.613586426, 780.686462402, 301.973693848, 583.423400879, 613.127502441, 993.814086914, 983.041992188, 1024.5057373, 1397.31921387, 553.655639648, 1085.86560059, 1258.90759277, 812.367004395, 1389.67822266, 468.993225098, 212.918930054, 743.411071777, 219.994537354, 151.160827637, 72.3507919312, 38.4933547974, 30.5148487091, 28.6862850189, 27.640625, 34.7311859131, 51.4344139099, 26.9927539825, 36.3798904419, 31.5673942566, 15.5330715179, 9.15765762329, 2.01762104034, 0.114178329706, 0.00276201334782], "var": [0.000498577428516, 0.109665282071, 1.06686151028, 6.64860916138, 80.5301055908, 49.7135505676, 398.571502686, 2963.65307617, 538.258056641, 1523.01269531, 1732.99133301, 5366.89404297, 3231.96923828, 2570.00585938, 4050.8034668, 1039.5, 6272.8515625, 4490.20214844, 1926.01135254, 1769.53686523, 341.855621338, 281.611694336, 610.447631836, 175.920516968, 61.0371131897, 23.7029647827, 7.04484033585, 3.54800844193, 2.55845117569, 1.13055813313, 0.944893181324, 0.80861967802, 0.284408062696, 0.444591641426, 0.267037659883, 0.0718486011028, 0.0179210100323, 0.000866754562594, 2.75526895166e-06, 2.13958739614e-09], "mean": [0.00960369873792, 0.159320890903, 0.440389037132, 0.972788333893, 2.85452628136, 3.03265070915, 8.50672245026, 21.9372501373, 11.6587696075, 17.0703907013, 18.4326248169, 26.9582080841, 21.766582489, 16.1607265472, 23.5728721619, 13.5515632629, 26.9642353058, 21.0826663971, 12.9948749542, 11.1256790161, 7.28179836273, 6.79182434082, 7.76891183853, 4.92783975601, 2.71522521973, 1.91092097759, 0.967923223972, 0.66170668602, 0.527068912983, 0.316723555326, 0.244908481836, 0.135635524988, 0.0798190385103, 0.0531510487199, 0.0246689226478, 0.00994816608727, 0.00344936200418, 0.000724222569261, 5.21267829754e-05, 1.37835941132e-05]}, "spectral_strongpeak": {"dmean2": 0.57383030653, "median": 0.310813248158, "min": 0, "dvar2": 1.1585277319, "dvar": 0.444389015436, "dmean": 0.35034185648, "max": 11.2390155792, "var": 0.919850170612, "mean": 0.683333575726}, "spectral_energy": {"dmean2": 0.00337412487715, "median": 0.00224593421444, "min": 2.66388497039e-07, "dvar2": 4.98653098475e-05, "dvar": 2.13416824408e-05, "dmean": 0.00228016776964, "max": 0.108280651271, "var": 0.000301892578136, "mean": 0.0105584301054}, "average_loudness": 0.0550763197243, "spectral_rolloff": {"dmean2": 303.967254639, "median": 775.1953125, "min": 43.06640625, "dvar2": 180362.9375, "dvar": 84730.5625, "dmean": 178.222900391, "max": 10551.2695313, "var": 357096.46875, "mean": 902.621459961}, "spectral_centroid": {"dmean2": 183.333618164, "median": 689.490234375, "min": 111.152313232, "dvar2": 47147.7304688, "dvar": 22153.1601563, "dmean": 123.389328003, "max": 3221.89868164, "var": 229083.8125, "mean": 824.114868164}, "pitch_salience": {"dmean2": 0.102880179882, "median": 0.515493988991, "min": 0.0610313490033, "dvar2": 0.00759392930195, "dvar": 0.00303478562273, "dmean": 0.0648014470935, "max": 0.840528607368, "var": 0.015840144828, "mean": 0.505016982555}, "spectral_energyband_middle_high": {"dmean2": 0.00157801096793, "median": 0.000284352950985, "min": 1.10048317126e-08, "dvar2": 1.482697553e-05, "dvar": 5.80408050155e-06, "dmean": 0.00100454781204, "max": 0.042629621923, "var": 3.47826207872e-05, "mean": 0.00298227695748}, "spectral_contrast_coeffs": {"dmean2": [0.0728213489056, 0.0668278485537, 0.0573414601386, 0.0465261265635, 0.0315209664404, 0.0197838712484], "median": [-0.69783872366, -0.725544512272, -0.743698179722, -0.764496326447, -0.784566938877, -0.788494110107], "min": [-0.920274972916, -0.950044870377, -0.953815698624, -0.940200388432, -0.927822768688, -0.909498035908], "dvar2": [0.00352660380304, 0.00291147525422, 0.00211008335464, 0.00142871739808, 0.000686940504238, 0.000294163590297], "dvar": [0.00126616994385, 0.00111022929195, 0.000830898643471, 0.000590140465647, 0.000296787533443, 0.000131837237859], "dmean": [0.043948341161, 0.0419377759099, 0.0359413288534, 0.0289447624236, 0.019821677357, 0.0125802056864], "max": [-0.334948986769, -0.37825602293, -0.42787912488, -0.492938786745, -0.551533281803, -0.651713550091], "var": [0.00840187259018, 0.0067051416263, 0.00574290659279, 0.00500070070848, 0.00399871869013, 0.00300710299052], "mean": [-0.692960619926, -0.719593465328, -0.743153393269, -0.763837099075, -0.78781914711, -0.795084357262]}, "melbands_skewness": {"dmean2": 0.900650799274, "median": 1.38213217258, "min": -1.79035913944, "dvar2": 1.07597029209, "dvar": 0.435310035944, "dmean": 0.587656915188, "max": 18.4125614166, "var": 3.38747215271, "mean": 1.76935446262}, "spectral_spread": {"dmean2": 439526.21875, "median": 2544367.5, "min": 1025474.25, "dvar2": 229497241600, "dvar": 122534838272, "dmean": 280649.4375, "max": 22074190, "var": 1609792880640.0, "mean": 2776061.25}, "dissonance": {"dmean2": 0.0559133403003, "median": 0.433646708727, "min": 0.131271570921, "dvar2": 0.00259395432658, "dvar": 0.000940770900343, "dmean": 0.0333369337022, "max": 0.499999970198, "var": 0.00327508873306, "mean": 0.421157538891}, "spectral_skewness": {"dmean2": 0.674029171467, "median": 2.62853431702, "min": 0.784623265266, "dvar2": 0.454003244638, "dvar": 0.170631766319, "dmean": 0.407182723284, "max": 7.74333429337, "var": 1.2762157917, "mean": 2.83952212334}, "spectral_flux": {"dmean2": 0.0129679040983, "median": 0.0203497093171, "min": 0.000263154885033, "dvar2": 0.000264692382189, "dvar": 0.000102967416751, "dmean": 0.00785874575377, "max": 0.214542344213, "var": 0.00133690959774, "mean": 0.0352329872549}, "spectral_contrast_valleys": {"dmean2": [0.651131093502, 0.519342839718, 0.450484573841, 0.369111835957, 0.290210127831, 0.225689336658], "median": [-8.71802043915, -7.55713129044, -8.73379802704, -9.62139225006, -10.2200975418, -13.264746666], "min": [-12.4849348068, -13.6935319901, -13.8072252274, -13.445400238, -12.9212579727, -14.6610593796], "dvar2": [0.263525575399, 0.170061811805, 0.12317558378, 0.0870839953423, 0.0608220845461, 0.054188657552], "dvar": [0.094942457974, 0.0662260577083, 0.0524794533849, 0.0395923256874, 0.0348553285003, 0.0344194769859], "dmean": [0.388564646244, 0.319330722094, 0.282306313515, 0.238733708858, 0.201675251126, 0.165174514055], "max": [-5.79005098343, -4.70337629318, -5.49589252472, -6.05796480179, -6.29819011688, -7.81112575531], "var": [1.56283462048, 2.73466706276, 2.77256345749, 2.72764873505, 2.48304128647, 1.62932562828], "mean": [-8.77604293823, -7.78728723526, -8.79536628723, -9.54729938507, -9.98129749298, -12.8057785034]}, "erbbands_flatness_db": {"dmean2": 0.0266458615661, "median": 0.228637635708, "min": 0.0361313819885, "dvar2": 0.000586621405091, "dvar": 0.000274247955531, "dmean": 0.0179431084543, "max": 0.438591182232, "var": 0.00295812287368, "mean": 0.230222091079}, "spectral_energyband_high": {"dmean2": 3.59429286618e-05, "median": 2.0625882371e-06, "min": 1.42724987384e-08, "dvar2": 4.19348857861e-08, "dvar": 2.62786645777e-08, "dmean": 2.52535028267e-05, "max": 0.0127627411857, "var": 8.31854123362e-08, "mean": 7.36071597203e-05}, "spectral_entropy": {"dmean2": 0.235862851143, "median": 6.70257997513, "min": 3.88839960098, "dvar2": 0.049010887742, "dvar": 0.0231600832194, "dmean": 0.160391256213, "max": 8.44214439392, "var": 0.347377717495, "mean": 6.67897033691}, "silence_rate_20dB": {"dmean2": 0, "median": 1, "min": 1, "dvar2": 0, "dvar": 0, "dmean": 0, "max": 1, "var": 0, "mean": 1}, "melbands_flatness_db": {"dmean2": 0.0327198058367, "median": 0.282055079937, "min": 0.0875430032611, "dvar2": 0.000869223440532, "dvar": 0.000422588229412, "dmean": 0.0229021906853, "max": 0.620550334454, "var": 0.00754573661834, "mean": 0.286785751581}, "barkbands": {"dmean2": [3.15063084599e-06, 0.000385690887924, 0.000302555970848, 0.000675668939948, 0.00101284892298, 0.00134399591479, 0.000533000100404, 0.000703246507328, 0.0008033332997, 0.000605424225796, 0.000516910222359, 0.000301669235341, 0.00066666083876, 0.000340160739142, 0.000209551435546, 0.000140330157592, 0.000145633443026, 9.83043864835e-05, 6.59614015603e-05, 2.83065764961e-05, 1.06097968455e-05, 9.024004612e-06, 5.20167714058e-06, 3.37867300004e-06, 2.94556548397e-06, 2.38878851633e-06, 3.48613497181e-07], "median": [5.006641004e-07, 0.000105771345261, 5.50017284695e-05, 2.28734825214e-05, 9.35560965445e-05, 0.000244072987698, 0.000130152096972, 0.000133354609716, 5.06956785102e-05, 2.92293261737e-05, 2.43969880103e-05, 1.6515430616e-05, 1.54406079673e-05, 1.15861294034e-05, 8.26669020171e-06, 4.54662313132e-06, 5.79481638852e-06, 2.35428137785e-06, 2.35772813539e-06, 9.59254521149e-07, 5.13583643169e-07, 2.0232857878e-07, 1.38648360348e-07, 8.65196980726e-08, 4.56059154885e-08, 1.74150436294e-08, 1.49015608741e-08], "min": [3.35743599589e-10, 5.7528705355e-08, 4.19927204121e-09, 7.87733656082e-10, 2.44215070389e-09, 1.11901587996e-09, 2.22670687444e-10, 1.66790414813e-10, 1.18812876204e-10, 3.290409889e-10, 1.09878758869e-10, 2.90427321081e-10, 4.21005064144e-10, 4.04258071462e-10, 5.51643286606e-10, 5.00113062074e-10, 3.64356156357e-10, 4.49613235531e-10, 9.57264156831e-10, 1.09873288245e-09, 1.28697574819e-09, 1.42147671411e-09, 2.18304796462e-09, 2.30642016597e-09, 1.10254394503e-09, 7.53075157789e-10, 3.85441095707e-10], "dvar2": [2.35919811464e-10, 7.11416873855e-07, 7.33959268473e-07, 4.96190295962e-06, 9.03833279153e-06, 1.38229861477e-05, 1.38844893627e-06, 3.00149258692e-06, 5.9137446442e-06, 3.52357938027e-06, 2.60372257799e-06, 9.67417804532e-07, 5.77159835302e-06, 2.14736883208e-06, 8.41875703372e-07, 1.82649841918e-07, 1.97018735548e-07, 1.50174287228e-07, 4.38003482373e-08, 7.36045446814e-09, 1.29629984524e-09, 1.09372277901e-09, 6.13553541307e-10, 7.88297038756e-10, 2.41248687693e-09, 6.97359503476e-09, 1.6428398919e-10], "dvar": [9.53735979081e-11, 3.26510502191e-07, 3.00881822568e-07, 1.66274969615e-06, 3.12380143441e-06, 5.94566836298e-06, 6.1557943809e-07, 1.48645335685e-06, 2.67241330221e-06, 1.38629582125e-06, 9.8198336218e-07, 3.62840978596e-07, 2.05187279789e-06, 8.68384574915e-07, 3.01314912576e-07, 7.16136412393e-08, 7.14819563541e-08, 6.24274605343e-08, 1.61871387405e-08, 2.77621592382e-09, 5.6747712085e-10, 4.64030563974e-10, 3.40292821699e-10, 5.17597242844e-10, 1.89593341027e-09, 3.64144092657e-09, 8.21934950657e-11], "dmean": [1.93032883544e-06, 0.000265655020485, 0.000194014122826, 0.000383792503271, 0.000604402972385, 0.000933517527301, 0.000353126495611, 0.000489795405883, 0.000535080267582, 0.000386624393286, 0.000321379833622, 0.000185119977687, 0.000396020070184, 0.000207351971767, 0.000125360296806, 8.51222866913e-05, 8.71604352142e-05, 6.09571361565e-05, 4.01522702305e-05, 1.72377367562e-05, 6.88109685143e-06, 5.85286579735e-06, 3.55007887265e-06, 2.46445620178e-06, 2.1997566364e-06, 1.57110548571e-06, 2.41410788249e-07], "max": [0.000344805623172, 0.0158076696098, 0.0179833415896, 0.0246640779078, 0.0312441531569, 0.0611623898149, 0.0182573441416, 0.0315267667174, 0.0389184318483, 0.0281735751778, 0.0249080881476, 0.0170815177262, 0.0306884925812, 0.0304984971881, 0.0289893466979, 0.0103101339191, 0.00634907418862, 0.0116904554889, 0.00270677031949, 0.00123562314548, 0.000888332026079, 0.000764996279031, 0.00118830136489, 0