{"tonal": {"thpcp": [1, 0.638183534145, 0.208766072989, 0.130235135555, 0.128341570497, 0.25946059823, 0.393613755703, 0.304071038961, 0.35604351759, 0.494052499533, 0.318055957556, 0.169887587428, 0.164291143417, 0.174426421523, 0.481189876795, 0.688494384289, 0.372068613768, 0.136776342988, 0.13690148294, 0.136960417032, 0.335700809956, 0.520638763905, 0.316593378782, 0.144161716104, 0.163384079933, 0.179996281862, 0.255854576826, 0.210828468204, 0.118057116866, 0.321334570646, 0.461294293404, 0.253501057625, 0.141138926148, 0.197525069118, 0.237905576825, 0.628668367863], "hpcp": {"dmean2": [0.0850453600287, 0.088277682662, 0.133079051971, 0.172199755907, 0.161297753453, 0.158829122782, 0.17530067265, 0.138040572405, 0.100349016488, 0.0924798622727, 0.101417735219, 0.155039831996, 0.163799867034, 0.145676091313, 0.0840793475509, 0.0698060020804, 0.0815137848258, 0.148253649473, 0.181170463562, 0.133228704333, 0.0709379315376, 0.0509259775281, 0.0708761289716, 0.114905804396, 0.0941040739417, 0.0680181980133, 0.113973431289, 0.135949730873, 0.105702638626, 0.0764113217592, 0.0869397446513, 0.149055808783, 0.259628236294, 0.24662771821, 0.257260501385, 0.150656074286], "median": [0.00633114483207, 0.00595329841599, 0.023631868884, 0.0393804870546, 0.0357500799, 0.0440502539277, 0.04422647506, 0.0314317531884, 0.0167059488595, 0.0130282482132, 0.0131406355649, 0.0524598844349, 0.0773198828101, 0.0478820055723, 0.00609011761844, 0.00212581595406, 0.00626286957413, 0.0623855218291, 0.103953547776, 0.0595417246222, 0.00583353452384, 0.000928507768549, 0.0056878272444, 0.0159168280661, 0.0177460238338, 0.0134549438953, 0.0291811805218, 0.0422371923923, 0.0243319179863, 0.00651100603864, 0.00514124287292, 0.016183545813, 0.157043397427, 0.272245585918, 0.14374487102, 0.0211549326777], "min": [0, 0, 0, 0, 0, 0, 0, 0, 0, 0, 0, 0, 0, 0, 0, 0, 0, 0, 0, 0, 0, 0, 0, 0, 0, 0, 0, 0, 0, 0, 0, 0, 0, 0, 0, 0], "dvar2": [0.0437538065016, 0.0441715978086, 0.0594776719809, 0.0778241828084, 0.0717818513513, 0.0647435933352, 0.0817562490702, 0.0567168816924, 0.0388787165284, 0.0395329408348, 0.0412109866738, 0.0547750107944, 0.0693918243051, 0.0525757931173, 0.0395844392478, 0.0400082096457, 0.0374939702451, 0.0479038208723, 0.0642429068685, 0.0401396527886, 0.0251889843494, 0.0228460486978, 0.0251780003309, 0.0638767257333, 0.0364528000355, 0.0219110194594, 0.0388343930244, 0.0555321313441, 0.0353948138654, 0.0325569733977, 0.0489481687546, 0.0692949146032, 0.107158146799, 0.0987418219447, 0.105062015355, 0.0779918134212], "dvar": [0.0162438843399, 0.0159850586206, 0.0223755501211, 0.0313387215137, 0.0271534267813, 0.0252576041967, 0.0335662029684, 0.0219689365476, 0.014906574972, 0.0147654032335, 0.015575083904, 0.0222034398466, 0.0294287540019, 0.0212766006589, 0.0148131903261, 0.0149530982599, 0.0139192454517, 0.0194002054632, 0.0277524739504, 0.0174082722515, 0.00948852486908, 0.00878806784749, 0.00934588257223, 0.0227969642729, 0.0135183259845, 0.00791128072888, 0.016031190753, 0.0233358033001, 0.0136773874983, 0.0121895717457, 0.0174920409918, 0.0254428032786, 0.0395523272455, 0.0410065762699, 0.0393509306014, 0.0279005244374], "dmean": [0.0484880693257, 0.05032620579, 0.0782559365034, 0.101609140635, 0.094359010458, 0.0943197458982, 0.1040661484, 0.0820007026196, 0.0589526295662, 0.0540948621929, 0.0594521984458, 0.0939134731889, 0.0990276411176, 0.088072553277, 0.0484595112503, 0.0402354709804, 0.0473582521081, 0.090487614274, 0.110069267452, 0.0824469402432, 0.0420728288591, 0.0304529014975, 0.041602268815, 0.0663854852319, 0.0549683459103, 0.0398085750639, 0.0699309930205, 0.0836350992322, 0.0642270073295, 0.0450331196189, 0.0491143725812, 0.0855674669147, 0.154104873538, 0.145838946104, 0.153133749962, 0.0850973799825], "max": [1, 1, 1, 1, 1, 1, 1, 1, 1, 1, 1, 1, 1, 1, 1, 1, 1, 1, 1, 1, 1, 1, 1, 1, 1, 1, 1, 1, 1, 1, 1, 1, 1, 1, 1, 1], "var": [0.0206262841821, 0.0185401123017, 0.0405309535563, 0.0716950073838, 0.0442389957607, 0.0506752207875, 0.0971397385001, 0.0475478097796, 0.019596863538, 0.020860793069, 0.0209939554334, 0.0787324905396, 0.13850748539, 0.0467331036925, 0.0210124347359, 0.0309167969972, 0.0207799244672, 0.0387363955379, 0.0786795690656, 0.0367144159973, 0.0199944023043, 0.0376903228462, 0.0264965128154, 0.0450982004404, 0.0274620652199, 0.0106362244114, 0.0490981042385, 0.0906839743257, 0.0314084850252, 0.0208586677909, 0.0467848032713, 0.0366844087839, 0.0815951749682, 0.154453396797, 0.0878461748362, 0.0285079292953], "mean": [0.0545045174658, 0.0537120476365, 0.108586475253, 0.164730727673, 0.127256333828, 0.149007260799, 0.206765204668, 0.133109137416, 0.0710994079709, 0.068757250905, 0.0729989483953, 0.201382085681, 0.288140803576, 0.155713900924, 0.0572420731187, 0.0572944432497, 0.0573191083968, 0.140493661165, 0.217891782522, 0.132497042418, 0.0603329092264, 0.068377636373, 0.0753299817443, 0.107077330351, 0.0882335156202, 0.0494079142809, 0.134481266141, 0.193055614829, 0.106092363596, 0.0590678490698, 0.0826659351587, 0.0995655208826, 0.263103097677, 0.418508559465, 0.267085283995, 0.0873703882098]}, "tuning_equal_tempered_deviation": 0.0266752429307, "chords_changes_rate": 0.045169711113, "key_key": "C#", "tuning_diatonic_strength": 0.533324897289, "key_scale": "major", "chords_number_rate": 0.00443864241242, "tuning_frequency": 441.527557373, "tuning_nontempered_energy_ratio": 0.68020939827, "chords_histogram": [22.3759784698, 0.339425593615, 2.45430803299, 1.07049608231, 3.34203648567, 1.87989556789, 0.0261096600443, 0.0522193200886, 0, 0, 1.87989556789, 1.38381206989, 1.09660577774, 0.678851187229, 0.809399485588, 1.25326371193, 1.1488250494, 7.41514348984, 4.83028697968, 23.5509147644, 12.3759794235, 2.24543070793, 8.32898139954, 1.46214103699], "key_strength": 0.704517006874, "chords_key": "G#", "chords_strength": {"dmean2": 0.00702036172152, "median": 0.540414571762, "min": 0.24773862958, "dvar2": 5.84381814406e-05, "dvar": 6.06758185313e-05, "dmean": 0.00875047408044, "max": 0.797315478325, "var": 0.0109290806577, "mean": 0.540225327015}, "chords_scale": "minor", "hpcp_entropy": {"dmean2": 0.95489102602, "median": 1.61235272884, "min": 0, "dvar2": 0.616541564465, "dvar": 0.238033547997, "dmean": 0.562655568123, "max": 4.34996891022, "var": 0.699403345585, "mean": 1.56368398666}}, "metadata": {"audio_properties": {"equal_loudness": 0, "codec": "flac", "downmix": "mix", "analysis_sample_rate": 44100, "bit_rate": 0, "md5_encoded": "dd5d669ec474f0da9938e2d19f31753b", "length": 177.800003052, "replay_gain": -12.2185192108, "lossless": true}, "version": {"essentia_build_sha": "50a0fbec89d6a9cedea3d45b6611406f7e8c7b1a", "essentia": "2.1-beta1", "extractor": "music 1.0", "essentia_git_sha": "v2.1_beta1-7-ge0e83e8-dirty"}, "tags": {"title": ["\u30a2\u30ec\u30eb\u30e4"], "albumartist": ["ORIGA"], "date": ["1995-01-28"], "file_name": "02. Hallelujah.flac", "tracktotal": ["11"], "musicbrainz_releasegroupid": ["ab565edb-c2c7-34fb-a66a-e315facf8ae3"], "disctotal": ["1"], "musicbrainz_recordingid": ["0de0f467-36f3-487d-a12f-fcaa669aea8a"], "musicbrainz_albumartistid": ["b5536488-a4da-4e87-9779-d5351c00729d"], "musicbrainz_albumid": ["1e519a6d-615d-4c82-99f9-e735c36daa70"], "artist": ["ORIGA"], "tracknumber": ["2"], "musicip_puid": ["f31a8742-b290-72df-e708-4af01c4154ac"], "album": ["illusia"], "totaltracks": ["11"], "totaldiscs": ["1"], "musicbrainz_artistid": ["b5536488-a4da-4e87-9779-d5351c00729d"], "discnumber": ["1"]}}, "rhythm": {"bpm_histogram_first_peak_bpm": {"dmean2": 0, "median": 103, "min": 103, "dvar2": 0, "dvar": 0, "dmean": 0, "max": 103, "var": 0, "mean": 103}, "bpm": 103.730308533, "bpm_histogram_second_peak_spread": {"dmean2": 0, "median": 0.594594597816, "min": 0.594594597816, "dvar2": 0, "dvar": 0, "dmean": 0, "max": 0.594594597816, "var": 0, "mean": 0.594594597816}, "bpm_histogram_first_peak_weight": {"dmean2": 0, "median": 0.102272726595, "min": 0.102272726595, "dvar2": 0, "dvar": 0, "dmean": 0, "max": 0.102272726595, "var": 0, "mean": 0.102272726595}, "onset_rate": 1.43967092037, "beats_position": [0.522448956966, 1.02167797089, 1.52090704441, 2.00852608681, 2.49614500999, 2.97215414047, 3.44816327095, 3.92417216301, 4.41179132462, 4.91102027893, 5.39863920212, 5.89786815643, 6.38548755646, 6.88471651077, 7.38394546509, 7.89478445053, 8.39401340485, 8.90485286713, 9.4040813446, 9.91492080688, 10.4257593155, 10.9365987778, 11.4474372864, 11.9118366241, 12.3762359619, 12.8522443771, 13.328253746, 13.7694330215, 14.2106122971, 14.6517915726, 15.1161899567, 15.5805892944, 16.0449886322, 16.5558280945, 17.0666656494, 17.5775051117, 18.088344574, 18.5875740051, 19.0868015289, 19.5976409912, 20.1200904846, 20.6309299469, 21.1069393158, 21.5829467773, 22.0589561462, 22.5001354218, 22.9413146973, 23.3824939728, 23.8236732483, 24.2648525238, 24.7060317993, 25.1356010437, 25.5651702881, 25.9947395325, 26.435918808, 26.9467563629, 27.4575958252, 27.9684352875, 28.5489330292, 29.1294326782, 29.7215423584, 30.3252601624, 30.9057598114, 31.4978675842, 32.0783653259, 32.6704750061, 33.2625846863, 33.8546943665, 34.3887519836, 34.9228096008, 35.4568710327, 35.9444885254, 36.4321098328, 36.9197273254, 37.3609046936, 37.8020858765, 38.2548751831, 38.6960525513, 39.1372337341, 39.5668029785, 40.0079803467, 40.4491615295, 40.8903388977, 41.3315200806, 41.7843093872, 42.2370948792, 42.678276062, 43.1310653687, 43.5838546753, 44.0482521057, 44.5939216614, 45.1279792786, 45.6620407104, 46.1844902039, 46.718547821, 47.2526054382, 47.7866668701, 48.3207244873, 48.8547821045, 49.3888435364, 49.9229011536, 50.4569587708, 50.9329681396, 51.4089775085, 51.8965988159, 52.2913360596, 52.6860771179, 53.0808143616, 53.4639434814, 53.8470726013, 54.2185935974, 54.6017227173, 54.9848518372, 55.3563690186, 55.7278900146, 56.0994110107, 56.5754165649, 57.0514259338, 57.5274353027, 58.0034446716, 58.491065979, 58.9786834717, 59.4663009644, 59.9539222717, 60.4415397644, 60.9291610718, 61.3587303162, 61.7882995605, 62.2294769287, 62.6822662354, 63.135055542, 63.5878448486, 64.1335144043, 64.67918396, 65.2016296387, 65.7356872559, 66.2697525024, 66.8038101196, 67.4191360474, 68.022857666, 68.6381835938, 69.2535171509, 69.8572311401, 70.4725646973, 71.087890625, 71.6103363037, 72.1211776733, 72.6436233521, 73.1660766602, 73.6769180298, 74.18775177, 74.6869812012, 75.1978225708, 75.7086639404, 76.2078933716, 76.7071151733, 77.2063446045, 77.7055740356, 78.2048034668, 78.7040328979, 79.2032623291, 79.7024917603, 80.2017211914, 80.6080703735, 81.0144195557, 81.4091567993, 81.8271179199, 82.256690979, 82.6862564087, 83.1042175293, 83.5221786499, 83.9401321411, 84.3580932617, 84.7644424438, 85.170791626, 85.5887527466, 86.0067138672, 86.4711074829, 86.935508728, 87.3999099731, 87.9339675903, 88.456413269, 88.9788665771, 89.5129241943, 90.0469818115, 90.5694351196, 91.1150970459, 91.67237854, 92.2180480957, 92.7753295898, 93.3209991455, 93.8666687012, 94.4239425659, 94.9928359985, 95.5501098633, 96.1073913574, 96.6646728516, 97.2103347778, 97.7560043335, 98.2900695801, 98.8357315063, 99.381401062, 99.9386825562, 100.507568359, 101.076461792, 101.645347595, 102.214241028, 102.79473877, 103.363624573, 103.932518005, 104.513015747, 105.093513489, 105.67401123, 106.242897034, 106.823402405, 107.403900146, 107.984397888, 108.56489563, 109.145393372, 109.725891113, 110.294784546, 110.863670349, 111.432563782, 112.001449585, 112.570335388, 113.127616882, 113.696502686, 114.265396118, 114.869110107, 115.484443665, 116.099769592, 116.715103149, 117.330429077, 117.876098633, 118.421768188, 118.967437744, 119.5131073, 120.047164917, 120.557998657, 121.068840027, 121.579681396, 122.078910828, 122.589744568, 123.100585938, 123.611427307, 124.133872986, 124.656326294, 125.178771973, 125.71282959, 126.246894836, 126.746116638, 127.245346069, 127.7445755, 128.232192993, 128.731430054, 129.219039917, 129.753097534, 130.28717041, 130.79800415, 131.308837891, 131.81968689, 132.318908691, 132.818145752, 133.328979492, 133.828201294, 134.327438354, 134.826660156, 135.349105835, 135.883178711, 136.40562439, 136.986114502, 137.566619873, 138.158721924, 138.762451172, 139.354553223, 139.946670532, 140.527160645, 141.096054077, 141.688156128, 142.268661499, 142.849151611, 143.429656982, 144.021759033, 144.613876343, 145.194366455, 145.763259888, 146.33215332, 146.901046753, 147.469924927, 148.050430298, 148.63092041, 149.211425781, 149.791931152, 150.372421265, 150.952926636, 151.533416748, 152.113922119, 152.694412231, 153.274917603, 153.855422974, 154.435913086, 155.028030396, 155.620132446, 156.235458374, 156.850784302, 157.477722168, 158.104675293, 158.731613159, 159.370162964, 160.00869751, 160.589202881, 161.169708252, 161.750198364, 162.214599609, 162.679000854, 163.1434021, 163.596191406, 164.048980713, 164.50177002, 164.954559326, 165.326080322, 165.69758606, 166.057495117, 166.417419434, 166.742492676, 167.067565918, 167.392654419, 167.717727661, 168.054412842, 168.391113281, 168.727798462, 169.064483643, 169.389572144, 169.714645386, 170.039718628, 170.376419067, 170.713104248, 171.049789429, 171.386474609, 171.71156311, 172.036636353, 172.373336792, 172.73324585, 173.093154907, 173.441452026, 173.894241333, 174.34703064, 174.799819946, 175.252609253, 175.70539856, 176.158187866, 176.622589111, 177.075378418], "beats_loudness": {"dmean2": 0.0150130894035, "median": 0.00856342818588, "min": 5.70725342186e-06, "dvar2": 0.000403018231736, "dvar": 0.000161246032803, "dmean": 0.00939744990319, "max": 0.124682851136, "var": 0.000358585966751, "mean": 0.0159454643726}, "danceability": 0.841356575489, "bpm_histogram_second_peak_weight": {"dmean2": 0, "median": 0.0852272734046, "min": 0.0852272734046, "dvar2": 0, "dvar": 0, "dmean": 0, "max": 0.0852272734046, "var": 0, "mean": 0.0852272734046}, "beats_count": 353, "bpm_histogram_second_peak_bpm": {"dmean2": 0, "median": 117, "min": 117, "dvar2": 0, "dvar": 0, "dmean": 0, "max": 117, "var": 0, "mean": 117}, "bpm_histogram_first_peak_spread": {"dmean2": 0, "median": 0.513513565063, "min": 0.513513565063, "dvar2": 0, "dvar": 0, "dmean": 0, "max": 0.513513565063, "var": 0, "mean": 0.513513565063}, "beats_loudness_band_ratio": {"dmean2": [0.186617791653, 0.196556523442, 0.254937261343, 0.321970194578, 0.0975281074643, 0.09133323282], "median": [0.0575128830969, 0.103610992432, 0.194284081459, 0.251621574163, 0.0403947867453, 0.0171226076782], "min": [0.000244336872129, 1.39135945574e-05, 1.6132633391e-05, 2.58467953245e-05, 9.66560619418e-05, 0.000117202289402], "dvar2": [0.0597641654313, 0.0463570766151, 0.0639150887728, 0.0825951844454, 0.0112504232675, 0.0394522733986], "dvar": [0.0266219154, 0.0206710789353, 0.0242078192532, 0.0361856073141, 0.00395745970309, 0.0144961951301], "dmean": [0.111217610538, 0.121291168034, 0.154672816396, 0.191891863942, 0.0543484650552, 0.0501982904971], "max": [0.992511689663, 0.976430654526, 0.936420798302, 0.884584665298, 0.369235277176, 0.992936730385], "var": [0.0496117211878, 0.0487097650766, 0.0497570410371, 0.0705977976322, 0.00566214462742, 0.0142742944881], "mean": [0.156903862953, 0.188717290759, 0.265158623457, 0.31594389677, 0.0674946829677, 0.0516268610954]}}, "lowlevel": {"barkbands_spread": {"dmean2": 5.36418676376, "median": 11.3601961136, "min": 0.374249815941, "dvar2": 65.1136016846, "dvar": 31.2958660126, "dmean": 3.50807881355, "max": 116.491539001, "var": 167.036560059, "mean": 15.0004262924}, "melbands_spread": {"dmean2": 7.8784070015, "median": 15.4028759003, "min": 0.365116208792, "dvar2": 182.648330688, "dvar": 85.5439758301, "dmean": 5.14981985092, "max": 283.235198975, "var": 440.572845459, "mean": 21.4102783203}, "hfc": {"dmean2": 5.05995798111, "median": 4.74416351318, "min": 1.10499160356e-16, "dvar2": 95.3546218872, "dvar": 41.5008239746, "dmean": 3.37717938423, "max": 142.280700684, "var": 386.217529297, "mean": 13.8552694321}, "barkbands_kurtosis": {"dmean2": 5.33138799667, "median": 2.58515810966, "min": -1.96176600456, "dvar2": 376.347595215, "dvar": 165.545013428, "dmean": 3.52573657036, "max": 635.590148926, "var": 1786.62670898, "mean": 9.46791648865}, "gfcc": {"mean": [-127.777832031, 95.9965667725, -136.540618896, -8.61184406281, -62.6036109924, -3.57866883278, -32.0611381531, 15.5100374222, -38.5645332336, 6.69927072525, 0.836976110935, -4.02652835846, 6.56306219101], "icov": [[0.000239666042035, -0.000481085065985, 0.000693479145411, -0.00028899445897, 0.000290944968583, -0.000692981062457, 0.00057272054255, -0.00079174322309, 0.000762478797697, -0.000372068665456, 0.000438072689576, -0.0004479555937, 0.000434833666077], [-0.000481085065985, 0.00208659889176, -0.00166078459006, 0.000898754049558, -0.00138572975993, 0.001741727232, -0.00158852932509, 0.00166419660673, -0.00161382730585, 0.00152094266377, -0.00130463670939, 0.00229127774946, -0.00152938405517], [0.000693479145411, -0.00166078459006, 0.00318903313018, -0.000929104106035, 0.000606166722719, -0.00230505038053, 0.00217439117841, -0.00219169748016, 0.00237879087217, -0.00169756321702, 0.00163039029576, -0.00285748858005, 0.00244509521872], [-0.00028899445897, 0.000898754049558, -0.000929104106035, 0.00239826715551, -0.00203034933656, 0.000996320624836, -0.000753173371777, 0.00082762906095, -0.00218031252734, 0.00247993948869, -0.000519875553437, 0.00112821243238, -0.000801063026302], [0.000290944968583, -0.00138572975993, 0.000606166722719, -0.00203034933656, 0.00554575724527, -0.0022126280237, -0.000257512117969, -0.00135544093791, -0.000304356217384, -0.000592150900047, 0.00155048735905, -0.000879626022652, 6.62985883082e-07], [-0.000692981062457, 0.001741727232, -0.00230505038053, 0.000996320624836, -0.0022126280237, 0.00604359898716, -0.00464241625741, 0.00316738034599, -0.00133356649894, 0.000133104782435, -0.000299053179333, 0.00282216514461, -0.00228974036872], [0.00057272054255, -0.00158852932509, 0.00217439117841, -0.000753173371777, -0.000257512117969, -0.00464241625741, 0.00763291912153, -0.00273937406018, 0.00163424643688, -0.00174552435055, -0.00144589075353, -0.00110365380533, 0.00362384389155], [-0.00079174322309, 0.00166419660673, -0.00219169748016, 0.00082762906095, -0.00135544093791, 0.00316738034599, -0.00273937406018, 0.00746623054147, -0.0032103843987, 0.00119930063374, -0.00184810045175, 0.00184495758731, -0.00211047986522], [0.000762478797697, -0.00161382730585, 0.00237879087217, -0.00218031252734, -0.000304356217384, -0.00133356649894, 0.00163424643688, -0.0032103843987, 0.00832969322801, -0.00424650078639, 0.00184831710067, -0.00348061323166, 0.00241346261464], [-0.000372068665456, 0.00152094266377, -0.00169756321702, 0.00247993948869, -0.000592150900047, 0.000133104782435, -0.00174552435055, 0.00119930063374, -0.00424650078639, 0.0119361551479, -0.00293094827794, 0.00208458374254, -0.00279448064975], [0.000438072689576, -0.00130463670939, 0.00163039029576, -0.000519875553437, 0.00155048735905, -0.000299053179333, -0.00144589075353, -0.00184810045175, 0.00184831710067, -0.00293094827794, 0.0102847628295, -0.00273797567934, -0.000443397439085], [-0.0004479555937, 0.00229127774946, -0.00285748858005, 0.00112821243238, -0.000879626022652, 0.00282216514461, -0.00110365380533, 0.00184495758731, -0.00348061323166, 0.00208458374254, -0.00273797567934, 0.0130099011585, -0.00349537353031], [0.000434833666077, -0.00152938405517, 0.00244509521872, -0.000801063026302, 6.62985883082e-07, -0.00228974036872, 0.00362384389155, -0.00211047986522, 0.00241346261464, -0.00279448064975, -0.000443397439085, -0.00349537353031, 0.00948326475918]], "cov": [[21379.4160156, 1984.97399902, -2996.88208008, 229.048400879, 223.563720703, 1043.20031738, 433.493164062, 589.406005859, -761.508361816, -176.37159729, -93.3466873169, -681.36907959, 235.567138672], [1984.97399902, 1436.99597168, 100.249023438, 253.726776123, 430.263336182, 259.663604736, 286.454040527, 42.8643188477, 50.2396202087, -49.6191482544, 18.6540279388, -165.300827026, 11.5958309174], [-2996.88208008, 100.249023438, 1219.59960938, 157.153121948, 155.158630371, 41.7534637451, -27.2217502594, -39.3162841797, 91.2160797119, 10.6912345886, -65.652885437, 115.711784363, -116.356010437], [229.048400879, 253.726776123, 157.153121948, 1383.83496094, 694.176879883, 219.922317505, 219.28767395, 122.920822144, 359.094238281, -138.426467896, -93.3639221191, -35.7290344238, -46.3109970093], [223.563720703, 430.263336182, 155.158630371, 694.176879883, 714.544067383, 380.444854736, 321.515319824, 84.4268569946, 237.066390991, -23.0088214874, -47.952747345, -63.4069366455, -27.2173023224], [1043.20031738, 259.663604736, 41.7534637451, 219.922317505, 380.444854736, 720.156616211, 433.150421143, -13.9098491669, 27.4980506897, 58.0340843201, -7.27227544785, -122.573898315, -28.3210201263], [433.493164062, 286.454040527, -27.2217502594, 219.28767395, 321.515319824, 433.150421143, 499.144897461, 50.69298172, 76.5436477661, 47.992351532, 50.0329933167, -90.1949539185, -59.2755813599], [589.406005859, 42.8643188477, -39.3162841797, 122.920822144, 84.4268569946, -13.9098491669, 50.69298172, 242.075805664, 75.6058044434, 4.01095867157, 18.2666568756, -0.63441747427, 14.1056060791], [-761.508361816, 50.2396202087, 91.2160797119, 359.094238281, 237.066390991, 27.4980506897, 76.5436477661, 75.6058044434, 332.11907959, 27.8374977112, -10.9462137222, 36.5588684082, -19.3238811493], [-176.37159729, -49.6191482544, 10.6912345886, -138.426467896, -23.0088214874, 58.0340843201, 47.992351532, 4.01095867157, 27.8374977112, 144.482772827, 43.7996902466, 5.76597690582, 21.8666400909], [-93.3466873169, 18.6540279388, -65.652885437, -93.3639221191, -47.952747345, -7.27227544785, 50.0329933167, 18.2666568756, -10.9462137222, 43.7996902466, 146.36366272, 15.4822702408, 27.7653026581], [-681.36907959, -165.300827026, 115.711784363, -35.7290344238, -63.4069366455, -122.573898315, -90.1949539185, -0.63441747427, 36.5588684082, 5.76597690582, 15.4822702408, 143.970779419, 22.6499271393], [235.567138672, 11.5958309174, -116.356010437, -46.3109970093, -27.2173023224, -28.3210201263, -59.2755813599, 14.1056060791, -19.3238811493, 21.8666400909, 27.7653026581, 22.6499271393, 162.567977905]]}, "spectral_energyband_middle_low": {"dmean2": 0.00174246821553, "median": 0.00240243412554, "min": 1.3889969994e-22, "dvar2": 2.48435571848e-05, "dvar": 9.69362645264e-06, "dmean": 0.00117678707466, "max": 0.133700937033, "var": 2.95937952615e-05, "mean": 0.00392510648817}, "melbands_crest": {"dmean2": 4.49950647354, "median": 13.3072156906, "min": 1.83391034603, "dvar2": 17.340297699, "dvar": 6.86489629745, "dmean": 2.82075095177, "max": 39.5714530945, "var": 37.004989624, "mean": 14.4761743546}, "spectral_kurtosis": {"dmean2": 4.07494497299, "median": 7.5262298584, "min": -1.45557296276, "dvar2": 40.3974914551, "dvar": 18.1967315674, "dmean": 2.43928337097, "max": 232.342941284, "var": 63.4912109375, "mean": 8.95909690857}, "spectral_rms": {"dmean2": 0.000577355211135, "median": 0.00267408089712, "min": 3.16995128063e-12, "dvar2": 5.36345169166e-07, "dvar": 2.36353471905e-07, "dmean": 0.000388401211239, "max": 0.0128007419407, "var": 4.6017639761e-06, "mean": 0.00305351498537}, "zerocrossingrate": {"dmean2": 0.00722843734547, "median": 0.04541015625, "min": 0, "dvar2": 0.00018207791436, "dvar": 0.000144799327245, "dmean": 0.00602642865852, "max": 0.5283203125, "var": 0.00147503439803, "mean": 0.0516053177416}, "silence_rate_60dB": {"dmean2": 0.0757476836443, "median": 0, "min": 0, "dvar2": 0.0807191282511, "dvar": 0.0364348404109, "dmean": 0.0378688946366, "max": 1, "var": 0.222871214151, "mean": 0.335291802883}, "erbbands_kurtosis": {"dmean2": 3.1876745224, "median": 1.93470466137, "min": -1.84333729744, "dvar2": 73.9836273193, "dvar": 28.9998474121, "dmean": 2.04106998444, "max": 232.594314575, "var": 97.4190292358, "mean": 3.76162457466}, "erbbands": {"dmean2": [0.0404533222318, 0.141355589032, 0.179793909192, 0.22883784771, 0.315942943096, 0.854507803917, 1.57996344566, 3.11625218391, 8.65589618683, 11.6714448929, 11.756187439, 12.5667104721, 39.5393753052, 43.7885780334, 77.4413986206, 52.0752830505, 14.5649690628, 11.57629776, 21.361240387, 10.4094953537, 8.52284145355, 7.97428369522, 5.52643013, 9.84140205383, 8.0068693161, 4.20453691483, 2.4253616333, 0.79822832346, 0.272302627563, 0.190290227532, 0.109116218984, 0.099929086864, 0.0911983475089, 0.0953749716282, 0.0367933660746, 0.00939635746181, 0.00291414395906, 0.000404089223593, 2.64613772742e-05, 6.71990028422e-06], "median": [0.000679218443111, 0.00353564694524, 0.00814453605562, 0.0916253700852, 0.336571753025, 0.746169865131, 1.66511058807, 2.28102827072, 3.76471757889, 3.13300800323, 2.78456258774, 4.03769683838, 8.8989648819, 7.94076919556, 9.10484027863, 5.96063613892, 2.2275326252, 1.80069434643, 1.97681331635, 1.7633908987, 0.853756785393, 0.840407788754, 0.611310482025, 1.35996890068, 1.55408430099, 0.902610421181, 0.496176153421, 0.147177919745, 0.0319971814752, 0.0123242773116, 0.021495828405, 0.0385502763093, 0.0420285873115, 0.0435927212238, 0.015670241788, 0.00352442543954, 0.00147141667549, 0.000199144604267, 2.13953480852e-05, 9.98825544229e-06], "min": [2.32776495311e-22, 9.63394903754e-22, 2.0511799194e-21, 3.11844667552e-21, 1.16232842814e-20, 1.56751372314e-20, 7.12611767941e-20, 8.30100495492e-20, 1.80103301391e-19, 1.94883054384e-19, 2.01723489083e-19, 2.98092783406e-19, 9.91374516579e-19, 6.87152893521e-19, 1.11223067055e-18, 1.56454068092e-18, 1.64744372044e-18, 2.20329978629e-18, 3.78485009234e-18, 4.2141506264e-18, 4.17302403352e-18, 5.34797784537e-18, 5.3419865762e-18, 7.16619486443e-18, 8.35434717013e-18, 1.08535286344e-17, 9.8834947572e-18, 1.3789557415e-17, 1.14014555537e-17, 1.28232284798e-17, 1.26852175305e-17, 1.12581216971e-17, 9.24559292113e-18, 8.62933840169e-18, 6.06071388428e-18, 4.1861662791e-18, 2.75268295706e-18, 8.89983680176e-19, 2.65848145755e-19, 2.70243266542e-20], "dvar2": [0.00748716900125, 0.0845325812697, 0.132702767849, 0.220761969686, 0.837687075138, 7.22640800476, 21.2325572968, 105.58707428, 767.745849609, 3944.69262695, 2763.46411133, 2030.75256348, 12136.4501953, 12932.8232422, 38821.609375, 19105.2265625, 1726.32373047, 1021.89916992, 3296.23193359, 968.267944336, 933.243286133, 1325.39013672, 659.733093262, 1562.87915039, 568.189941406, 142.366455078, 47.9957351685, 51.4226226807, 3.99642944336, 4.49814319611, 0.284192174673, 0.158749789, 0.182018503547, 0.223126903176, 0.0439213588834, 0.00481771910563, 0.000126791754155, 4.41867996415e-06, 2.27336656167e-08, 1.39442804525e-10], "dvar": [0.0024031100329, 0.0277667567134, 0.0455118380487, 0.0778242647648, 0.287552922964, 3.61346077919, 11.6264619827, 37.9588432312, 342.69430542, 1502.50427246, 1103.22119141, 793.670837402, 5082.51025391, 5529.13867188, 15848.2255859, 8238.42871094, 675.085388184, 380.946960449, 1322.14916992, 363.057647705, 350.735656738, 495.873504639, 233.074905396, 578.979248047, 220.180374146, 54.9307022095, 19.6140937805, 18.7494258881, 1.61579501629, 1.82088208199, 0.124589137733, 0.0648655071855, 0.0839025527239, 0.109772153199, 0.0244123861194, 0.00249135470949, 6.9571469794e-05, 1.94579320123e-06, 9.38740818412e-09, 5.91550627926e-11], "dmean": [0.0232943594456, 0.0804127529263, 0.10639552772, 0.138276845217, 0.197673738003, 0.58558434248, 1.14413428307, 2.10786509514, 6.13114356995, 7.56862354279, 7.67938804626, 8.2528591156, 26.2462348938, 29.1075935364, 49.0777549744, 33.9315376282, 9.26417541504, 7.07568407059, 13.1102218628, 6.41027116776, 5.16966342926, 4.87079811096, 3.38255548477, 6.07736682892, 4.9994931221, 2.6874089241, 1.53281342983, 0.496726185083, 0.172232836485, 0.125516146421, 0.0712923929095, 0.065780647099, 0.0612093321979, 0.0648803189397, 0.0257300660014, 0.00657602399588, 0.0019345585024, 0.000270333635854, 1.73055959749e-05, 4.43982844445e-06], "max": [0.763620793819, 2.7636346817, 5.11039304733, 7.15842866898, 12.1123409271, 132.051986694, 200.501159668, 156.970001221, 437.786743164, 1941.14575195, 1221.30578613, 774.088928223, 1700.40380859, 2004.72338867, 2292.96166992, 2070.06958008, 738.090881348, 632.68536377, 737.612915039, 556.197753906, 537.852600098, 855.454833984, 547.647766113, 729.564453125, 618.140869141, 311.130279541, 152.367233276, 302.036529541, 79.5335769653, 80.4897766113, 14.4000225067, 10.3183031082, 15.6887302399, 17.7886161804, 7.97809314728, 3.08099293709, 0.464081406593, 0.0769148021936, 0.00502540217713, 0.000208036028198], "var": [0.00886432547122, 0.134249255061, 0.289890557528, 0.805488169193, 0.824004888535, 26.1572189331, 59.2874832153, 120.99785614, 1192.9420166, 2381.77416992, 2252.64624023, 1562.07263184, 17857.9882812, 19667.4238281, 43064.03125, 28683.0449219, 2368.08203125, 1085.3338623, 3644.68554688, 835.0625, 793.463806152, 1293.66210938, 572.944824219, 1433.31140137, 797.279663086, 204.319625854, 78.8984069824, 32.9758148193, 5.68788814545, 4.3239068985, 0.479391723871, 0.245889723301, 0.20818670094, 0.250409752131, 0.0563276968896, 0.00510420603678, 0.000170373532455, 3.15387865157e-06, 1.30084130134e-08, 4.93585339267e-10], "mean": [0.046722214669, 0.200110509992, 0.299874454737, 0.499483168125, 0.639902591705, 1.75462412834, 3.40111541748, 5.8040394783, 15.8114776611, 13.9949789047, 14.5238637924, 16.2774276733, 61.473323822, 66.670425415, 91.8439788818, 69.5973739624, 20.4859523773, 14.9053211212, 27.1027030945, 13.405962944, 10.523639679, 10.0431470871, 7.67367696762, 13.5116558075, 13.0903367996, 7.64468574524, 4.15440988541, 1.18091201782, 0.392188280821, 0.262154847383, 0.191153615713, 0.180084630847, 0.159701555967, 0.162997499108, 0.0555600598454, 0.0129473283887, 0.00446071429178, 0.000595093879383, 4.69590304419e-05, 1.8691731384e-05]}, "spectral_strongpeak": {"dmean2": 0.943774402142, "median": 0.776824951172, "min": 0, "dvar2": 2.3850736618, "dvar": 0.943043887615, "dmean": 0.580038547516, "max": 13.4171714783, "var": 3.26230669022, "mean": 1.47923612595}, "spectral_energy": {"dmean2": 0.00538314739242, "median": 0.00732947606593, "min": 1.02998058027e-20, "dvar2": 9.29916714085e-05, "dvar": 3.89592023566e-05, "dmean": 0.00353439548053, "max": 0.167955473065, "var": 0.000299653154798, "mean": 0.0142738595605}, "average_loudness": 0.223650053144, "spectral_rolloff": {"dmean2": 459.284057617, "median": 1098.19335938, "min": 21.533203125, "dvar2": 1090198.5, "dvar": 519398.25, "dmean": 266.817138672, "max": 19444.4824219, "var": 2086892.375, "mean": 1348.59875488}, "spectral_centroid": {"dmean2": 224.256713867, "median": 1082.87097168, "min": 271.984802246, "dvar2": 102511.523438, "dvar": 53424.2460938, "dmean": 150.834152222, "max": 11557.1894531, "var": 723339.75, "mean": 1286.13720703}, "pitch_salience": {"dmean2": 0.0884841009974, "median": 0.514828264713, "min": 0.0254623368382, "dvar2": 0.00641252566129, "dvar": 0.00257061235607, "dmean": 0.0554472282529, "max": 0.82691526413, "var": 0.0141069069505, "mean": 0.50719666481}, "spectral_energyband_middle_high": {"dmean2": 0.00408420991153, "median": 0.00162872113287, "min": 1.24590676935e-21, "dvar2": 7.6401149272e-05, "dvar": 3.28476635332e-05, "dmean": 0.00268476852216, "max": 0.100932262838, "var": 0.000206527969567, "mean": 0.00873757246882}, "spectral_contrast_coeffs": {"dmean2": [0.0576118081808, 0.0559947229922, 0.0572904981673, 0.045035328716, 0.0314055383205, 0.0201948713511], "median": [-0.684731245041, -0.696980476379, -0.690700590611, -0.734387218952, -0.769650638103, -0.800606548786], "min": [-0.973578631878, -0.975518465042, -0.971294164658, -0.968794167042, -0.96583288908, -0.966252803802], "dvar2": [0.00225378922187, 0.00240476615727, 0.00226110056974, 0.00130146660376, 0.000705503160134, 0.0002768363629], "dvar": [0.000853475125041, 0.000967959873378, 0.000946742249653, 0.000520377012435, 0.000303187029203, 0.000122329365695], "dmean": [0.0347229279578, 0.0353680588305, 0.035869512707, 0.0279943440109, 0.0195832289755, 0.0126771442592], "max": [-0.231978729367, -0.389425724745, -0.348724395037, -0.460169970989, -0.435044467449, -0.563404560089], "var": [0.017707131803, 0.00866917613894, 0.0150757096708, 0.00770871713758, 0.00470079900697, 0.00171346124262], "mean": [-0.651180922985, -0.695036530495, -0.681118786335, -0.729328989983, -0.766454219818, -0.802238762379]}, "melbands_skewness": {"dmean2": 0.797465085983, "median": 1.14447653294, "min": -15.7090444565, "dvar2": 1.00050914288, "dvar": 0.463092774153, "dmean": 0.524346351624, "max": 24.1160850525, "var": 4.12984609604, "mean": 1.51463973522}, "spectral_spread": {"dmean2": 473049.8125, "median": 3187528.75, "min": 195959.421875, "dvar2": 581194743808, "dvar": 437185413120, "dmean": 321416.5, "max": 42339292, "var": 6513006477310.0, "mean": 3713986.5}, "dissonance": {"dmean2": 0.043951317668, "median": 0.44516953826, "min": 0.145870611072, "dvar2": 0.00198439555243, "dvar": 0.000748717982788, "dmean": 0.0263594109565, "max": 0.499999880791, "var": 0.00266370456666, "mean": 0.432145923376}, "spectral_skewness": {"dmean2": 0.410494685173, "median": 1.95065951347, "min": -0.877848923206, "dvar2": 0.205965057015, "dvar": 0.0832563117146, "dmean": 0.25012370944, "max": 9.17772293091, "var": 0.622472882271, "mean": 2.09452390671}, "spectral_flux": {"dmean2": 0.0179957970977, "median": 0.032616302371, "min": 6.40794223239e-11, "dvar2": 0.000541253190022, "dvar": 0.000208251760341, "dmean": 0.0110015161335, "max": 0.294256597757, "var": 0.00136940786615, "mean": 0.0432415306568}, "spectral_contrast_valleys": {"dmean2": [0.579272031784, 0.475075483322, 0.44664850831, 0.368316650391, 0.270375669003, 0.220465317369], "median": [-9.13153266907, -7.55857419968, -8.20714759827, -8.98194980621, -8.80893802643, -11.6527767181], "min": [-28.3545150757, -27.9428539276, -27.7351779938, -27.5901660919, -27.4824562073, -27.3702640533], "dvar2": [0.257967442274, 0.177316606045, 0.147055089474, 0.112897664309, 0.0885040387511, 0.0776432678103], "dvar": [0.102853372693, 0.081249460578, 0.0723238959908, 0.0594040602446, 0.0534450672567, 0.0520625859499], "dmean": [0.338096112013, 0.294192820787, 0.27796292305, 0.233318567276, 0.182883143425, 0.153171464801], "max": [-6.29952859879, -4.47959089279, -5.09210395813, -5.85836172104, -6.13587808609, -9.02429771423], "var": [4.96862316132, 2.83045125008, 3.07640600204, 2.82126259804, 2.68540906906, 1.93160927296], "mean": [-9.40152168274, -7.90377569199, -8.46985149384, -9.19303894043, -8.95437431335, -11.8232107162]}, "erbbands_flatness_db": {"dmean2": 0.0245276130736, "median": 0.231374531984, "min": 0.0256299637258, "dvar2": 0.000638279714622, "dvar": 0.000308924121782, "dmean": 0.0165748093277, "max": 0.630100250244, "var": 0.00369112403132, "mean": 0.233084261417}, "spectral_energyband_high": {"dmean2": 7.65816803323e-05, "median": 3.14465942211e-05, "min": 6.91077493942e-21, "dvar2": 5.43553539956e-08, "dvar": 2.34816397437e-08, "dmean": 5.05858079123e-05, "max": 0.00763475475833, "var": 1.43030831623e-07, "mean": 0.000165426317835}, "spectral_entropy": {"dmean2": 0.183370769024, "median": 7.00632238388, "min": 4.02739524841, "dvar2": 0.0414850711823, "dvar": 0.0238373205066, "dmean": 0.127937883139, "max": 9.81808376312, "var": 0.32136169076, "mean": 6.97967815399}, "silence_rate_20dB": {"dmean2": 0, "median": 1, "min": 1, "dvar2": 0, "dvar": 0, "dmean": 0, "max": 1, "var": 0, "mean": 1}, "melbands_flatness_db": {"dmean2": 0.0276170726866, "median": 0.245587170124, "min": 0.00419751694426, "dvar2": 0.000765313161537, "dvar": 0.000382890721085, "dmean": 0.0185966938734, "max": 0.541402697563, "var": 0.0054819425568, "mean": 0.248207971454}, "barkbands": {"dmean2": [0.000288621609798, 0.000806134485174, 0.000154106470291, 8.25474053272e-05, 0.000202796654776, 0.000318054691888, 0.00070758064976, 0.000594893703237, 0.000610076182056, 0.00165063480381, 0.00164351810236, 0.00198604841717, 0.000268793228315, 0.000472719606478, 0.000234138846281, 0.000188419071492, 0.000135414040415, 0.000117918112664, 0.000202170631383, 0.000124349433463, 4.15548856836e-05, 7.65007462178e-06, 4.23714072895e-06, 4.95125277666e-06, 6.60389787299e-06, 1.63823426647e-06, 1.635752227e-07], "median": [1.1413608263e-05, 1.83765496331e-05, 5.20815774507e-06, 2.93562188745e-05, 0.00022946637182, 0.000257610197878, 0.000290217780275, 8.548094047e-05, 0.000158749855473, 0.000176182424184, 0.000167746984516, 0.000152402397362, 3.11387302645e-05, 3.95721071982e-05, 2.64186583081e-05, 1.62150918186e-05, 1.19380983961e-05, 1.04341206679e-05, 3.12003539875e-05, 2.06075001188e-05, 7.19794115867e-06, 5.60523801596e-07, 6.3462516664e-07, 2.25333201342e-06, 3.21032712236e-06, 7.98340977326e-07, 7.20219901496e-08], "min": [1.46872282841e-24, 3.89282937989e-24, 1.65656234425e-24, 5.26730006876e-26, 6.57748909557e-24, 1.20267177701e-23, 1.18175536676e-23, 5.82448822938e-24, 1.51378952501e-23, 9.44439895177e-24, 2.13602123449e-23, 1.60288268679e-23, 3.00099317534e-23, 3.24644787709e-23, 8.55759086774e-23, 6.2078588521e-23, 6.7933602512e-23, 1.21741344162e-22, 1.35475778554e-22, 2.06654559192e-22, 3.37935112343e-22, 3.24234201385e-22, 4.56657769811e-22, 5.48995642707e-22, 8.75142547797e-22, 1.45097687933e-21, 2.08936371546e-21], "dvar2": [3.36694711223e-07, 2.69579663836e-06, 9.05751775804e-08, 3.51559776846e-08, 3.66714942857e-07, 9.40352265388e-07, 4.62426351078e-06, 1.4996666323e-05, 4.12679582951e-06, 2.16729058593e-05, 2.23788410949e-05, 3.30383736582e-05, 8.75436114711e-07, 1.68363681041e-06, 4.92257584028e-07, 3.55290580956e-07, 3.51169404667e-07, 2.76918257214e-07, 5.31452656105e-07, 1.17563040192e-07, 3.05751086671e-08, 3.43847905704e-09, 1.13805187496e-09, 3.77310988009e-10, 1.06865971627e-09, 8.21893317293e-11, 1.05669628863e-12], "dvar": [9.89746098412e-08, 8.88704335011e-07, 3.25638573884e-08, 1.16962599606e-08, 1.60175929409e-07, 3.77918496497e-07, 2.01757370633e-06, 5.48132948097e-06, 1.69283282503e-06, 9.46629279497e-06, 8.76378817338e-06, 1.3875469449e-05, 3.257242156e-07, 6.51694620046e-07, 1.85194807045e-07, 1.33687464654e-07, 1.31072653176e-07, 9.95423121708e-08, 2.06606586062e-07, 4.2414374235e-08, 1.12561968635e-08, 1.29460786535e-09, 4.60544241632e-10, 1.71521047365e-10, 5.96822924415e-10, 4.4214906042e-11, 4.18596499694e-13], "dmean": [0.000155175410328, 0.000464653392555, 9.36903015827e-05, 4.92309009132e-05, 0.000138047180371, 0.000218019587919, 0.000487815297674, 0.000383282254916, 0.000403847196139, 0.0010950564174, 0.00103690021206, 0.00129655573983, 0.000174713422894, 0.000289152376354, 0.000142231598147, 0.000114677859528, 8.2867416495e-05, 7.18709925422e-05, 0.000125263657537, 7.67807505326e-05, 2.58543896052e-05, 4.89541298521e-06, 2.76005062005e-06, 3.32325657837e-06, 4.58689282823e-06, 1.12112411443e-06, 1.06090006113e-07], "max": [0.00380119890906, 0.0157556757331, 0.00358095718548, 0.00193064589985, 0.0224631484598, 0.0211771596223, 0.0350744873285, 0.109451286495, 0.0375915169716, 0.0710587576032, 0.0815733075142, 0.0709073916078, 0.017192190513, 0.0201981570572, 0.0124984011054, 0.008559868671, 0.0128465937451, 0.00905152224004, 0.0125662377104, 0.00505813071504, 0.00565620232373, 0.00176053505857, 0.00151347939391, 0.00053344463231, 0.00124606140889, 0.000380049983505, 3.33255848091e-05], "var": [1.31825046878e-07, 4.43832232122e-06, 2.11992258414e-07, 7.39109111692e-08, 9.22025549244e-07, 1.47436946918e-06, 5.98296992393e-06, 6.12501435171e-06, 3.77191713596e-06, 3.73475741071e-05, 1.85251319635e-05, 4.06100298278e-05, 7.86465079727e-07, 1.5578317516e-06, 4.04645675189e-07, 2.94098470022e-07, 3.43732779129e-07, 2.32248254406e-07, 5.45181023881e-07, 1.39940581789e-07, 3.03773148858e-08, 4.72149608299e-09, 1.0524036087e-09, 5.42684119864e-10, 1.51936330184e-09, 9.44944122949e-11, 4.94648213448e-13], "mean": [0.000183906900929, 0.00113926362246, 0.00025383697357, 0.000157023765496, 0.000457405956695, 0.000603530730586, 0.0011444631964, 0.000594665063545, 0.000785130017903, 0.00255546392873, 0.00177110626828, 0.00241617159918, 0.000315065262839, 0.000539249158464,