{"tonal": {"thpcp": [1, 0.557213246822, 0.231804639101, 0.173510819674, 0.255526512861, 0.718060493469, 0.917259335518, 0.658538103104, 0.505990386009, 0.28197157383, 0.145211070776, 0.256759792566, 0.316494524479, 0.34199744463, 0.63721704483, 0.752266407013, 0.473569512367, 0.300227254629, 0.248563453555, 0.307137727737, 0.664218664169, 0.802379369736, 0.483240306377, 0.236897841096, 0.170163303614, 0.222197324038, 0.477857112885, 0.627468585968, 0.51690030098, 0.615166187286, 0.581854343414, 0.288887053728, 0.212511792779, 0.228512719274, 0.316681116819, 0.785871803761], "hpcp": {"dmean2": [0.204354658723, 0.211716994643, 0.20122385025, 0.144309788942, 0.112828209996, 0.133847370744, 0.177318572998, 0.204072862864, 0.202786102891, 0.179390653968, 0.152631029487, 0.131012558937, 0.110460661352, 0.119532853365, 0.165556654334, 0.245038360357, 0.22117947042, 0.212258592248, 0.148638874292, 0.117697261274, 0.14222368598, 0.220489948988, 0.228815332055, 0.244646623731, 0.272963166237, 0.161912694573, 0.0935156717896, 0.115759246051, 0.128564745188, 0.160842061043, 0.218176022172, 0.233214914799, 0.226282909513, 0.17039988935, 0.144134357572, 0.169597715139], "median": [0.0386212468147, 0.0495074503124, 0.0316036455333, 0.0103006567806, 0.00770290289074, 0.0129024898633, 0.0371382012963, 0.048150703311, 0.0413814559579, 0.0216255635023, 0.0156318359077, 0.0150554180145, 0.0146861309186, 0.0149225350469, 0.0228169262409, 0.0578290596604, 0.0677376836538, 0.0366789773107, 0.011058033444, 0.00699730031192, 0.0154920052737, 0.0605562031269, 0.0758934915066, 0.0569522082806, 0.0139955244958, 0.00776668079197, 0.00631366530433, 0.0138463042676, 0.0165479555726, 0.0226678047329, 0.0398098379374, 0.0456101596355, 0.0291838273406, 0.0147456210107, 0.0121342204511, 0.0181632898748], "min": [0, 0, 0, 0, 0, 0, 0, 0, 0, 0, 0, 0, 0, 0, 0, 0, 0, 0, 0, 0, 0, 0, 0, 0, 0, 0, 0, 0, 0, 0, 0, 0, 0, 0, 0, 0], "dvar2": [0.104362413287, 0.108138047159, 0.11345897615, 0.0873202607036, 0.0657649934292, 0.0771430879831, 0.0861263945699, 0.107853412628, 0.101691454649, 0.0927972048521, 0.0820596888661, 0.0662299394608, 0.059398829937, 0.0684232190251, 0.0882499665022, 0.126597166061, 0.11070317775, 0.114572443068, 0.0928416103125, 0.0778547152877, 0.0790407136083, 0.103506192565, 0.105653971434, 0.109839737415, 0.183482989669, 0.0800068899989, 0.0542333088815, 0.0645758360624, 0.0672001838684, 0.083880841732, 0.108082398772, 0.122485525906, 0.129037499428, 0.100050620735, 0.0821451768279, 0.0991471856833], "dvar": [0.0409121066332, 0.0428804084659, 0.0422787517309, 0.0310014206916, 0.0227177310735, 0.0272350702435, 0.0334575176239, 0.0430817380548, 0.0390438959002, 0.0364321470261, 0.0321173816919, 0.0232560373843, 0.0208096150309, 0.02434152551, 0.030971230939, 0.046492010355, 0.0464274920523, 0.0410083755851, 0.0329392999411, 0.0272349398583, 0.0275581348687, 0.0406560748816, 0.0454428754747, 0.041476059705, 0.0697108432651, 0.0290899835527, 0.0189616996795, 0.0247028786689, 0.0267484802753, 0.0309680067003, 0.0430351905525, 0.0487759895623, 0.0472629852593, 0.0367644913495, 0.0302022993565, 0.0342814289033], "dmean": [0.118561804295, 0.124062970281, 0.114084981382, 0.079116910696, 0.0607617609203, 0.0726059526205, 0.103084988892, 0.119528032839, 0.117142617702, 0.104034021497, 0.0871302336454, 0.0731630399823, 0.0610073283315, 0.0661386027932, 0.0922750532627, 0.142898127437, 0.129166036844, 0.121307983994, 0.0804258137941, 0.0634118393064, 0.0791691765189, 0.1310954988, 0.136449158192, 0.142433211207, 0.151705250144, 0.0900300890207, 0.0507326424122, 0.0664347931743, 0.0736657679081, 0.0915209054947, 0.126789867878, 0.134754031897, 0.127525538206, 0.0945830717683, 0.0791049525142, 0.0939907729626], "max": [1, 1, 1, 1, 1, 1, 1, 1, 1, 1, 1, 1, 1, 1, 1, 1, 1, 1, 1, 1, 1, 1, 1, 1, 1, 1, 1, 1, 1, 1, 1, 1, 1, 1, 1, 1], "var": [0.0771753042936, 0.100702136755, 0.0472766608, 0.0233952645212, 0.0154272457585, 0.0205042101443, 0.0445175245404, 0.0701649859548, 0.0466158762574, 0.0834870412946, 0.0873145014048, 0.0229287166148, 0.0166985280812, 0.0197231378406, 0.0262410547584, 0.0824682787061, 0.126308202744, 0.0531430095434, 0.0239306297153, 0.0178995653987, 0.0212887693197, 0.0718116909266, 0.10428147763, 0.058039393276, 0.0679188147187, 0.0248920265585, 0.0125313159078, 0.0261283982545, 0.0361163839698, 0.0319752432406, 0.0711098089814, 0.0902927294374, 0.047609936446, 0.0316507518291, 0.0250842589885, 0.02781021595], "mean": [0.175099164248, 0.211520642042, 0.127390235662, 0.0624502375722, 0.0448578968644, 0.0585749335587, 0.125971138477, 0.165411219001, 0.13626357913, 0.162168100476, 0.153386548162, 0.0761554613709, 0.0560216642916, 0.060239776969, 0.0834824442863, 0.207168966532, 0.263616740704, 0.146890744567, 0.061107583344, 0.0457403585315, 0.0673610642552, 0.189292773604, 0.241804912686, 0.173601672053, 0.13338753581, 0.0743324309587, 0.038280069828, 0.0676861777902, 0.0834332555532, 0.090156249702, 0.167981088161, 0.198310017586, 0.124840848148, 0.0791449323297, 0.0655254870653, 0.0809666439891]}, "tuning_equal_tempered_deviation": 0.227002367377, "chords_changes_rate": 0.0564844086766, "key_key": "G", "tuning_diatonic_strength": 0.61352789402, "key_scale": "major", "chords_number_rate": 0.00248531415127, "tuning_frequency": 434.193115234, "tuning_nontempered_energy_ratio": 0.953178942204, "chords_histogram": [12.3813829422, 2.32715773582, 10.3253498077, 0, 10.0090379715, 0.0903750583529, 1.10709440708, 0, 0, 0, 0, 0, 0, 0, 0, 2.07862639427, 0, 1.15228199959, 0.361500233412, 7.99819231033, 0, 7.02666044235, 22.3678264618, 22.774515152], "key_strength": 0.732997298241, "chords_key": "E", "chords_strength": {"dmean2": 0.00938304234296, "median": 0.546684741974, "min": 0.268564671278, "dvar2": 7.37968148314e-05, "dvar": 6.80528828525e-05, "dmean": 0.0101313758641, "max": 0.831479787827, "var": 0.00997033435851, "mean": 0.543851673603}, "chords_scale": "minor", "hpcp_entropy": {"dmean2": 1.14950990677, "median": 1.88657903671, "min": 0, "dvar2": 0.840630531311, "dvar": 0.311547547579, "dmean": 0.684598863125, "max": 4.44443798065, "var": 0.650645792484, "mean": 1.8853379488}}, "metadata": {"audio_properties": {"equal_loudness": 0, "codec": "mp3", "downmix": "mix", "sample_rate": 44100, "analysis_sample_rate": 44100, "bit_rate": 320000, "md5_encoded": "cfa9a2671d39e82a7352751216081785", "length": 205.453063965, "replay_gain": -15.1326351166, "lossless": false}, "version": {"essentia_build_sha": "70f2e5ece6736b2c40cc944ad0e695b16b925413", "essentia": "2.1-beta2", "extractor": "music 1.0", "essentia_git_sha": "v2.1_beta2"}, "tags": {"title": ["Resta in ascolto"], "language": ["ita"], "media": ["CD"], "albumartist": ["Laura Pausini"], "musicbrainz_recordingid": ["5661f327-36eb-4d1d-b3a3-31adb539f480"], "musicbrainz_albumartistid": ["472b9953-1f10-4aed-b1ec-d0c23ffb2cf1"], "discnumber": ["1/1"], "album": ["Resta in ascolto"], "musicbrainz album type": ["album"], "musicbrainz album status": ["official"], "file_name": "03 - Resta In Ascolto.mp3", "originaldate": ["2004"], "date": ["2004"], "genre": ["Undefined"], "script": ["Latn"], "asin": ["B0006419QY"], "musicbrainz_albumid": ["77f5587a-7781-47f8-b434-c610fcdca415"], "artist": ["Laura Pausini"], "artistsort": ["Pausini, Laura"], "tracknumber": ["3/11"], "musicbrainz album release country": ["IT"], "albumartistsort": ["Pausini, Laura"], "musicbrainz_artistid": ["472b9953-1f10-4aed-b1ec-d0c23ffb2cf1"]}}, "rhythm": {"bpm_histogram_first_peak_bpm": {"dmean2": 0, "median": 161, "min": 161, "dvar2": 0, "dvar": 0, "dmean": 0, "max": 161, "var": 0, "mean": 161}, "bpm": 163.755569458, "bpm_histogram_second_peak_spread": {"dmean2": 0, "median": 0, "min": 0, "dvar2": 0, "dvar": 0, "dmean": 0, "max": 0, "var": 0, "mean": 0}, "bpm_histogram_first_peak_weight": {"dmean2": 0, "median": 0.524590134621, "min": 0.524590134621, "dvar2": 0, "dvar": 0, "dmean": 0, "max": 0.524590134621, "var": 0, "mean": 0.524590134621}, "onset_rate": 3.36783289909, "beats_position": [0.406349211931, 0.824308395386, 1.23065757751, 1.63700675964, 2.04335594177, 2.4497051239, 2.85605430603, 3.22757363319, 3.59909296036, 3.97061228752, 4.35374164581, 4.73687076569, 5.10838985443, 5.47990942001, 5.85142850876, 6.2229475975, 6.59446716309, 6.96598625183, 7.33750534058, 7.70902490616, 8.06893444061, 8.42884349823, 8.80036258698, 9.16027164459, 9.52018165588, 9.89170074463, 10.2632198334, 10.6347389221, 10.9946479797, 11.354557991, 11.7260770798, 12.0859861374, 12.445895195, 12.8174142838, 13.1889343262, 13.5604534149, 13.9203624725, 14.2802715302, 14.6517915726, 15.0233106613, 15.3832197189, 15.7431287766, 16.114648819, 16.4861679077, 16.8576869965, 17.2175960541, 17.5775051117, 17.9490242004, 18.3089332581, 18.6688423157, 19.0403633118, 19.4118824005, 19.7834014893, 20.1433105469, 20.5032196045, 20.8747386932, 21.246257782, 21.6177768707, 21.9776859283, 22.3375968933, 22.7091159821, 23.0806350708, 23.4405441284, 23.8120632172, 24.1719722748, 24.5434913635, 24.9034004211, 25.2633094788, 25.6348285675, 26.0063495636, 26.3778686523, 26.73777771, 27.0976867676, 27.4692058563, 27.8407249451, 28.2122440338, 28.5721530914, 28.932062149, 29.3035831451, 29.6634922028, 30.0234012604, 30.3949203491, 30.7664394379, 31.1379585266, 31.4978675842, 31.8577766418, 32.2292976379, 32.6008148193, 32.960723877, 33.3206329346, 33.6921539307, 34.0636711121, 34.4235839844, 34.783493042, 35.1550102234, 35.5265312195, 35.8980484009, 36.2579574585, 36.6178665161, 36.9893875122, 37.3609046936, 37.7208137512, 38.0923347473, 38.4638557434, 38.823764801, 39.1836738586, 39.55519104, 39.9151000977, 40.2866210938, 40.6465301514, 41.006439209, 41.3779602051, 41.7494773865, 42.1209983826, 42.4809074402, 42.8408164978, 43.2123336792, 43.5838546753, 43.9553718567, 44.3268928528, 44.6868019104, 45.046710968, 45.4182319641, 45.7897491455, 46.1496582031, 46.5095672607, 46.8810882568, 47.2526054382, 47.6241264343, 47.9956436157, 48.3671646118, 48.7270736694, 49.0985946655, 49.4585037231, 49.8300209045, 50.1899299622, 50.5498390198, 50.9097480774, 51.2812690735, 51.6411781311, 52.0126991272, 52.3842163086, 52.7441253662, 53.1040344238, 53.4523353577, 53.8238525391, 54.1953735352, 54.5668907166, 54.9384117126, 55.3099327087, 55.6698417664, 56.0413589478, 56.4012680054, 56.7727890015, 57.1443061829, 57.515827179, 57.8873443604, 58.2356452942, 58.6071662903, 58.9786834717, 59.3385925293, 59.7101135254, 60.0816307068, 60.4415397644, 60.8130607605, 61.1613578796, 61.5328788757, 61.9043960571, 62.2643089294, 62.6242179871, 62.9957351685, 63.3672561646, 63.7271652222, 64.0870742798, 64.4469833374, 64.8185043335, 65.1900177002, 65.5499343872, 65.9214477539, 66.29296875, 66.6644897461, 67.0360107422, 67.3959197998, 67.7558288574, 68.1273422241, 68.4988632202, 68.8587722778, 69.2186813354, 69.5902023315, 69.9617233276, 70.3216323853, 70.6815414429, 71.0414505005, 71.4013595581, 71.7612686157, 72.1444015503, 72.515914917, 72.8874359131, 73.2589569092, 73.6304779053, 73.9903869629, 74.3502960205, 74.7218093872, 75.0933303833, 75.4532394409, 75.8131484985, 76.1846694946, 76.5445785522, 76.9044876099, 77.276008606, 77.6475296021, 78.0190429688, 78.3789520264, 78.7504730225, 79.1103820801, 79.4819030762, 79.8418121338, 80.2017211914, 80.5732421875, 80.9447631836, 81.3162765503, 81.6877975464, 82.047706604, 82.4076156616, 82.7675247192, 83.1274337769, 83.4989547729, 83.870475769, 84.2419967651, 84.6019058228, 84.9618148804, 85.3333282471, 85.7048492432, 86.0763702393, 86.4362792969, 86.7961883545, 87.1677093506, 87.5392303467, 87.8991394043, 88.270652771, 88.6421737671, 89.0020828247, 89.3619918823, 89.7219009399, 90.093421936, 90.4649429321, 90.8364639282, 91.1963729858, 91.5562820435, 91.9277954102, 92.2877044678, 92.6476211548, 93.0191345215, 93.3906555176, 93.7621765137, 94.1336975098, 94.4936065674, 94.853515625, 95.2250289917, 95.5965499878, 95.9564590454, 96.316368103, 96.6878890991, 97.0477981567, 97.4077072144, 97.7792282104, 98.1507492065, 98.5222625732, 98.8821716309, 99.2420806885, 99.6136016846, 99.9851226807, 100.356643677, 100.716552734, 101.076461792, 101.447982788, 101.819496155, 102.191017151, 102.562538147, 102.922447205, 103.282356262, 103.653877258, 104.013786316, 104.373695374, 104.74521637, 105.116729736, 105.488250732, 105.859771729, 106.219680786, 106.579589844, 106.939498901, 107.299407959, 107.670928955, 108.042449951, 108.413963318, 108.773872375, 109.133781433, 109.505302429, 109.876823425, 110.248344421, 110.608253479, 110.968162537, 111.339683533, 111.69959259, 112.071105957, 112.431015015, 112.802536011, 113.174057007, 113.522354126, 113.893875122, 114.265396118, 114.625305176, 114.985214233, 115.356735229, 115.728248596, 116.088157654, 116.45967865, 116.819587708, 117.191108704, 117.5626297, 117.934150696, 118.305664062, 118.677185059, 119.048706055, 119.420227051, 119.780136108, 120.140045166, 120.511566162, 120.87147522, 121.231384277, 121.602897644, 121.97441864, 122.345939636, 122.705848694, 123.065757751, 123.437278748, 123.808792114, 124.168708801, 124.540222168, 124.900131226, 125.260040283, 125.619949341, 125.991470337, 126.351379395, 126.711288452, 127.082809448, 127.454330444, 127.82585144, 128.197372437, 128.557281494, 128.917190552, 129.288711548, 129.660217285, 130.031738281, 130.391647339, 130.751556396, 131.123077393, 131.494598389, 131.866119385, 132.237640381, 132.597549438, 132.957458496, 133.328979492, 133.68888855, 134.060409546, 134.420318604, 134.7918396, 135.163360596, 135.523269653, 135.883178711, 136.243087769, 136.602996826, 136.974502563, 137.34602356, 137.717544556, 138.077453613, 138.437362671, 138.808883667, 139.180404663, 139.551925659, 139.911834717, 140.271743774, 140.631652832, 141.003173828, 141.363082886, 141.734603882, 142.106124878, 142.477645874, 142.849151611, 143.220672607, 143.580581665, 143.940490723, 144.30039978, 144.660308838, 145.031829834, 145.40335083, 145.774871826, 146.146392822, 146.50630188, 146.866210938, 147.237731934, 147.597640991, 147.969161987, 148.329071045, 148.677368164, 149.04888916, 149.420410156, 149.791931152, 150.16343689, 150.523345947, 150.894866943, 151.254776001, 151.626296997, 151.986206055, 152.357727051, 152.729248047, 153.100769043, 153.460678101, 153.832199097, 154.203720093, 154.56362915, 154.923538208, 155.295059204, 155.654968262, 156.014877319, 156.386398315, 156.757904053, 157.129425049, 157.500946045, 157.860855103, 158.22076416, 158.592285156, 158.952194214, 159.312103271, 159.683624268, 160.055145264, 160.42666626, 160.786575317, 161.146484375, 161.518005371, 161.877914429, 162.237823486, 162.609344482, 162.980865479, 163.340774536, 163.700683594, 164.072189331, 164.443710327, 164.815231323, 165.175140381, 165.535049438, 165.906570435, 166.278091431, 166.638000488, 167.009521484, 167.369430542, 167.740951538, 168.112472534, 168.48399353, 168.843902588, 169.203811646, 169.575332642, 169.946838379, 170.306747437, 170.666656494, 171.03817749, 171.409698486, 171.781219482, 172.14112854, 172.501037598, 172.872558594, 173.232467651, 173.592376709, 173.963897705, 174.335418701, 174.695327759, 175.055236816, 175.426757812, 175.798278809, 176.169799805, 176.529708862, 176.9012146, 177.272735596, 177.632644653, 178.004165649, 178.364074707, 178.723983765, 179.095504761, 179.455413818, 179.815322876, 180.186843872, 180.558364868, 180.929885864, 181.30140686, 181.661315918, 182.021224976, 182.381134033, 182.741043091, 183.112564087, 183.484085083, 183.843994141, 184.203903198, 184.575408936, 184.946929932, 185.318450928, 185.689971924, 186.06149292, 186.433013916, 186.792922974, 187.152832031, 187.524353027, 187.884262085, 188.244171143, 188.615692139, 188.987213135, 189.358734131, 189.730239868, 190.101760864, 190.461669922, 190.821578979, 191.181488037, 191.564620972, 191.936141968, 192.319274902, 192.690795898, 193.1900177, 193.666030884, 194.130432129, 194.606430054, 195.094055176, 195.581680298, 196.069290161, 196.556915283, 197.044525146, 197.532150269, 198.03137207, 198.518997192, 199.018234253, 199.529067993, 200.039901733, 200.562347412, 201.073196411, 201.584030151, 202.09487915, 202.559265137, 203.012054443, 203.476455688, 203.940856934, 204.405258179, 204.869659424], "beats_loudness": {"dmean2": 0.0451951958239, "median": 0.029739625752, "min": 2.82206599422e-07, "dvar2": 0.00135797937401, "dvar": 0.000446536927484, "dmean": 0.0247793551534, "max": 0.143582135439, "var": 0.000712017645128, "mean": 0.0344341881573}, "danceability": 1.07572352886, "bpm_histogram_second_peak_weight": {"dmean2": 0, "median": 0.400728583336, "min": 0.400728583336, "dvar2": 0, "dvar": 0, "dmean": 0, "max": 0.400728583336, "var": 0, "mean": 0.400728583336}, "beats_count": 550, "bpm_histogram_second_peak_bpm": {"dmean2": 0, "median": 167, "min": 167, "dvar2": 0, "dvar": 0, "dmean": 0, "max": 167, "var": 0, "mean": 167}, "bpm_histogram_first_peak_spread": {"dmean2": 0, "median": 0.0170648694038, "min": 0.0170648694038, "dvar2": 0, "dvar": 0, "dmean": 0, "max": 0.0170648694038, "var": 0, "mean": 0.0170648694038}, "beats_loudness_band_ratio": {"dmean2": [0.567810475826, 0.22720746696, 0.218842610717, 0.237422078848, 0.0787264704704, 0.212426736951], "median": [0.461625158787, 0.0829951837659, 0.0786121785641, 0.0447618439794, 0.0363552644849, 0.0648985058069], "min": [0.000191761020687, 0.000647341134027, 0.00102042104118, 0.000549937423784, 0.000405714876251, 0.00011895357602], "dvar2": [0.128112599254, 0.0508114695549, 0.0493444353342, 0.0917774811387, 0.00846867449582, 0.0467854104936], "dvar": [0.0480797067285, 0.0175269339234, 0.0188112799078, 0.0308604799211, 0.00305512174964, 0.0176015347242], "dmean": [0.31183680892, 0.127193838358, 0.124091632664, 0.128948912024, 0.0447776988149, 0.116845719516], "max": [0.97911465168, 0.894931137562, 0.870892524719, 0.840377569199, 0.423363566399, 0.993263840675], "var": [0.0813440307975, 0.0241333022714, 0.023367324844, 0.0309319235384, 0.00439361156896, 0.0146997263655], "mean": [0.48775818944, 0.140153065324, 0.131811141968, 0.120480693877, 0.0568243898451, 0.107287593186]}}, "lowlevel": {"barkbands_spread": {"dmean2": 11.2858219147, "median": 23.9453811646, "min": 0.908695161343, "dvar2": 229.101974487, "dvar": 104.350265503, "dmean": 7.42006874084, "max": 126.2554245, "var": 387.700317383, "mean": 27.7336368561}, "melbands_spread": {"dmean2": 11.6412248611, "median": 20.9772167206, "min": 0.711689829826, "dvar2": 359.056976318, "dvar": 185.815582275, "dmean": 7.63440942764, "max": 289.303283691, "var": 646.270996094, "mean": 26.2855587006}, "hfc": {"dmean2": 10.5629959106, "median": 11.554473877, "min": 1.17442428391e-16, "dvar2": 442.782165527, "dvar": 213.564651489, "dmean": 7.4894733429, "max": 248.80921936, "var": 779.691894531, "mean": 22.2737083435}, "barkbands_kurtosis": {"dmean2": 6.28653049469, "median": 1.9184281826, "min": -1.96817958355, "dvar2": 203.654647827, "dvar": 80.8745498657, "dmean": 3.92505288124, "max": 188.130737305, "var": 155.332122803, "mean": 6.19299697876}, "gfcc": {"mean": [-32.6814842224, 70.8160324097, -95.731628418, 30.0879020691, -46.7350616455, 8.44150257111, -28.6626358032, 13.0405139923, -29.682302475, 0.916235566139, -17.3770828247, -2.07081413269, -7.88538742065], "icov": [[0.000165861667483, 0.000241213012487, 2.70770306088e-05, -0.000211999140447, 8.29950949992e-05, -7.5705924246e-05, -0.00031707045855, -0.000267034396529, 0.000280438427581, -0.00040938242455, 0.000186736055184, -2.85113128484e-05, -0.000151934131281], [0.000241213012487, 0.00133812718559, 0.000235670755501, -0.000362727732863, -0.000454365857877, 0.000451648054877, -0.000761143921409, 0.000122207813547, 6.24193125986e-05, 0.000506547628902, -0.000859238731209, 0.00112815666944, -0.000852099619806], [2.70770306088e-05, 0.000235670755501, 0.00119104143232, -0.000108655549411, -8.3047314547e-05, -0.000775077962317, 0.000466648110887, -0.000370288762497, -0.000751318002585, 0.000313891039696, -8.64871253725e-05, -0.000402197591029, 0.000570771750063], [-0.000211999140447, -0.000362727732863, -0.000108655549411, 0.00345481233671, -0.000986250233836, -0.00101799645927, 0.000994242262095, -0.000695624039508, -0.000955409312155, -0.000255362770986, 0.000321024097502, 0.000159658811754, 0.00124528200831], [8.29950949992e-05, -0.000454365857877, -8.3047314547e-05, -0.000986250233836, 0.00469300244004, 0.000326039851643, -0.00252754660323, 0.000140602918691, -6.98760777595e-05, -0.000220399204409, -3.22754349327e-05, 0.000634566298686, -0.000263097084826], [-7.5705924246e-05, 0.000451648054877, -0.000775077962317, -0.00101799645927, 0.000326039851643, 0.00569714233279, -0.00255606137216, 0.000336917728418, 0.00104513438419, -0.000903214211576, -0.000128745203256, -0.000274242338492, 0.000541041779798], [-0.00031707045855, -0.000761143921409, 0.000466648110887, 0.000994242262095, -0.00252754660323, -0.00255606137216, 0.00767160532996, -0.000576649385039, -0.000577084254473, -0.00093335181009, 0.000137364419061, -0.00118016183842, -0.000779088935815], [-0.000267034396529, 0.000122207813547, -0.000370288762497, -0.000695624039508, 0.000140602918691, 0.000336917728418, -0.000576649385039, 0.00734900124371, -0.00112623604946, 0.000561307766475, 0.000219895897317, 0.000170112252817, -0.00370143190958], [0.000280438427581, 6.24193125986e-05, -0.000751318002585, -0.000955409312155, -6.98760777595e-05, 0.00104513438419, -0.000577084254473, -0.00112623604946, 0.0100597552955, -0.00220063654706, 0.000368239183445, -0.00108128821012, 0.000839021930005], [-0.00040938242455, 0.000506547628902, 0.000313891039696, -0.000255362770986, -0.000220399204409, -0.000903214211576, -0.00093335181009, 0.000561307766475, -0.00220063654706, 0.0157071705908, -0.00668964581564, 0.00166087877005, -0.000604255590588], [0.000186736055184, -0.000859238731209, -8.64871253725e-05, 0.000321024097502, -3.22754349327e-05, -0.000128745203256, 0.000137364419061, 0.000219895897317, 0.000368239183445, -0.00668964581564, 0.0149369640276, -0.00460859155282, 0.00108870095573], [-2.85113128484e-05, 0.00112815666944, -0.000402197591029, 0.000159658811754, 0.000634566298686, -0.000274242338492, -0.00118016183842, 0.000170112252817, -0.00108128821012, 0.00166087877005, -0.00460859155282, 0.0176793262362, -0.00545250950381], [-0.000151934131281, -0.000852099619806, 0.000570771750063, 0.00124528200831, -0.000263097084826, 0.000541041779798, -0.000779088935815, -0.00370143190958, 0.000839021930005, -0.000604255590588, 0.00108870095573, -0.00545250950381, 0.0160631388426]], "cov": [[18093.3613281, -3726.91479492, 933.70324707, 943.414855957, -184.182067871, 1236.46057129, 746.554748535, 895.19342041, -163.415100098, 568.022155762, -124.728034973, 315.783447266, 210.493499756], [-3726.91479492, 1913.75476074, -563.81854248, -118.593444824, 269.951599121, -319.387695312, 26.136177063, -171.936599731, 14.6147899628, -112.184791565, 68.4131469727, -114.514945984, 23.8315010071], [933.70324707, -563.81854248, 1217.87231445, 157.362579346, -62.2278137207, 228.66947937, -36.9986457825, 91.1422653198, 83.3877182007, 27.6844768524, -10.0178251266, 50.1534805298, -51.6762619019], [943.414855957, -118.593444824, 157.362579346, 423.226989746, 76.8348464966, 131.637466431, 43.3417625427, 72.6138381958, 34.9370689392, 41.6263504028, -7.59739971161, 0.500453472137, -19.6845493317], [-184.182067871, 269.951599121, -62.2278137207, 76.8348464966, 329.600708008, 18.1475315094, 129.58102417, 4.4552936554, 13.8953008652, 12.7390184402, 15.2794561386, -14.3842401505, 14.7665815353], [1236.46057129, -319.387695312, 228.66947937, 131.637466431, 18.1475315094, 335.043182373, 122.57183075, 61.0385055542, -6.71374702454, 61.8141937256, 3.65789246559, 32.9766616821, -0.933765232563], [746.554748535, 26.136177063, -36.9986457825, 43.3417625427, 129.58102417, 122.57183075, 261.262023926, 56.1414527893, -0.985830843449, 47.6835212708, 15.0288219452, 23.8350696564, 38.921913147], [895.19342041, -171.936599731, 91.1422653198, 72.6138381958, 4.4552936554, 61.0385055542, 56.1414527893, 209.520248413, 14.7571792603, 24.6250286102, -9.56724834442, 27.7852916718, 49.7339134216], [-163.415100098, 14.6147899628, 83.3877182007, 34.9370689392, 13.8953008652, -6.71374702454, -0.985830843449, 14.7571792603, 119.409790039, 12.3197059631, 7.13494157791, 5.40354633331, -7.05853128433], [568.022155762, -112.184791565, 27.6844768524, 41.6263504028, 12.7390184402, 61.8141937256, 47.6835212708, 24.6250286102, 12.3197059631, 103.455871582, 35.367767334, 14.1865158081, 6.99121522903], [-124.728034973, 68.4131469727, -10.0178251266, -7.59739971161, 15.2794561386, 3.65789246559, 15.0288219452, -9.56724834442, 7.13494157791, 35.367767334, 93.7179946899, 18.3050918579, 2.86512875557], [315.783447266, -114.514945984, 50.1534805298, 0.500453472137, -14.3842401505, 32.9766616821, 23.8350696564, 27.7852916718, 5.40354633331, 14.1865158081, 18.3050918579, 80.1222000122, 27.5112133026], [210.493499756, 23.8315010071, -51.6762619019, -19.6845493317, 14.7665815353, -0.933765232563, 38.921913147, 49.7339134216, -7.05853128433, 6.99121522903, 2.86512875557, 27.5112133026, 92.2689743042]]}, "spectral_energyband_middle_low": {"dmean2": 0.0036757492926, "median": 0.00417547114193, "min": 2.57556396014e-22, "dvar2": 4.19075113314e-05, "dvar": 1.81321429409e-05, "dmean": 0.00236980104819, "max": 0.0865277945995, "var": 4.98279041494e-05, "mean": 0.00633951695636}, "melbands_crest": {"dmean2": 4.89887905121, "median": 14.2559700012, "min": 1.58832633495, "dvar2": 23.2537994385, "dvar": 9.43855285645, "dmean": 3.12419986725, "max": 36.082698822, "var": 30.2649536133, "mean": 15.0584249496}, "spectral_kurtosis": {"dmean2": 2.31758666039, "median": 3.61646151543, "min": -1.28157997131, "dvar2": 28.3104610443, "dvar": 9.64019107819, "dmean": 1.39692234993, "max": 137.46723938, "var": 48.9942741394, "mean": 4.63213253021}, "spectral_rms": {"dmean2": 0.00108811631799, "median": 0.00392341054976, "min": 3.18835105886e-12, "dvar2": 3.32836043526e-06, "dvar": 1.44488603837e-06, "dmean": 0.000724427460227, "max": 0.0139922006056, "var": 5.44391423318e-06, "mean": 0.00396889261901}, "zerocrossingrate": {"dmean2": 0.0165268965065, "median": 0.0625, "min": 0.00341796875, "dvar2": 0.000630953640211, "dvar": 0.000499936635606, "dmean": 0.0145852575079, "max": 0.51025390625, "var": 0.00295903161168, "mean": 0.0745380371809}, "silence_rate_60dB": {"dmean2": 0.0628390610218, "median": 0, "min": 0, "dvar2": 0.0634076371789, "dvar": 0.030429892242, "dmean": 0.0314159803092, "max": 1, "var": 0.148978769779, "mean": 0.182146891952}, "erbbands_kurtosis": {"dmean2": 1.54294288158, "median": -0.302585482597, "min": -1.77776288986, "dvar2": 7.56802654266, "dvar": 3.55887770653, "dmean": 1.0023329258, "max": 52.8058624268, "var": 10.8713331223, "mean": 0.730013370514}, "erbbands": {"dmean2": [0.25857937336, 1.85181939602, 3.53325033188, 3.4225423336, 3.6542327404, 4.56936311722, 5.21913051605, 6.65826511383, 8.36122608185, 7.53349113464, 7.88835763931, 20.8686485291, 46.2614898682, 46.8089828491, 26.9523506165, 21.6578807831, 14.2570991516, 14.6613893509, 13.3970022202, 17.2700004578, 12.2815628052, 10.832608223, 9.05040740967, 13.7303419113, 11.780957222, 12.9227571487, 10.2641544342, 7.10636854172, 4.57154273987, 4.44962406158, 3.67450141907, 4.32920408249, 3.43459510803, 2.36276841164, 1.17695844173, 0.432444214821, 0.169355928898, 0.0596117414534, 0.00897247809917, 0.000402997771744], "median": [0.0678208321333, 0.664962887764, 1.27840554714, 1.85403203964, 2.26424741745, 2.34257292747, 2.44185352325, 2.25303173065, 2.50314760208, 2.13949728012, 2.81095218658, 4.74803829193, 5.3201789856, 4.45766305923, 3.38512563705, 3.42749214172, 3.1142270565, 3.18154573441, 3.24840378761, 3.69553303719, 4.20560455322, 4.73020648956, 4.77738189697, 6.9421377182, 6.17766952515, 6.31254959106, 4.39811706543, 2.69391036034, 1.45262360573, 1.00883698463, 0.634806036949, 0.623095452785, 0.577370584011, 0.456321299076, 0.300524801016, 0.10842821002, 0.0282799899578, 0.00629458157346, 0.000754352542572, 5.78763501835e-05], "min": [2.07098681571e-22, 1.53474305274e-21, 2.68003044955e-20, 4.30528412594e-20, 2.84752305292e-20, 5.28972825193e-20, 1.650237859e-19, 1.87062307261e-19, 2.6370954783e-19, 1.13926282957e-18, 1.03569661156e-18, 1.16563117615e-18, 1.08807172339e-18, 4.04771609689e-18, 2.73147487333e-18, 2.61780784946e-18, 2.2805204052e-18, 4.30935001592e-18, 4.78853491759e-18, 6.33563108317e-18, 5.95854632528e-18, 6.49717242577e-18, 1.4269366838e-17, 1.42696133378e-17, 1.39533441393e-17, 1.43804274158e-17, 1.62021272788e-17, 1.05592996633e-17, 1.88354137455e-17, 1.56726903277e-17, 1.47727790326e-17, 1.73792019817e-17, 1.29676533875e-17, 7.48649987713e-18, 7.39815946925e-18, 4.9291010278e-18, 3.22149646141e-18, 1.29291493708e-18, 2.71366603664e-19, 3.73397891118e-20], "dvar2": [0.75330299139, 37.9774856567, 106.987602234, 58.2703475952, 38.5085868835, 87.2201766968, 119.880477905, 275.761383057, 639.955444336, 487.403198242, 589.278442383, 9493.87597656, 32458.0800781, 37049.2890625, 16605.0546875, 8347.82226562, 2781.78442383, 3548.76098633, 2821.37280273, 4024.86572266, 826.741516113, 656.373962402, 417.74407959, 734.480773926, 507.564239502, 747.512939453, 576.520385742, 279.637573242, 172.759933472, 314.536956787, 165.617736816, 314.228729248, 175.270858765, 92.5142211914, 16.5204582214, 1.79316008091, 0.20402033627, 0.0279514379799, 0.000666850944981, 1.23360541693e-06], "dvar": [0.301934510469, 13.505815506, 35.5666618347, 20.1252059937, 14.6982278824, 45.5854492188, 60.1323509216, 120.655174255, 248.593704224, 194.103210449, 252.727645874, 4095.67236328, 13604.296875, 16600.0976562, 8087.00195312, 4183.44824219, 1449.21252441, 1834.33337402, 1449.44091797, 1910.94628906, 353.568267822, 289.641876221, 175.698928833, 310.599487305, 220.741958618, 332.422576904, 263.01071167, 123.826148987, 74.0872573853, 144.485336304, 81.5616836548, 142.120239258, 77.8368988037, 37.7028503418, 7.19771575928, 0.804831504822, 0.0892335176468, 0.0118190050125, 0.000277262879536, 5.28100997599e-07], "dmean": [0.15610063076, 1.04246652126, 1.95251715183, 2.00514340401, 2.20137357712, 2.91358995438, 3.45981311798, 4.09441328049, 5.02455186844, 4.63032531738, 5.14826583862, 14.0542945862, 30.5897979736, 31.1801261902, 19.0543003082, 15.2170038223, 9.80761814117, 9.98750114441, 9.02971553802, 11.4959783554, 7.76030731201, 6.79711723328, 5.63724327087, 8.62737083435, 7.62185955048, 8.23139953613, 6.65226173401, 4.50736141205, 2.9328391552, 2.88929367065, 2.4657728672, 2.88012838364, 2.27868580818, 1.54504549503, 0.791663825512, 0.291802048683, 0.11528390646, 0.0396830774844, 0.00607838528231, 0.000274252059171], "max": [6.04230880737, 38.02161026, 69.5764160156, 96.2880401611, 69.7961654663, 328.844818115, 229.695953369, 287.635162354, 642.607727051, 328.500305176, 430.949829102, 2324.00488281, 2946.88745117, 3041.81298828, 2386.18798828, 2611.46435547, 1314.05090332, 1570.8626709, 1575.94970703, 1550.82983398, 450.050598145, 639.55480957, 469.189422607, 305.158721924, 402.531005859, 625.817932129, 437.311309814, 251.685333252, 242.767425537, 419.45324707, 307.199401855, 335.606689453, 255.71546936, 197.272399902, 84.7640228271, 26.5693874359, 4.85422039032, 1.52922570705, 0.303686797619, 0.0121492706239], "var": [0.257019102573, 9.32520294189, 27.3904304504, 38.5003547668, 26.9795818329, 164.814498901, 219.796386719, 281.272277832, 290.488952637, 243.590957642, 587.509094238, 6681.81787109, 22788.578125, 61589.7304688, 17966.0449219, 22388.8496094, 6298.12695312, 3793.4362793, 6522.74755859, 3956.88867188, 1001.78857422, 874.007202148, 458.567047119, 862.860534668, 830.27130127, 993.910705566, 669.65612793, 287.012451172, 115.332817078, 214.892150879, 171.403900146, 387.430908203, 211.54826355, 72.5375747681, 13.2898836136, 1.59617328644, 0.132539331913, 0.0137833980843, 0.000310363539029, 6.27805320619e-07], "mean": [0.172413900495, 1.28513514996, 2.58875823021, 3.89525508881, 3.95857620239, 5.73440170288, 7.05936288834, 7.33661079407, 7.38717222214, 6.77721786499, 9.46538448334, 23.6003170013, 51.1807861328, 63.5893096924, 33.2956352234, 35.5029373169, 20.4371776581, 17.6437950134, 18.4448242188, 19.3314933777, 15.833363533, 14.8434762955, 12.2945203781, 19.2012844086, 18.3767700195, 18.5548934937, 13.937338829, 8.60578632355, 4.97627449036, 4.35860061646, 4.02336835861, 5.16478252411, 4.15628242493, 2.65487575531, 1.29721736908, 0.470577389002, 0.161551311612, 0.0475376807153, 0.00698933005333, 0.000332467752742]}, "spectral_strongpeak": {"dmean2": 0.789178431034, "median": 0.290400326252, "min": 0, "dvar2": 2.0688521862, "dvar": 0.943212509155, "dmean": 0.486288547516, "max": 11.2702579498, "var": 3.11878418922, "mean": 1.07390844822}, "spectral_energy": {"dmean2": 0.0134570542723, "median": 0.0157779790461, "min": 1.04197219499e-20, "dvar2": 0.000938322627917, "dvar": 0.000371656642528, "dmean": 0.00853530410677, "max": 0.200676232576, "var": 0.000577741244342, "mean": 0.0217259265482}, "average_loudness": 0.570955574512, "spectral_rolloff": {"dmean2": 1093.5513916, "median": 990.52734375, "min": 64.599609375, "dvar2": 4149551.75, "dvar": 1965770.625, "dmean": 670.715759277, "max": 20219.6777344, "var": 4767138, "mean": 1793.89038086}, "spectral_centroid": {"dmean2": 391.95123291, "median": 1535.99902344, "min": 167.010421753, "dvar2": 238099.625, "dvar": 128446.734375, "dmean": 255.460525513, "max": 11043.3369141, "var": 641638.3125, "mean": 1549.15771484}, "pitch_salience": {"dmean2": 0.111546263099, "median": 0.533817648888, "min": 0.117078922689, "dvar2": 0.0111978976056, "dvar": 0.00458016060293, "dmean": 0.0698404982686, "max": 0.942309498787, "var": 0.0144888684154, "mean": 0.529190301895}, "spectral_energyband_middle_high": {"dmean2": 0.00297294813208, "median": 0.00147245277185, "min": 1.48904819014e-21, "dvar2": 5.89668925386e-05, "dvar": 2.77898398053e-05, "dmean": 0.00207845051773, "max": 0.131419494748, "var": 0.0001139343658, "mean": 0.00586314033717}, "spectral_contrast_coeffs": {"dmean2": [0.0732821002603, 0.0672827884555, 0.0611479543149, 0.0459146238863, 0.0339659228921, 0.0297564696521], "median": [-0.683866739273, -0.760453224182, -0.770900130272, -0.804187774658, -0.801785707474, -0.782574415207], "min": [-0.991239368916, -0.986577868462, -0.97811460495, -0.963080823421, -0.966101408005, -0.955590486526], "dvar2": [0.00389090157114, 0.00300772232004, 0.00272651971318, 0.00142544636037, 0.00079752469901, 0.000919614976738], "dvar": [0.00146806403063, 0.00120592385065, 0.00126982212532, 0.000637042685412, 0.000367141095921, 0.000376107287593], "dmean": [0.0448683574796, 0.0411392115057, 0.039113663137, 0.0288980081677, 0.0213079433888, 0.0186068471521], "max": [-0.233554795384, -0.403968930244, -0.432938277721, -0.493631839752, -0.588511228561, -0.600978672504], "var": [0.00684027234092, 0.00505990441889, 0.00927438866347, 0.00400253059343, 0.00226606475189, 0.0020071582403], "mean": [-0.670309126377, -0.752104759216, -0.743690371513, -0.790524482727, -0.795820653439, -0.781251370907]}, "melbands_skewness": {"dmean2": 1.33692419529, "median": 2.78603172302, "min": -4.16464853287, "dvar2": 3.53487849236, "dvar": 1.60622692108, "dmean": 0.882469832897, "max": 24.3966598511, "var": 5.57534980774, "mean": 3.15922045708}, "spectral_spread": {"dmean2": 1003230.3125, "median": 5177763, "min": 601309.5625, "dvar2": 2095537979390.0, "dvar": 1242414317570.0, "dmean": 738343.75, "max": 40120816, "var": 5473285701630.0, "mean": 5566485}, "dissonance": {"dmean2": 0.0287922304124, "median": 0.474221408367, "min": 0.23678612709, "dvar2": 0.00091287237592, "dvar": 0.00033974647522, "dmean": 0.0171564258635, "max": 0.500000059605, "var": 0.000862458371557, "mean": 0.465561211109}, "spectral_skewness": {"dmean2": 0.307428658009, "median": 1.42118263245, "min": -0.667241454124, "dvar2": 0.174994394183, "dvar": 0.0682554244995, "dmean": 0.191435620189, "max": 9.2018327713, "var": 0.378909885883, "mean": 1.48345482349}, "spectral_flux": {"dmean2": 0.0354923829436, "median": 0.0562630556524, "min": 1.03856423461e-10, "dvar2": 0.00255407462828, "dvar": 0.0013273388613, "dmean": 0.0232998598367, "max": 0.418017834425, "var": 0.00347189209424, "mean": 0.0694620236754}, "spectral_contrast_valleys": {"dmean2": [0.618693649769, 0.567617356777, 0.508791983128, 0.408975690603, 0.357776999474, 0.408919781446], "median": [-7.00676345825, -7.16798210144, -7.68610095978, -8.06804275513, -7.55656242371, -9.95421504974], "min": [-27.1772880554, -27.2091579437, -27.2305297852, -27.301612854, -27.3591499329, -27.3280754089], "dvar2": [0.346287786961, 0.345351934433, 0.2554679811, 0.208476126194, 0.242339506745, 0.331912994385], "dvar": [0.176337331533, 0.166693881154, 0.127510771155, 0.112897403538, 0.131637766957, 0.1984231323], "dmean": [0.395320296288, 0.349532157183, 0.316446751356, 0.258386254311, 0.237777650356, 0.320486098528], "max": [-5.01495170593, -4.88272047043, -5.67640304565, -6.14568424225, -5.69001722336, -7.3706407547], "var": [2.4102025032, 1.19685530663, 1.1902166605, 1.32831704617, 2.0050599575, 3.04016518593], "mean": [-7.55108118057, -7.36209249496, -7.9228310585, -8.33520412445, -7.841173172, -10.3199739456]}, "erbbands_flatness_db": {"dmean2": 0.0247616078705, "median": 0.124137699604, "min": 0.0278377663344, "dvar2": 0.000642819970381, "dvar": 0.000366931082681, "dmean": 0.0180585104972, "max": 0.368411451578, "var": 0.00320196221583, "mean": 0.134703010321}, "spectral_energyband_high": {"dmean2": 0.000879080500454, "median": 0.000489084632136, "min": 7.41972366069e-21, "dvar2": 4.60314731754e-06, "dvar": 2.22197536459e-06, "dmean": 0.000612836331129, "max": 0.025909056887, "var": 6.12500252828e-06, "mean": 0.00135092553683}, "spectral_entropy": {"dmean2": 0.220717042685, "median": 7.71106624603, "min": 5.22503232956, "dvar2": 0.0611813366413, "dvar": 0.0347258895636, "dmean": 0.157158523798, "max": 9.79611110687, "var": 0.247090831399, "mean": 7.6582865715}, "silence_rate_20dB": {"dmean2": 0, "median": 1, "min": 1, "dvar2": 0, "dvar": 0, "dmean": 0, "max": 1, "var": 0, "mean": 1}, "melbands_flatness_db": {"dmean2": 0.0378668904305, "median": 0.189912945032, "min": 0.00550978584215, "dvar2": 0.00178065022919, "dvar": 0.000803436851129, "dmean": 0.0248914062977, "max": 0.520605802536, "var": 0.00533487414941, "mean": 0.203390792012}, "barkbands": {"dmean2": [0.000595502438955, 0.00808736216277, 0.0029591077473, 0.00105283246376, 0.00124541355763, 0.000762026931625, 0.000599322142079, 0.000320943101542, 0.000995980924927, 0.00181586784311, 0.000784857547842, 0.000462992669782, 0.000304115674226, 0.000297276215861, 0.000361741345841, 0.000243319154833, 0.0002399157529, 0.000204840820516, 0.000257479463471, 0.000265702314209, 0.000213471852476, 0.000139218507684, 0.000133931214805, 0.000207838325878, 0.000182758973096, 9.62221674854e-05, 4.90175916639e-05], "median": [4.8864960263e-05, 0.00298252748325, 0.000922891602386, 0.000557353720069, 0.00078798411414, 0.000311520125251, 0.000159557821462, 8.9368710178e-05, 0.000169757739059, 0.000140971736982, 5.78059698455e-05, 5.16796426382e-05, 5.34044556844e-05, 5.49030228285e-05, 6.26505279797e-05, 5.68575997022e-05, 9.09736190806e-05, 9.06981731532e-05, 0.000132745946757, 0.000122892030049, 8.38785490487e-05, 3.97204203182e-05, 2.3678459911e-05, 3.3550993976e-05, 4.40735748271e-05, 1.91973522305e-05, 4.0926715883e-06], "min": [1.91230454162e-24, 5.22563315065e-24, 2.89825477094e-23, 1.49551288001e-23, 1.73367929586e-23, 2.06720432233e-23, 3.94575476799e-23, 4.77544837585e-23, 5.23208587509e-23, 1.99253122236e-23, 8.15372753197e-23, 5.937851328e-23, 3.89657623253e-23, 1.10568789203e-22, 4.82791109703e-23, 1.61302844777e-22, 9.63725682597e-23, 2.54635616424e-22, 2.85182506863e-22, 2.83466475648e-22, 2.62128835769e-22, 5.11163388305e-22, 5.83418099488e-22, 8.08276425551e-22, 8.47061522952e-22, 1.52309497243e-21, 2.4762245365e-21], "dvar2": [2.93847415378e-06, 0.000702845223714, 6.93161418894e-05, 3.942484