{"tonal": {"thpcp": [1, 0.488692700863, 0.197122350335, 0.159501835704, 0.213193789124, 0.43609803915, 0.615335047245, 0.486665159464, 0.38827252388, 0.414632290602, 0.320252358913, 0.247099667788, 0.247804045677, 0.307616442442, 0.501188635826, 0.537047922611, 0.302671134472, 0.145386666059, 0.13379406929, 0.185107320547, 0.530355036259, 0.781115055084, 0.454720675945, 0.131470024586, 0.0831167846918, 0.104129992425, 0.246740207076, 0.376011013985, 0.319851219654, 0.377753764391, 0.471532911062, 0.316076099873, 0.191801741719, 0.20287245512, 0.359830141068, 0.880309283733], "hpcp": {"dmean2": [0.142126083374, 0.138032034039, 0.151273146272, 0.154742076993, 0.142917379737, 0.10356888175, 0.111101903021, 0.170966997743, 0.246415033937, 0.229268833995, 0.189604356885, 0.125994294882, 0.10511495173, 0.143016010523, 0.20612744987, 0.224171355367, 0.221511766315, 0.181979864836, 0.17156547308, 0.158274501562, 0.141740843654, 0.124936856329, 0.178579673171, 0.210414066911, 0.172431185842, 0.130840972066, 0.0936022102833, 0.0951541364193, 0.118776395917, 0.188760489225, 0.223938673735, 0.170216754079, 0.0859425589442, 0.0512683279812, 0.0630554333329, 0.109905347228], "median": [0.0213630050421, 0.0236958749592, 0.0241492949426, 0.0226260870695, 0.0161198507994, 0.0116280503571, 0.0114339124411, 0.0361213758588, 0.105870112777, 0.109963349998, 0.0479383952916, 0.0128555893898, 0.00844565220177, 0.0106748696417, 0.0288406368345, 0.0404881387949, 0.0307094268501, 0.019156254828, 0.0135169625282, 0.0143675226718, 0.01601690799, 0.014976663515, 0.0142167825252, 0.023587660864, 0.0245851576328, 0.0154460873455, 0.00706492783502, 0.00573344202712, 0.0126171763986, 0.0488625988364, 0.0638877153397, 0.0340335555375, 0.00708465185016, 0.00415865983814, 0.00603584293276, 0.0142388287932], "min": [0, 0, 0, 0, 0, 0, 0, 0, 0, 0, 0, 0, 0, 0, 0, 0, 0, 0, 0, 0, 0, 0, 0, 0, 0, 0, 0, 0, 0, 0, 0, 0, 0, 0, 0, 0], "dvar2": [0.0762267932296, 0.0690884590149, 0.0747098177671, 0.0825227349997, 0.0774896964431, 0.0514615774155, 0.0613439716399, 0.0764911174774, 0.0998087227345, 0.0920951068401, 0.0837731286883, 0.0681598335505, 0.056141756475, 0.0854971930385, 0.116045974195, 0.114837124944, 0.126448750496, 0.0979560613632, 0.110807113349, 0.0931049138308, 0.0877807885408, 0.0644114017487, 0.104802154005, 0.122335270047, 0.0829240232706, 0.0600424073637, 0.0548589117825, 0.0587920956314, 0.0662195160985, 0.0811612904072, 0.101529359818, 0.071980305016, 0.0419345200062, 0.0212780274451, 0.0295602716506, 0.054344791919], "dvar": [0.0327501855791, 0.0268478654325, 0.0281471479684, 0.0338950715959, 0.0295569524169, 0.0194874480367, 0.0228257831186, 0.0293884407729, 0.0424257777631, 0.0407849401236, 0.0325707271695, 0.024191537872, 0.0205809865147, 0.0312449131161, 0.0456350408494, 0.0479300022125, 0.0493711531162, 0.0362891703844, 0.0415703132749, 0.0350444279611, 0.0318585783243, 0.0250008385628, 0.0392342060804, 0.0481504462659, 0.0358612164855, 0.0240462683141, 0.0197983980179, 0.0214021466672, 0.0238253250718, 0.0316752791405, 0.0458828136325, 0.0297489669174, 0.0150093454868, 0.00816462002695, 0.0110647538677, 0.0210923384875], "dmean": [0.0844412446022, 0.0814222469926, 0.0884135663509, 0.0916412249207, 0.0830387324095, 0.059831853956, 0.0632800906897, 0.10084182024, 0.149039193988, 0.13857845962, 0.111496351659, 0.0710221529007, 0.0591374114156, 0.0802669897676, 0.118915900588, 0.132436588407, 0.128075644374, 0.104734614491, 0.0965631902218, 0.0911430865526, 0.0807145163417, 0.0722187310457, 0.101714201272, 0.122781798244, 0.103128939867, 0.0769502967596, 0.0524983666837, 0.0527859441936, 0.0661923959851, 0.111949376762, 0.133614465594, 0.102560974658, 0.0486832596362, 0.0297089293599, 0.0362389907241, 0.0647788792849], "max": [1, 1, 1, 1, 1, 1, 1, 1, 1, 1, 1, 1, 1, 1, 1, 1, 1, 1, 1, 1, 1, 1, 1, 1, 1, 1, 1, 1, 1, 1, 1, 1, 1, 1, 1, 1], "var": [0.0581361614168, 0.0366054885089, 0.0470545254648, 0.0765880197287, 0.041543636471, 0.0202821437269, 0.0251518189907, 0.0339905247092, 0.104753956199, 0.132902100682, 0.0493891872466, 0.0196288693696, 0.0165342241526, 0.0252512712032, 0.0571618825197, 0.090016938746, 0.0672716572881, 0.0499500408769, 0.0723455101252, 0.0444775633514, 0.0304705034941, 0.0314326994121, 0.0406075716019, 0.0718817189336, 0.0841913968325, 0.0368229039013, 0.0164745599031, 0.0162900090218, 0.0198103208095, 0.0571665205061, 0.112695626915, 0.0507283248007, 0.0117018185556, 0.00703918375075, 0.00974094308913, 0.0286558810622], "mean": [0.116514369845, 0.0991121530533, 0.117054395378, 0.146113693714, 0.0979423597455, 0.0594335198402, 0.0628639981151, 0.111500404775, 0.272781044245, 0.309869557619, 0.151430994272, 0.0610822141171, 0.0494247637689, 0.0660622641444, 0.135133504868, 0.190673604608, 0.150802716613, 0.120313830674, 0.128481924534, 0.09923645854, 0.0765686631203, 0.0767869278789, 0.09532096982, 0.155303105712, 0.166414797306, 0.0937885716558, 0.0450509004295, 0.0414587073028, 0.0573591254652, 0.164340883493, 0.2420437783, 0.140904098749, 0.0407385602593, 0.0257553607225, 0.0322667136788, 0.0764572769403]}, "tuning_equal_tempered_deviation": 0.0424405932426, "chords_changes_rate": 0.0728155374527, "key_key": "F", "tuning_diatonic_strength": 0.658284783363, "key_scale": "major", "chords_number_rate": 0.00212378636934, "tuning_frequency": 443.060424805, "tuning_nontempered_energy_ratio": 0.773520946503, "chords_histogram": [13.7591018677, 2.5333738327, 14.2293691635, 1.59283983707, 2.1086165905, 4.55097103119, 1.04672324657, 0.166868925095, 4.8088593483, 0.0606796108186, 3.36771845818, 0, 1.42597091198, 0, 0, 0.106189318001, 0.121359221637, 0.394417464733, 0.242718443274, 26.5776691437, 0.864684462547, 4.5661406517, 12.7123785019, 4.76334953308], "key_strength": 0.716915786266, "chords_key": "C", "chords_strength": {"dmean2": 0.010883721523, "median": 0.519344449043, "min": -1, "dvar2": 0.000675818184391, "dvar": 0.000374291063054, "dmean": 0.0105437012389, "max": 0.812472760677, "var": 0.0249945949763, "mean": 0.512571811676}, "chords_scale": "minor", "hpcp_entropy": {"dmean2": 1.13469147682, "median": 1.58140361309, "min": 0, "dvar2": 0.856734633446, "dvar": 0.330252289772, "dmean": 0.672263622284, "max": 4.11398124695, "var": 0.676786482334, "mean": 1.49349403381}}, "metadata": {"audio_properties": {"equal_loudness": 0, "codec": "mp3", "downmix": "mix", "sample_rate": 24000, "analysis_sample_rate": 44100, "bit_rate": 63121, "md5_encoded": "8c82c54d51627e08043558c7a3c4cc3d", "length": 306.071990967, "replay_gain": -10.2283611298, "lossless": false}, "version": {"essentia_build_sha": "70f2e5ece6736b2c40cc944ad0e695b16b925413", "essentia": "2.1-beta2", "extractor": "music 1.0", "essentia_git_sha": "v2.1_beta2"}, "tags": {"musicbrainz_recordingid": ["0de7a365-633c-4f5d-a5ca-365004f8b5d7"], "file_name": "1821645.mp3"}}, "rhythm": {"bpm_histogram_first_peak_bpm": {"dmean2": 0, "median": 126, "min": 126, "dvar2": 0, "dvar": 0, "dmean": 0, "max": 126, "var": 0, "mean": 126}, "bpm": 125.875816345, "bpm_histogram_second_peak_spread": {"dmean2": 0, "median": 0.306122481823, "min": 0.306122481823, "dvar2": 0, "dvar": 0, "dmean": 0, "max": 0.306122481823, "var": 0, "mean": 0.306122481823}, "bpm_histogram_first_peak_weight": {"dmean2": 0, "median": 0.342857152224, "min": 0.342857152224, "dvar2": 0, "dvar": 0, "dmean": 0, "max": 0.342857152224, "var": 0, "mean": 0.342857152224}, "onset_rate": 3.41734647751, "beats_position": [0.476009070873, 0.952018141747, 1.42802715302, 1.90403628349, 2.38004541397, 2.85605430603, 3.32045340538, 3.78485250473, 4.26086139679, 4.73687076569, 5.22448968887, 5.71210861206, 6.24616765976, 6.78022670746, 7.31428575516, 7.84834432602, 8.38240337372, 8.91646194458, 9.43891143799, 9.96135997772, 10.4489793777, 10.9482088089, 11.4474372864, 11.9118366241, 12.3994560242, 12.8870744705, 13.3630838394, 13.8274831772, 14.3034915924, 14.756280899, 15.2322902679, 15.7082986832, 16.1843090057, 16.7531967163, 17.3220863342, 17.9025840759, 18.483083725, 19.0635814667, 19.574420929, 20.0968704224, 20.6193199158, 21.1301574707, 21.640996933, 22.1634464264, 22.6510658264, 23.1386852264, 23.6263027191, 24.0442619324, 24.4622211456, 24.8801803589, 25.2981395721, 25.7277088165, 26.1572780609, 26.5868473053, 27.0048065186, 27.4227657318, 27.8407249451, 28.2702941895, 28.6998634338, 29.1294326782, 29.5706119537, 30.0001811981, 30.4297504425, 30.8593196869, 31.358549118, 31.8577766418, 32.357006073, 32.8678436279, 33.3902931213, 33.901134491, 34.4119720459, 34.9112014771, 35.4104309082, 35.9096603394, 36.4088897705, 36.908115387, 37.3957366943, 37.883354187, 38.3709754944, 38.8469848633, 39.3229942322, 39.7989997864, 40.2634010315, 40.7277984619, 41.192199707, 41.6101570129, 42.0165061951, 42.4228553772, 42.8408164978, 43.2471656799, 43.6535148621, 44.0598640442, 44.4778213501, 44.8957824707, 45.3137397766, 45.7317008972, 46.1844902039, 46.625667572, 47.0668487549, 47.5660743713, 48.0653038025, 48.5645332336, 49.052154541, 49.5513839722, 50.0390014648, 50.5266189575, 51.0142402649, 51.5018577576, 51.9894790649, 52.4770965576, 52.9647140503, 53.4523353577, 53.9399528503, 54.4275741577, 54.9151916504, 55.4028091431, 55.8904304504, 56.3780479431, 56.8656692505, 57.3532867432, 57.8409042358, 58.3169136047, 58.8045349121, 59.280544281, 59.7681617737, 60.2789993286, 60.7898406982, 61.3006782532, 61.8115196228, 62.310749054, 62.7983665466, 63.2859840393, 63.7619934082, 64.2496109009, 64.7372360229, 65.2248535156, 65.7008590698, 66.1768722534, 66.6644897461, 67.1521072388, 67.6397247314, 68.1273422241, 68.6149673462, 69.1025848389, 69.5785903931, 70.0546035767, 70.5422210693, 71.0182266235, 71.4942398071, 71.9818572998, 72.4694747925, 72.9454879761, 73.4214935303, 73.8975067139, 74.3851242065, 74.8611297607, 75.3487548828, 75.8479766846, 76.3588180542, 76.8580474854, 77.3572769165, 77.8332901001, 78.3092956543, 78.7853012085, 79.2729263306, 79.7605438232, 80.2481613159, 80.7241744995, 81.2001800537, 81.6877975464, 82.1754150391, 82.6630401611, 83.1506576538, 83.6382751465, 84.1258926392, 84.6251220703, 85.112739563, 85.5887527466, 86.0647583008, 86.5407714844, 87.0167770386, 87.4927902222, 87.9804077148, 88.4680252075, 88.9440383911, 89.4200439453, 89.8960494995, 90.3720626831, 90.8480682373, 91.3240814209, 91.788482666, 92.2412643433, 92.6940536499, 93.1468429565, 93.6112442017, 94.0872573853, 94.551651001, 95.0276641846, 95.4920654297, 95.9680709839, 96.4440765381, 96.9200897217, 97.3844909668, 97.860496521, 98.3365097046, 98.8009033203, 99.2653045654, 99.7297058105, 100.194099426, 100.646888733, 101.09967804, 101.564079285, 102.051696777, 102.504486084, 102.957275391, 103.421676636, 103.886077881, 104.350471497, 104.814872742, 105.279273987, 105.743675232, 106.208068848, 106.672470093, 107.136871338, 107.601264954, 108.088890076, 108.576507568, 109.064125061, 109.563354492, 110.039360046, 110.492149353, 110.94493866, 111.397727966, 111.885353088, 112.372970581, 112.848976135, 113.31337738, 113.777778625, 114.242172241, 114.729797363, 115.217414856, 115.681808472, 116.157821655, 116.633827209, 117.121452332, 117.585845947, 118.07346344, 118.537864685, 119.013877869, 119.489883423, 119.965896606, 120.441902161, 120.906303406, 121.370697021, 121.846710205, 122.322715759, 122.798728943, 123.274734497, 123.762359619, 124.238365173, 124.714370728, 125.20199585, 125.666389465, 126.13079071, 126.595191956, 127.07119751, 127.547210693, 128.011611938, 128.476013184, 128.94039917, 129.416412354, 129.892425537, 130.3800354, 130.867660522, 131.343673706, 131.81968689, 132.307296753, 132.794921875, 133.282531738, 133.758544922, 134.234558105, 134.722167969, 135.209793091, 135.674194336, 136.15020752, 136.626205444, 137.102218628, 137.578231812, 138.054244995, 138.53024292, 139.006256104, 139.482269287, 139.946670532, 140.422668457, 140.921905518, 141.397918701, 141.873916626, 142.338317871, 142.802719116, 143.267120361, 143.731521606, 144.195922852, 144.671920776, 145.14793396, 145.612335205, 146.088348389, 146.575958252, 147.051971436, 147.527984619, 148.003982544, 148.479995728, 148.956008911, 149.420410156, 149.884811401, 150.349197388, 150.813598633, 151.289611816, 151.765625, 152.253234863, 152.740859985, 153.228485107, 153.716094971, 154.192108154, 154.621673584, 155.062850952, 155.480819702, 155.910385132, 156.386398315, 156.874008179, 157.361633301, 157.872467041, 158.39491272, 158.905761719, 159.416595459, 159.950653076, 160.473098755, 161.018768311, 161.576049805, 162.133331299, 162.679000854, 163.22467041, 163.700683594, 164.176681519, 164.652694702, 165.105484009, 165.569885254, 166.022674561, 166.498687744, 166.997909546, 167.485534668, 167.98475647, 168.48399353, 168.971603394, 169.447616577, 169.923629761, 170.411239624, 170.887252808, 171.363265991, 171.850875854, 172.338500977, 172.81451416, 173.290512085, 173.778137207, 174.242538452, 174.718551636, 175.194549561, 175.670562744, 176.146575928, 176.634185791, 177.121810913, 177.586212158, 178.062225342, 178.538223267, 179.01423645, 179.490249634, 179.954650879, 180.419036865, 180.906661987, 181.371063232, 181.847076416, 182.334686279, 182.822311401, 183.309921265, 183.797546387, 184.27355957, 184.749572754, 185.225570679, 185.689971924, 186.165985107, 186.641998291, 187.117996216, 187.594009399, 188.070022583, 188.546035767, 189.022033691, 189.498046875, 189.985671997, 190.47328186, 190.960906982, 191.425308228, 191.889694214, 192.354095459, 192.830108643, 193.306121826, 193.770523071, 194.246520996, 194.72253418, 195.198547363, 195.674560547, 196.150558472, 196.626571655, 197.114196777, 197.590194702, 198.066207886, 198.542221069, 199.018234253, 199.494232178, 199.9818573, 200.481079102, 200.980316162, 201.456329346, 201.943939209, 202.431564331, 202.907577515, 203.383575439, 203.871200562, 204.347213745, 204.82321167, 205.299224854, 205.786849976, 206.2628479, 206.738861084, 207.214874268, 207.690887451, 208.166885376, 208.64289856, 209.118911743, 209.606521606, 210.094146729, 210.570159912, 211.046157837, 211.522171021, 212.009796143, 212.485794067, 212.961807251, 213.437820435, 213.913833618, 214.389831543, 214.877456665, 215.353469849, 215.829467773, 216.305480957, 216.781494141, 217.245895386, 217.721893311, 218.197906494, 218.673919678, 219.149932861, 219.625930786, 220.10194397, 220.589569092, 221.065567017, 221.5415802, 222.005981445, 222.493606567, 222.981216431, 223.468841553, 223.956451416, 224.444076538, 224.920089722, 225.384490967, 225.848892212, 226.313278198, 226.789291382, 227.276916504, 227.741317749, 228.217315674, 228.693328857, 229.157730103, 229.622131348, 230.086532593, 230.550918579, 231.015319824, 231.479721069, 231.944122314, 232.40852356, 232.872924805, 233.348922729, 233.824935913, 234.289337158, 234.765350342, 235.241363525, 235.71736145, 236.193374634, 236.669387817, 237.145385742, 237.621398926, 238.109024048, 238.596633911, 239.084259033, 239.571884155, 240.04788208, 240.512283325, 240.999908447, 241.499130249, 241.99836731, 242.462768555, 242.927154541, 243.403167725, 243.86756897, 244.320358276, 244.761535645, 245.214324951, 245.667114258, 246.131515503, 246.595916748, 247.060317993, 247.524719238, 247.989105225, 248.465118408, 248.95274353, 249.440353394, 249.927978516, 250.415603638, 250.891601562, 251.367614746, 251.84362793, 252.308029175, 252.7840271, 253.260040283, 253.736053467, 254.212051392, 254.676452637, 255.15246582, 255.628479004, 256.104492188, 256.580505371, 257.056488037, 257.532501221, 258.020141602, 258.496154785, 258.948944092, 259.413330078, 259.877716064, 260.342132568, 260.806518555, 261.270935059, 261.735321045, 262.199737549, 262.664123535, 263.140136719, 263.616149902, 264.103759766, 264.591369629, 265.067382812, 265.543395996, 266.007781982, 266.472198486, 266.936584473, 267.412597656, 267.88861084, 268.376220703, 268.875457764, 269.374694824, 269.873931885, 270.373138428, 270.860778809, 271.348388672, 271.95211792, 272.544219971, 273.136322021, 273.716827393, 274.297332764, 274.877807617, 275.458312988, 276.038818359, 276.61932373, 277.188201904, 277.757080078, 278.337585449, 278.91809082, 279.498596191, 280.067474365, 280.636352539, 281.21685791, 281.797363281, 282.377868652, 282.958374023, 283.538848877, 284.119354248, 284.688262939, 285.268737793, 285.849243164, 286.418121338, 286.998626709, 287.57913208, 288.159637451, 288.728515625, 289.297424316, 289.87789917, 290.458404541, 291.038909912, 291.607788086, 292.188293457, 292.757171631, 293.337677002, 293.918182373, 294.498687744, 295.079193115, 295.659667969, 296.24017334, 296.820678711, 297.273468018, 297.726257324, 298.179046631, 298.631835938, 299.061401367, 299.490966797, 299.920532227, 300.338500977, 300.756469727, 301.174407959, 301.592376709, 302.068389893, 302.544403076, 303.02041626, 303.496398926, 303.972412109, 304.448425293, 304.924438477, 305.40045166], "beats_loudness": {"dmean2": 0.0198346953839, "median": 0.0149464569986, "min": 0, "dvar2": 0.000443076249212, "dvar": 0.000154465917149, "dmean": 0.011459255591, "max": 0.121184304357, "var": 0.000222627364565, "mean": 0.0176293384284}, "danceability": 1.03339362144, "bpm_histogram_second_peak_weight": {"dmean2": 0, "median": 0.0539682544768, "min": 0.0539682544768, "dvar2": 0, "dvar": 0, "dmean": 0, "max": 0.0539682544768, "var": 0, "mean": 0.0539682544768}, "beats_count": 631, "bpm_histogram_second_peak_bpm": {"dmean2": 0, "median": 103, "min": 103, "dvar2": 0, "dvar": 0, "dmean": 0, "max": 103, "var": 0, "mean": 103}, "bpm_histogram_first_peak_spread": {"dmean2": 0, "median": 0.521064281464, "min": 0.521064281464, "dvar2": 0, "dvar": 0, "dmean": 0, "max": 0.521064281464, "var": 0, "mean": 0.521064281464}, "beats_loudness_band_ratio": {"dmean2": [0.299003183842, 0.308307379484, 0.316398143768, 0.295876801014, 0.13839943707, 0.121957875788], "median": [0.0540448054671, 0.157183811069, 0.185782670975, 0.126061782241, 0.0548418164253, 0.0456187315285], "min": [0, 0, 0, 0, 0, 0], "dvar2": [0.102958895266, 0.0948182418942, 0.0662359446287, 0.0832104086876, 0.029706876725, 0.0199488848448], "dvar": [0.0425334125757, 0.0351538583636, 0.0238883569837, 0.0319540314376, 0.0103176990524, 0.00657282536849], "dmean": [0.168983906507, 0.17807623744, 0.179303094745, 0.169760927558, 0.0791413113475, 0.0665524452925], "max": [0.889639317989, 0.99014300108, 0.871082127094, 0.957926213741, 0.758324086666, 0.592076182365], "var": [0.0435381568968, 0.0791863054037, 0.0316258519888, 0.0543769560754, 0.0148817524314, 0.00675119133666], "mean": [0.150176584721, 0.272957086563, 0.232271105051, 0.220894739032, 0.0988393127918, 0.0702090188861]}}, "lowlevel": {"barkbands_spread": {"dmean2": 5.79433631897, "median": 13.1960344315, "min": 0.298849254847, "dvar2": 42.7752227783, "dvar": 18.9826507568, "dmean": 3.78311300278, "max": 68.8374328613, "var": 81.9420623779, "mean": 14.7851600647}, "melbands_spread": {"dmean2": 9.57713890076, "median": 17.6568241119, "min": 0.39634847641, "dvar2": 137.56237793, "dvar": 57.8151893616, "dmean": 6.15570878983, "max": 163.366928101, "var": 361.006439209, "mean": 22.43309021}, "hfc": {"dmean2": 6.74852514267, "median": 8.24075603485, "min": 1.04420818839e-16, "dvar2": 111.513214111, "dvar": 55.4911117554, "dmean": 4.69570016861, "max": 170.345367432, "var": 369.396575928, "mean": 15.6516084671}, "barkbands_kurtosis": {"dmean2": 5.22849941254, "median": 1.67182636261, "min": -1.89463806152, "dvar2": 151.074584961, "dvar": 67.4976806641, "dmean": 3.38245391846, "max": 344.382629395, "var": 240.22315979, "mean": 5.43797111511}, "gfcc": {"mean": [-117.701927185, 134.37197876, -182.264968872, 34.0116653442, -73.2174682617, -8.71051502228, -23.2141876221, -13.7744064331, -8.71628379822, -12.8104009628, 6.03082370758, -17.5146389008, 9.31831741333], "icov": [[0.000205877338885, -0.000299008504953, 0.000648711342365, -0.000363524071872, 0.000446781690698, -0.000260012457147, 7.0963287726e-05, -0.000258147949353, 0.000264440284809, -0.000266435410595, -3.70776833734e-05, -7.06334467395e-05, 7.48541333451e-06], [-0.000299008504953, 0.00186407007277, -0.00132793467492, 0.000291399250273, -0.00103324628435, 0.000958566262852, -0.00103480496909, 0.00184361578431, -0.0014125368325, 0.00223060115241, -0.00203518965282, 0.00240897294134, -0.00214974978007], [0.000648711342365, -0.00132793467492, 0.00319172232412, -0.00125269812997, 0.000846401439048, -0.00105812563561, 0.00103844352998, -0.00117009691894, 0.00150757259689, -0.00148007809184, 0.000688282132614, -0.00132206047419, 0.000152306020027], [-0.000363524071872, 0.000291399250273, -0.00125269812997, 0.00351418671198, -0.000677909236401, -2.83779081656e-05, 0.000299618695863, -0.00144041178282, -0.000751091516577, 5.32353624294e-05, 0.000840138469357, 4.41668053099e-05, 0.000327836896759], [0.000446781690698, -0.00103324628435, 0.000846401439048, -0.000677909236401, 0.00460475310683, -0.000838967738673, -0.001988976961, -0.00102928816341, -0.000203217758099, -0.000596787140239, -0.000254559563473, -0.000382240454201, 0.000358614517609], [-0.000260012457147, 0.000958566262852, -0.00105812563561, -2.83779081656e-05, -0.000838967738673, 0.00359036982991, -0.00106557342224, 0.000195224332856, 0.000228062097449, 0.000300786603475, -0.000539674365427, 0.00133171421476, 0.000222886854317], [7.0963287726e-05, -0.00103480496909, 0.00103844352998, 0.000299618695863, -0.001988976961, -0.00106557342224, 0.00697003630921, -0.002136338735, 0.000432030705269, -0.00236558937468, 0.00187106453814, -0.00274325301871, 0.0014249261003], [-0.000258147949353, 0.00184361578431, -0.00117009691894, -0.00144041178282, -0.00102928816341, 0.000195224332856, -0.002136338735, 0.0100911911577, -0.00422066729516, 0.00163376226556, -0.000848916708492, 0.00277393637225, -0.00315922359005], [0.000264440284809, -0.0014125368325, 0.00150757259689, -0.000751091516577, -0.000203217758099, 0.000228062097449, 0.000432030705269, -0.00422066729516, 0.0093371681869, -0.00431846175343, 0.0027003439609, -0.00373759283684, 0.00466293096542], [-0.000266435410595, 0.00223060115241, -0.00148007809184, 5.32353624294e-05, -0.000596787140239, 0.000300786603475, -0.00236558937468, 0.00163376226556, -0.00431846175343, 0.0125498846173, -0.00838263425976, 0.00784360151738, -0.00701336981729], [-3.70776833734e-05, -0.00203518965282, 0.000688282132614, 0.000840138469357, -0.000254559563473, -0.000539674365427, 0.00187106453814, -0.000848916708492, 0.0027003439609, -0.00838263425976, 0.0186157003045, -0.0120643023401, 0.00595604395494], [-7.06334467395e-05, 0.00240897294134, -0.00132206047419, 4.41668053099e-05, -0.000382240454201, 0.00133171421476, -0.00274325301871, 0.00277393637225, -0.00373759283684, 0.00784360151738, -0.0120643023401, 0.0190878771245, -0.00897712633014], [7.48541333451e-06, -0.00214974978007, 0.000152306020027, 0.000327836896759, 0.000358614517609, 0.000222886854317, 0.0014249261003, -0.00315922359005, 0.00466293096542, -0.00701336981729, 0.00595604395494, -0.00897712633014, 0.0128953689709]], "cov": [[19606.4472656, -203.489303589, -3422.0012207, 700.737548828, -1155.53540039, 287.551391602, -54.8024101257, 155.39906311, 47.4161338806, 79.9749679565, -10.1770801544, -307.195495605, -134.214172363], [-203.489303589, 1541.69812012, 400.636505127, -66.6474456787, 245.416671753, -220.242675781, 108.637489319, -143.943466187, -5.93903493881, -51.3809127808, 88.5060272217, 44.2698631287, 167.948516846], [-3422.0012207, 400.636505127, 1210.68310547, 50.7305984497, 193.929000854, 12.1965856552, -25.1565494537, -7.35192632675, -61.0488319397, 19.8107662201, 19.7380828857, 70.4407653809, 121.331520081], [700.737548828, -66.6474456787, 50.7305984497, 475.730987549, 47.9449768066, 102.014709473, 34.2429161072, 145.657608032, 82.9155349731, 37.1639938354, -38.4332847595, -39.2502250671, -14.7493305206], [-1155.53540039, 245.416671753, 193.929000854, 47.9449768066, 479.604492188, 58.4938583374, 195.280776978, 76.0673675537, 91.4192428589, 45.6577148438, 23.9784679413, 23.1906490326, 17.6267375946], [287.551391602, -220.242675781, 12.1965856552, 102.014709473, 58.4938583374, 404.595428467, 67.4190444946, 71.9065475464, 12.7420721054, 37.086933136, -18.9601421356, -43.9270439148, -44.3335227966], [-54.8024101257, 108.637489319, -25.1565494537, 34.2429161072, 195.280776978, 67.4190444946, 266.268798828, 76.8873748779, 72.8838729858, 52.7182998657, 12.940943718, 14.5912561417, 6.88494491577], [155.39906311, -143.943466187, -7.35192632675, 145.657608032, 76.0673675537, 71.9065475464, 76.8873748779, 208.49647522, 98.5790023804, 46.9669532776, -22.1575031281, -19.8757514954, -2.18234562874], [47.4161338806, -5.93903493881, -61.0488319397, 82.9155349731, 91.4192428589, 12.7420721054, 72.8838729858, 98.5790023804, 205.390914917, 51.1568527222, -1.89618563652, -6.98584604263, -39.5035743713], [79.9749679565, -51.3809127808, 19.8107662201, 37.1639938354, 45.6577148438, 37.086933136, 52.7182998657, 46.9669532776, 51.1568527222, 173.244125366, 43.276309967, -4.89822530746, 46.3050384521], [-10.1770801544, 88.5060272217, 19.7380828857, -38.4332847595, 23.9784679413, -18.9601421356, 12.940943718, -22.1575031281, -1.89618563652, 43.276309967, 114.5625, 62.1445388794, 22.8777313232], [-307.195495605, 44.2698631287, 70.4407653809, -39.2502250671, 23.1906490326, -43.9270439148, 14.5912561417, -19.8757514954, -6.98584604263, -4.89822530746, 62.1445388794, 128.080566406, 61.6794929504], [-134.214172363, 167.948516846, 121.331520081, -14.7493305206, 17.6267375946, -44.3335227966, 6.88494491577, -2.18234562874, -39.5035743713, 46.3050384521, 22.8777313232, 61.6794929504, 175.38571167]]}, "spectral_energyband_middle_low": {"dmean2": 0.00458303280175, "median": 0.00429788185284, "min": 1.66343363039e-22, "dvar2": 4.88754958496e-05, "dvar": 2.08816909435e-05, "dmean": 0.00297504221089, "max": 0.103114232421, "var": 6.40516300336e-05, "mean": 0.00682836025953}, "melbands_crest": {"dmean2": 5.56216144562, "median": 14.6354513168, "min": 1.34235846996, "dvar2": 24.5089073181, "dvar": 10.1070261002, "dmean": 3.47158527374, "max": 34.3236503601, "var": 38.7300376892, "mean": 15.5126628876}, "spectral_kurtosis": {"dmean2": 6.0919008255, "median": 4.12968301773, "min": -1.28452396393, "dvar2": 41.5126571655, "dvar": 14.2197647095, "dmean": 3.49943494797, "max": 70.0005340576, "var": 34.3044662476, "mean": 5.82551622391}, "spectral_rms": {"dmean2": 0.000816800107714, "median": 0.00313430535607, "min": 3.06257515008e-12, "dvar2": 7.62921729347e-07, "dvar": 3.80270364531e-07, "dmean": 0.000557393534109, "max": 0.0128462547436, "var": 3.19719970321e-06, "mean": 0.00330844242126}, "zerocrossingrate": {"dmean2": 0.00828177761286, "median": 0.05078125, "min": 0.00732421875, "dvar2": 7.13964036549e-05, "dvar": 5.86368259974e-05, "dmean": 0.00693231960759, "max": 0.52392578125, "var": 0.00277555268258, "mean": 0.0589621737599}, "silence_rate_60dB": {"dmean2": 0.0849707946181, "median": 0, "min": 0, "dvar2": 0.0868481323123, "dvar": 0.0406773276627, "dmean": 0.0424821712077, "max": 1, "var": 0.160285755992, "mean": 0.200485467911}, "erbbands_kurtosis": {"dmean2": 2.36341810226, "median": 0.174729585648, "min": -1.89271450043, "dvar2": 19.2436351776, "dvar": 7.91782236099, "dmean": 1.49657547474, "max": 86.3742370605, "var": 23.2452125549, "mean": 1.46199083328}, "erbbands": {"dmean2": [0.00593927269801, 0.0704312846065, 0.184423595667, 0.546215474606, 0.856251060963, 2.23952436447, 10.0245857239, 20.4293117523, 11.9662847519, 17.6052684784, 22.273891449, 20.1759853363, 20.5064582825, 40.1000747681, 50.9130897522, 29.5685787201, 26.5391921997, 27.2694149017, 24.7332515717, 26.3126163483, 20.9481639862, 25.4023857117, 10.4737300873, 9.66576004028, 13.1418066025, 10.6601438522, 8.78963184357, 2.84911394119, 1.82907128334, 0.921995222569, 0.381456553936, 0.171556487679, 0.0732249990106, 0.0384797863662, 0.00505290273577, 0.000123395089759, 9.92112018139e-06, 2.34801791521e-06, 3.85954308513e-06, 8.15826751932e-06], "median": [0.00108068005648, 0.0215362366289, 0.0708745345473, 0.143030002713, 0.221877381206, 0.807370424271, 1.59065389633, 2.9546816349, 3.25785303116, 4.36262369156, 4.27857255936, 3.49769210815, 5.25316047668, 4.70978403091, 5.55519485474, 6.16886472702, 4.31999921799, 4.91434383392, 4.50812768936, 4.58554315567, 4.0566444397, 3.76515936852, 2.88476228714, 2.83057427406, 3.63993358612, 3.4881477356, 2.64509534836, 0.977506220341, 0.415509164333, 0.187800422311, 0.0781120061874, 0.0342480838299, 0.0153756001964, 0.00553428940475, 0.000544447684661, 3.11337571475e-05, 8.72216514836e-06, 2.5270869628e-06, 6.09874450674e-06, 1.2312936633e-05], "min": [3.12955667696e-23, 2.76203073573e-22, 1.31961005635e-21, 5.63671969446e-21, 8.03872052296e-21, 1.40943950808e-20, 4.82665800474e-20, 7.91131693717e-20, 1.1656463756e-19, 1.33849700908e-19, 2.8798678182e-19, 2.25318622185e-19, 3.6954415358e-19, 7.40516589583e-19, 1.15857491194e-18, 1.25453417025e-18, 1.39753353563e-18, 1.80085387761e-18, 2.45948320547e-18, 2.9690264628e-18, 3.29087230618e-18, 4.10208254265e-18, 5.4720702401e-18, 5.6155380999e-18, 7.51837859075e-18, 7.10556831579e-18, 9.06035988502e-18, 1.06074730078e-17, 8.08878000729e-18, 1.20873231119e-17, 1.17577114901e-17, 9.88419703354e-18, 1.06148514589e-17, 7.89280933965e-18, 6.41704095829e-18, 3.8837639364e-18, 2.39172181046e-18, 9.20264797847e-19, 2.57502384513e-19, 2.74303850933e-20], "dvar2": [0.000523274997249, 0.0731116831303, 0.187907725573, 3.3568239212, 5.9447760582, 32.1797409058, 786.082092285, 3119.29541016, 796.94744873, 2011.82617188, 4279.73925781, 5177.17871094, 3401.20654297, 28838.1015625, 37072.5898438, 13158.6103516, 13341.8925781, 8725.74902344, 8118.00488281, 10162.359375, 5090.10253906, 9975.23925781, 1080.06481934, 691.492980957, 1006.82263184, 552.11328125, 517.847961426, 55.4149589539, 49.0947914124, 7.49678230286, 1.25139284134, 0.217581897974, 0.0332677364349, 0.0108908945695, 0.00022092735162, 1.18361597856e-07, 4.26985141688e-10, 1.50728578924e-11, 2.75980644587e-11, 1.24855972783e-10], "dvar": [0.000237353306147, 0.0362713076174, 0.0743803903461, 1.39333367348, 2.26280546188, 12.6764316559, 325.553863525, 1447.15063477, 321.29788208, 875.416687012, 1785.45263672, 2107.82714844, 1440.09008789, 13376.5283203, 18161.4257812, 7364.50634766, 5232.01757812, 3829.10131836, 4419.49121094, 4826.69775391, 2155.69360352, 4380.04345703, 535.785705566, 291.61517334, 429.330383301, 244.743774414, 224.727462769, 24.6700954437, 23.7232818604, 3.75598526001, 0.581412196159, 0.125757530332, 0.0160969328135, 0.00469181872904, 9.30137684918e-05, 5.0787896555e-08, 1.96218791215e-10, 7.46803053425e-12, 1.35207704408e-11, 5.89837761966e-11], "dmean": [0.00390189886093, 0.0472255647182, 0.114096820354, 0.332390189171, 0.509410023689, 1.42271494865, 6.42224884033, 13.4165372849, 7.53167009354, 11.6082201004, 14.5204086304, 13.0442123413, 13.3349304199, 27.0135402679, 34.4319419861, 20.7154808044, 17.2052669525, 17.844543457, 16.9776535034, 17.1532325745, 13.5091152191, 16.8119182587, 6.80457210541, 6.18706607819, 8.43509483337, 7.01746892929, 5.88036108017, 1.87383973598, 1.20580089092, 0.625495672226, 0.25002643466, 0.116541400552, 0.049121748656, 0.025816231966, 0.00336056458764, 8.37239422253e-05, 6.94923846822e-06, 1.65294284216e-06, 2.64787786364e-06, 5.51458333575e-06], "max": [0.47261044383, 6.17721843719, 5.27726554871, 28.2841682434, 37.3771133423, 83.1815643311, 619.446594238, 1131.82067871, 580.007263184, 678.161743164, 1022.08282471, 1359.20483398, 1038.55114746, 6453.18066406, 4378.29833984, 3903.5078125, 2840.02539062, 2997.41870117, 2469.34643555, 2655.6940918, 1372.96069336, 2821.29858398, 1260.08300781, 965.661132812, 672.526794434, 429.371734619, 491.328826904, 184.574707031, 393.979003906, 69.0902099609, 32.3555679321, 14.3859539032, 5.12198400497, 1.17328572273, 0.214864045382, 0.00488331355155, 0.000276387581835, 4.7710549552e-05, 9.19026715565e-05, 0.000201395218028], "var": [0.000403031386668, 0.068873219192, 0.134614646435, 1.84668970108, 2.39491796494, 34.1008911133, 950.063964844, 3897.26098633, 888.39239502, 2035.88061523, 4443.99072266, 5687.92529297, 3097.6081543, 40248.953125, 71284.1953125, 21843.59375, 18180.8398438, 9448.40722656, 10789.3574219, 11451.3818359, 4546.39599609, 12410.8818359, 2027.69470215, 699.293762207, 1247.24841309, 616.585510254, 490.983764648, 58.8769302368, 55.1344718933, 12.0696821213, 1.93455529213, 0.587153375149, 0.0429516993463, 0.00736487982795, 0.00012026780314, 7.46128279161e-08, 5.0721116196e-10, 3.53687287791e-11, 8.10180950106e-11, 3.22843723977e-10], "mean": [0.00720778293908, 0.086068212986, 0.186390697956, 0.451483249664, 0.674195051193, 2.56897211075, 11.5540027618, 22.0805339813, 14.2638788223, 20.0564460754, 26.7335662842, 23.5706596375, 23.2821063995, 50.7262611389, 70.1877975464, 38.7714996338, 33.3228302002, 31.0561141968, 28.5798473358, 27.9118251801, 22.086555481, 30.4165916443, 13.8348741531, 11.4886932373, 15.9144878387, 12.8666467667, 9.81981563568, 3.62685894966, 2.25363302231, 1.2430678606, 0.485938638449, 0.238416001201, 0.0892538800836, 0.0379462130368, 0.00444822385907, 0.000131066190079, 1.70865369e-05, 4.83115036332e-06, 8.94365257409e-06, 1.79378530447e-05]}, "spectral_strongpeak": {"dmean2": 1.21095120907, "median": 1.06311631203, "min": 0, "dvar2": 3.79323291779, "dvar": 1.54696822166, "dmean": 0.754343509674, "max": 19.1085357666, "var": 4.59276676178, "mean": 1.77965068817}, "spectral_energy": {"dmean2": 0.00683445157483, "median": 0.0100694671273, "min": 9.61385012385e-21, "dvar2": 8.79886501934e-05, "dvar": 4.08030828112e-05, "dmean": 0.0045891222544, "max": 0.169151932001, "var": 0.000207785327802, "mean": 0.0144965676591}, "average_loudness": 0.614740908146, "spectral_rolloff": {"dmean2": 609.770019531, "median": 1227.39257812, "min": 107.666015625, "dvar2": 721224.375, "dvar": 315549.34375, "dmean": 359.484405518, "max": 19702.8808594, "var": 4103336, "mean": 1668.60791016}, "spectral_centroid": {"dmean2": 360.649841309, "median": 1311.70410156, "min": 264.204315186, "dvar2": 169712.984375, "dvar": 77185.515625, "dmean": 237.199905396, "max": 11733.7558594, "var": 1456054.375, "mean": 1476.51672363}, "pitch_salience": {"dmean2": 0.118435613811, "median": 0.518794953823, "min": 0.0426169037819, "dvar2": 0.0109231499955, "dvar": 0.00454993266612, "dmean": 0.0742075741291, "max": 0.990609884262, "var": 0.0174843911082, "mean": 0.507041037083}, "spectral_energyband_middle_high": {"dmean2": 0.00361311412416, "median": 0.0021839083638, "min": 1.11959946041e-21, "dvar2": 5.16263571626e-05, "dvar": 2.52097015618e-05, "dmean": 0.0024831444025, "max": 0.16751973331, "var": 0.000136609334731, "mean": 0.00694777164608}, "spectral_contrast_coeffs": {"dmean2": [0.0760121718049, 0.0821583420038, 0.0685868114233, 0.0564940162003, 0.047409851104, 0.0383896119893], "median": [-0.662482857704, -0.67988038063, -0.728050649166, -0.749655663967, -0.739497661591, -0.680238604546], "min": [-0.977905631065, -0.983380973339, -0.982754945755, -0.982416510582, -0.976582109928, -0.964683294296], "dvar2": [0.00394766405225, 0.00473365699872, 0.00308871129528, 0.00209295004606, 0.00152145070024, 0.00146920606494], "dvar": [0.00153911591042, 0.00191976211499, 0.00132370716892, 0.00092101568589, 0.000704038830008, 0.000589017756283], "dmean": [0.046946939081, 0.0513953752816, 0.0438450314105, 0.0362251326442, 0.0312424115837, 0.0250701550394], "max": [-0.191314592957, -0.306926906109, -0.386160552502, -0.320662260056, -0.432120144367, -0.414586305618], "var": [0.0120510868728, 0.0102539388463, 0.00858580879867, 0.00663716997951, 0.00561600038782, 0.0041818022728], "mean": [-0.650220632553, -0.677870035172, -0.718596935272, -0.742486417294, -0.732998967171, -0.684583544731]}, "melbands_skewness": {"dmean2": 0.984744906425, "median": 1.65278720856, "min": -3.60652375221, "dvar2": 1.047326684, "dvar": 0.454155683517, "dmean": 0.640443146229, "max": 13.6646709442, "var": 3.09677290916, "mean": 1.90959048271}, "spectral_spread": {"dmean2": 463180.03125, "median": 2763599.25, "min": 917012.5, "dvar2": 657411211264, "dvar": 288864763904, "dmean": 287607.59375, "max": 44198388, "var": 15175857995800.0, "mean": 3275358.75}, "dissonance": {"dmean2": 0.044595323503, "median": 0.452714830637, "min": 0.201887592673, "dvar2": 0.0016143649118, "dvar": 0.000590540643316, "dmean": 0.0264094825834, "max": 0.499989569187, "var": 0.00147472473327, "mean": 0.445406168699}, "spectral_skewness": {"dmean2": 0.618660092354, "median": 1.24935936928, "min": -0.101480938494, "dvar2": 0.312700033188, "dvar": 0.111648507416, "dmean": 0.365927577019, "max": 5.90645360947, "var": 0.51048719883, "mean": 1.38931918144}, "spectral_flux": {"dmean2": 0.0309412572533, "median": 0.0488401986659, "min": 6.36302399659e-11, "dvar2": 0.00119525904302, "dvar": 0.000483844953123, "dmean": 0.0193108543754, "max": 0.319050133228, "var": 0.00169750198256, "mean": 0.0585602559149}, "spectral_contrast_valleys": {"dmean2": [0.656700849533, 0.625514626503, 0.553576827049, 0.529735803604, 0.467853784561, 0.494694620371], "median": [-8.56066417694, -7.267557621, -7.88883256912, -8.31105709076, -8.3966293335, -12.2964487076], "min": [-28.137134552, -27.9565963745, -27.9029426575, -27.8217430115, -27.5885734558, -27.4518928528], "dvar2": [0.303231775761, 0.291676968336, 0.213952451944, 0.242531552911, 0.195980921388, 0.268217921257], "dvar": [0.13206282258, 0.115120723844, 0.0938813090324, 0.105811208487, 0.0997410267591, 0.146250650287], "dmean": [0.40292775631, 0.382326513529, 0.348468333483, 0.342412978411, 0.327540695667, 0.367972254753], "max": [-6.13918161392, -4.88358688354, -5.47815179825, -5.92053508759, -5.75946712494, -9.49808216095], "var": [4.82249450684, 4.88071584702, 4.69259214401, 4.70358371735, 5.31501102448, 3.66650915146], "mean": [-8.98115158081, -7.56744384766, -8.17493343353, -8.62493133545, -8.77346134186, -12.4860181808]}, "erbbands_flatness_db": {"dmean2": 0.0266371741891, "median": 0.261903047562, "min": 0.0812016502023, "dvar2": 0.000588067458011, "dvar": 0.00028767681215, "dmean": 0.0183155760169, "max": 0.448640406132, "var": 0.00272301421501, "mean": 0.261955618858}, "spectral_energyband_high": {"dmean2": 0.000292208307656, "median": 0.000123227378936, "min": 6.83952189226e-21, "dvar2": 4.04687597211e-07, "dvar": 1.78884221214e-07, "dmean": 0.000198127047042, "max": 0.0103427860886, "var": 5.06980541104e-07, "mean": 0.000401642551878}, "spectral_entropy": {"dmean2": 0.261356443167, "median": 7.04209566116, "min": 4.70940589905, "dvar2": 0.0634529218078, "dvar": 0.0303127337247, "dmean": 0.17996416986, "max": 9.83150100708, "var": 0.288943320513, "mean": 7.03163862228}, "silence_rate_20dB": {"dmean2": 0, "median": 1, "min": 1, "dvar2": 0, "dvar": 0, "dmean": 0, "max": 1, "var": 0, "mean": 1}, "melbands_flatness_db": {"dmean2": 0.036764357239, "median": 0.217084646225, "min": 0.000211365244468, "dvar2": 0.0012457909761, "dvar": 0.000571860349737, "dmean": 0.0246602036059, "max": 0.524251163006, "var": 0.00538584915921, "mean": 0.224366918206}, "barkbands": {"dmean2": [4.90064439873e-06, 0.000279422733001, 0.00018754627672, 0.00024807130103, 0.000602739106398, 0.00217695394531, 0.000874991877936, 0.0010173318442, 0.000906711327843, 0.00100136862602, 0.0013861519983, 0.000710147956852, 0.00057363207452, 0.000496263557579, 0.000608097820077, 0.000384625716833, 0.000540061271749, 0.000180785689736, 0.000247935357038, 0.000268204690656, 0.000136088492582, 4.55392691947e-05, 1.54391309479e-05, 5.61873139304e-06, 2.0191700969e-06, 1.00801877956e-09, 1.06218311924e-09], "median": [4.84146255531e-07, 8.01935821073e-05, 6.78631986375e-05, 3.98142401536e-05, 0.000210163387237, 0.000326263660099, 0.00017382785154, 0.000189918253454, 0.000106861123641, 0.000146555088577, 9.81245248113e-05, 0.000100155571999, 5.4613006796e-05, 5.5034081015e-05, 6.52855233056e-05, 5.26939147676e-05, 6.86174098519e-05, 3.88709377148e-05, 6.43375315121e-05, 7.07469371264e-05, 4.08967352996e-05, 1.05914014057e-05, 2.90206344289e-06