{"tonal": {"thpcp": [1, 0.599985778332, 0.338542431593, 0.470633804798, 0.334668666124, 0.272282987833, 0.346018731594, 0.266867011786, 0.524514257908, 0.892219007015, 0.609492719173, 0.261387109756, 0.191121309996, 0.151824429631, 0.347971200943, 0.51995497942, 0.355315804482, 0.24047523737, 0.25380268693, 0.200334459543, 0.285962611437, 0.392792969942, 0.321872442961, 0.578094661236, 0.842857480049, 0.484928518534, 0.187388956547, 0.18713927269, 0.184846460819, 0.373823046684, 0.554427683353, 0.366721570492, 0.167568892241, 0.145687520504, 0.170900732279, 0.612124323845], "hpcp": {"dmean2": [0.149774849415, 0.135454460979, 0.074946731329, 0.0583240948617, 0.0646712332964, 0.105168730021, 0.114834599197, 0.0991385057569, 0.0649390891194, 0.0552698709071, 0.0838566496968, 0.165041133761, 0.157473251224, 0.181205689907, 0.12220428139, 0.089093580842, 0.099357649684, 0.0904856622219, 0.0716036856174, 0.0983238890767, 0.141229018569, 0.144315242767, 0.145935088396, 0.0883130282164, 0.0602989122272, 0.0642423927784, 0.105683885515, 0.0978818386793, 0.109336823225, 0.0882553756237, 0.071255363524, 0.0792898163199, 0.100594930351, 0.112628847361, 0.134131863713, 0.163419097662], "median": [0.13106431067, 0.064029596746, 0.00692523922771, 0.00349857239053, 0.00645456649363, 0.0295585226268, 0.0433931201696, 0.0213393624872, 0.00273333955556, 0.00128511176445, 0.00353135541081, 0.0707071274519, 0.131822496653, 0.082332700491, 0.0106804464012, 0.00220720982179, 0.00253765750676, 0.00660929782316, 0.00542398914695, 0.00654706172645, 0.0501849018037, 0.0914962589741, 0.0881072804332, 0.0150472102687, 0.00561527721584, 0.00275800656527, 0.0117735443637, 0.0176383089274, 0.0128735275939, 0.00408086460084, 0.00172958627809, 0.00242229620926, 0.0180875770748, 0.0260787792504, 0.0236211791635, 0.0819705873728], "min": [0, 0, 0, 0, 0, 0, 0, 0, 0, 0, 0, 0, 0, 0, 0, 0, 0, 0, 0, 0, 0, 0, 0, 0, 0, 0, 0, 0, 0, 0, 0, 0, 0, 0, 0, 0], "dvar2": [0.0524490363896, 0.0453525260091, 0.0292711947113, 0.0253967288882, 0.029247270897, 0.0393067784607, 0.0440224409103, 0.0385595858097, 0.0311274733394, 0.0281199160963, 0.0360674038529, 0.0621086359024, 0.062529578805, 0.0718494802713, 0.0541555210948, 0.0405989997089, 0.0443932972848, 0.03875785321, 0.0314577184618, 0.0400645323098, 0.049942407757, 0.0564939305186, 0.0497523061931, 0.0347415097058, 0.0272560752928, 0.0264189299196, 0.0492317527533, 0.0389104709029, 0.0477703921497, 0.0401647910476, 0.0362025089562, 0.0372298583388, 0.0458384007215, 0.045906431973, 0.0649005621672, 0.0622297301888], "dvar": [0.0254581645131, 0.0175827983767, 0.0101438714191, 0.00899240933359, 0.0102457655594, 0.0147987855598, 0.0190526805818, 0.0144080091268, 0.0109927179292, 0.0100583098829, 0.012605833821, 0.0228131618351, 0.0299713090062, 0.0251026060432, 0.018812039867, 0.0167936552316, 0.0162437707186, 0.0139819411561, 0.0120839644223, 0.0150690833107, 0.0195010490716, 0.026239708066, 0.0201507098973, 0.0124407056719, 0.00935727544129, 0.00924490764737, 0.0181545913219, 0.0166813917458, 0.0172114633024, 0.0145713305101, 0.014151555486, 0.01346948836, 0.0169578809291, 0.0190729945898, 0.0219121724367, 0.0224039144814], "dmean": [0.0959931835532, 0.0817953124642, 0.0425175465643, 0.0340381450951, 0.036889526993, 0.0631979554892, 0.0720270350575, 0.0594624429941, 0.0370120257139, 0.0309406667948, 0.0461993925273, 0.0971751511097, 0.0972560867667, 0.106173977256, 0.0693334192038, 0.0529634021223, 0.0582796782255, 0.0528905801475, 0.0418476983905, 0.0574707873166, 0.0856294259429, 0.0879208445549, 0.0888736099005, 0.0515261404216, 0.0344232358038, 0.0365734770894, 0.0624829083681, 0.0602108687162, 0.063905030489, 0.050266277045, 0.0408324971795, 0.0461691617966, 0.0599480718374, 0.0684945657849, 0.077222160995, 0.0979991927743], "max": [1, 1, 1, 1, 1, 1, 1, 1, 1, 1, 1, 1, 1, 1, 1, 1, 1, 1, 1, 1, 1, 1, 1, 1, 1, 1, 1, 1, 1, 1, 1, 1, 1, 1, 1, 1], "var": [0.121364794672, 0.0508544072509, 0.0272410027683, 0.0322217084467, 0.0302140396088, 0.0445904061198, 0.0874112695456, 0.0484956875443, 0.0284859221429, 0.027069106698, 0.0270352791995, 0.0667634382844, 0.157806932926, 0.0620980225503, 0.0472058877349, 0.0976214706898, 0.0504039525986, 0.0425507985055, 0.0726085081697, 0.0366332419217, 0.0613138601184, 0.147523358464, 0.0700060129166, 0.0281798224896, 0.0236876625568, 0.019497545436, 0.0519392564893, 0.0948911830783, 0.0511231087148, 0.0366837121546, 0.052139673382, 0.0295541975647, 0.0384951010346, 0.0598482787609, 0.0408766902983, 0.0645277649164], "mean": [0.299826353788, 0.172501698136, 0.066659130156, 0.0665703117847, 0.0657546967268, 0.132978588343, 0.197224363685, 0.130452409387, 0.0596086196601, 0.0518248453736, 0.060793839395, 0.217748552561, 0.355726033449, 0.213430553675, 0.120428360999, 0.16741669178, 0.119050353765, 0.0968581438065, 0.123087875545, 0.0949315428734, 0.186583384871, 0.317385524511, 0.216812431812, 0.0929821953177, 0.0679868236184, 0.0540079027414, 0.123782418668, 0.184961512685, 0.126395076513, 0.0855433046818, 0.0902842283249, 0.0712641850114, 0.101724348962, 0.139726683497, 0.114498406649, 0.205643311143]}, "tuning_equal_tempered_deviation": 0.0105055086315, "chords_changes_rate": 0.0471920706332, "key_key": "A", "tuning_diatonic_strength": 0.48537877202, "key_scale": "major", "chords_number_rate": 0.00235960353166, "tuning_frequency": 442.03793335, "tuning_nontempered_energy_ratio": 0.630557775497, "chords_histogram": [34.4974060059, 5.80462503433, 2.95736980438, 1.57306909561, 2.7056787014, 3.69671225548, 5.39562702179, 2.13937401772, 2.6112947464, 0, 0.896649360657, 0.204498976469, 3.39782905579, 1.21126317978, 0.503382086754, 0.125845521688, 0.0786534547806, 0.110114835203, 0.0157306902111, 0.770803809166, 9.61145210266, 2.15510463715, 6.92150402069, 12.6160135269], "key_strength": 0.796288311481, "chords_key": "A", "chords_strength": {"dmean2": 0.00573646323755, "median": 0.517502129078, "min": 0.210658073425, "dvar2": 5.53554891667e-05, "dvar": 5.07573204231e-05, "dmean": 0.0074406308122, "max": 0.761617958546, "var": 0.00984638463706, "mean": 0.515664637089}, "chords_scale": "major", "hpcp_entropy": {"dmean2": 0.776039421558, "median": 1.60110867023, "min": 0, "dvar2": 0.49067106843, "dvar": 0.190442964435, "dmean": 0.465450465679, "max": 4.70237588882, "var": 0.786093235016, "mean": 1.64296483994}}, "metadata": {"audio_properties": {"equal_loudness": 0, "codec": "mp3", "downmix": "mix", "sample_rate": 44100, "analysis_sample_rate": 44100, "bit_rate": 185950, "md5_encoded": "decdf7649e1306b43199d6bdef32bca1", "length": 295.131439209, "replay_gain": -2.26425361633, "lossless": false}, "version": {"essentia_build_sha": "2d9f1f26377add8aeb1075a9c2973f962c4f09fd", "essentia": "2.1-beta2", "extractor": "music 1.0", "essentia_git_sha": "v2.1_beta2-1-ge3940c0"}, "tags": {"title": ["Southern Jukebox Music"], "barcode": ["077778745129"], "media": ["CD"], "albumartist": ["Penguin Cafe Orchestra"], "musicbrainz_recordingid": ["0df28a44-ceaf-4192-be19-0d9035613a57"], "musicbrainz_albumartistid": ["4dfadf48-e15b-4fc2-a800-2b68702a72d5"], "originalyear": ["1988"], "discnumber": ["1/1"], "album": ["When in Rome..."], "catalognumber": ["EEGCD 56"], "musicbrainz album release country": ["GB"], "musicbrainz album type": ["album/live"], "musicbrainz album status": ["official"], "originaldate": ["1988"], "date": ["1988"], "file_name": "05 Southern Jukebox Music.mp3", "musicbrainz_releasegroupid": ["bb730f5a-2268-3afd-9737-c4e8f0f51912"], "script": ["Latn"], "asin": ["B000025JQO"], "musicbrainz_albumid": ["ea6e5175-ec26-4d37-88fe-14ee2c57665d"], "artist": ["Penguin Cafe Orchestra"], "artistsort": ["Penguin Cafe Orchestra"], "tracknumber": ["5/16"], "label": ["Editions EG"], "albumartistsort": ["Penguin Cafe Orchestra"], "musicbrainz_artistid": ["4dfadf48-e15b-4fc2-a800-2b68702a72d5"]}}, "rhythm": {"bpm_histogram_first_peak_bpm": {"dmean2": 0, "median": 123, "min": 123, "dvar2": 0, "dvar": 0, "dmean": 0, "max": 123, "var": 0, "mean": 123}, "bpm": 123.467933655, "bpm_histogram_second_peak_spread": {"dmean2": 0, "median": 0, "min": 0, "dvar2": 0, "dvar": 0, "dmean": 0, "max": 0, "var": 0, "mean": 0}, "bpm_histogram_first_peak_weight": {"dmean2": 0, "median": 0.235015779734, "min": 0.235015779734, "dvar2": 0, "dvar": 0, "dmean": 0, "max": 0.235015779734, "var": 0, "mean": 0.235015779734}, "onset_rate": 1.95155775547, "beats_position": [0.359909296036, 0.743038535118, 1.11455774307, 1.48607707024, 1.8575963974, 2.22911548615, 2.60063481331, 2.97215414047, 3.34367346764, 3.7151927948, 4.08671188354, 4.45823097229, 4.82975053787, 5.18965959549, 5.54956912994, 5.92108821869, 6.29260778427, 6.66412687302, 7.03564596176, 7.40716552734, 7.76707458496, 8.12698364258, 8.48689365387, 8.85841274261, 9.22993183136, 9.6014509201, 9.97297000885, 10.3444900513, 10.7276191711, 11.0991382599, 11.4474372864, 11.7957363129, 12.144036293, 12.4807252884, 12.8174142838, 13.1657142639, 13.5140132904, 13.8623123169, 14.2106122971, 14.5705213547, 14.9420404434, 15.3251695633, 15.696688652, 16.0682086945, 16.4397277832, 16.8112468719, 17.1711559296, 17.5310649872, 17.8793640137, 18.2508831024, 18.6107940674, 18.970703125, 19.3306121826, 19.6905212402, 20.0504302979, 20.3987293243, 20.7470283508, 21.0953292847, 21.4552383423, 21.8035373688, 22.1634464264, 22.5465755463, 22.9413146973, 23.3360538483, 23.7307929993, 24.1139221191, 24.5086612701, 24.9034004211, 25.3910198212, 25.8786392212, 26.3778686523, 26.8538761139, 27.3298854828, 27.8175048828, 28.3051242828, 28.7927436829, 29.2571430206, 29.7215423584, 30.1975498199, 30.6735591888, 31.1611785889, 31.6487979889, 32.1364173889, 32.6240348816, 33.111656189, 33.5876655579, 34.0636711121, 34.5280723572, 35.0040817261, 35.4684791565, 35.9328804016, 36.4088897705, 36.8732872009, 37.3492965698, 37.8253059387, 38.2897033691, 38.7773246765, 39.2533340454, 39.7293434143, 40.1937408447, 40.6581382751, 41.1225395203, 41.5985488892, 42.0629463196, 42.5389556885, 43.0033569336, 43.4793624878, 43.9553718567, 44.4546012878, 44.953830719, 45.4530601501, 45.9522895813, 46.439907074, 46.9275283813, 47.415145874, 47.9143753052, 48.4252128601, 48.9128341675, 49.4004516602, 49.8880729675, 50.3756904602, 50.8516998291, 51.327709198, 51.8037185669, 52.2797279358, 52.7673454285, 53.2549667358, 53.73097229, 54.2069816589, 54.6829910278, 55.1590003967, 55.6350097656, 56.1110191345, 56.5870285034, 57.0630378723, 57.5390472412, 58.0266647339, 58.5142860413, 58.9902954102, 59.4663009644, 59.9539222717, 60.4299316406, 60.9175491333, 61.4051704407, 61.8811798096, 62.3571853638, 62.8331947327, 63.2975959778, 63.7619934082, 64.2496109009, 64.7256240845, 65.2016296387, 65.6776428223, 66.1536483765, 66.6296615601, 67.1288909912, 67.6281204224, 68.1273422241, 68.6149673462, 69.0909729004, 69.5785903931, 70.0778198242, 70.5654373169, 71.053062439, 71.5406799316, 72.0166854858, 72.4926986694, 72.9803161621, 73.4911575317, 73.9903869629, 74.489616394, 74.9888458252, 75.488067627, 75.9872970581, 76.4865264893, 76.9741516113, 77.4733810425, 77.9609985352, 78.4602279663, 78.9594573975, 79.4702911377, 79.9811325073, 80.503578186, 81.0260314941, 81.5484771729, 82.070930481, 82.5817642212, 83.0926055908, 83.591835022, 84.0794525146, 84.5670700073, 85.0546951294, 85.5423126221, 86.0299301147, 86.5175476074, 87.0051651001, 87.4927902222, 87.9804077148, 88.456413269, 88.9324264526, 89.4200439453, 89.8960494995, 90.3720626831, 90.8596801758, 91.3356933594, 91.8233108521, 92.3225402832, 92.8333740234, 93.3326034546, 93.8318328857, 94.3310623169, 94.830291748, 95.3411331177, 95.8403625488, 96.33959198, 96.8272094727, 97.3148269653, 97.802444458, 98.3132858276, 98.8009033203, 99.288520813, 99.7761459351, 100.263763428, 100.762992859, 101.26222229, 101.749839783, 102.237457275, 102.725074768, 103.201087952, 103.677093506, 104.164710999, 104.640724182, 105.116729736, 105.627571106, 106.126800537, 106.61441803, 107.113647461, 107.612876892, 108.112106323, 108.634559631, 109.15700531, 109.66784668, 110.236732483, 110.805618286, 111.374511719, 111.87374115, 112.372970581, 112.883804321, 113.406257629, 113.928703308, 114.451156616, 114.973602295, 115.507659912, 116.20426178, 116.889251709, 117.5626297, 118.224395752, 118.874557495, 119.536323547, 120.221313477, 120.883079529, 121.55645752, 122.22983551, 122.90322113, 123.58820343, 124.273193359, 124.94657135, 125.619949341, 126.293327332, 126.966712952, 127.640090942, 128.301864624, 128.963623047, 129.625396729, 130.28717041, 130.937316895, 131.587478638, 132.237640381, 132.748474121, 133.25932312, 133.793380737, 134.327438354, 134.861495972, 135.38394165, 135.906387329, 136.417236328, 136.928070068, 137.438903809, 137.949752808, 138.448974609, 138.94821167, 139.447433472, 139.935058594, 140.434280396, 140.945129395, 141.432739258, 141.92036438, 142.407974243, 142.895599365, 143.383224487, 143.870834351, 144.358459473, 144.834457397, 145.310470581, 145.786483765, 146.262496948, 146.750106812, 147.237731934, 147.725341797, 148.212966919, 148.700592041, 149.188201904, 149.675827026, 150.15184021, 150.627838135, 151.115463257, 151.603088379, 152.090698242, 152.578323364, 153.065933228, 153.55355835, 154.041183472, 154.528793335, 155.016418457, 155.492416382, 155.968429565, 156.444442749, 156.920455933, 157.408065796, 157.895690918, 158.383300781, 158.859313965, 159.335327148, 159.822952271, 160.310562134, 160.786575317, 161.262588501, 161.738586426, 162.214599609, 162.690612793, 163.166610718, 163.631011963, 164.107025146, 164.58303833, 165.070648193, 165.546661377, 166.022674561, 166.510284424, 166.997909546, 167.473922729, 167.949935913, 168.425933838, 168.901947021, 169.377960205, 169.84236145, 170.318359375, 170.78276062, 171.258773804, 171.723175049, 172.187576294, 172.663574219, 173.127975464, 173.603988647, 174.080001831, 174.555999756, 175.043624878, 175.54284668, 176.030471802, 176.518096924, 177.005706787, 177.481719971, 177.980941772, 178.468566895, 178.944580078, 179.420593262, 179.908203125, 180.395828247, 180.88343811, 181.371063232, 181.858688354, 182.346298218, 182.83392334, 183.321533203, 183.809158325, 184.308380127, 184.807617188, 185.306838989, 185.80607605, 186.31690979, 186.827758789, 187.315368652, 187.791381836, 188.278991699, 188.755004883, 189.242630005, 189.730239868, 190.206253052, 190.682266235, 191.14666748, 191.611068726, 192.075454712, 192.539855957, 193.015869141, 193.491882324, 193.979492188, 194.443893433, 194.908294678, 195.3959198, 195.871917725, 196.347930908, 196.83555603, 197.311553955, 197.787567139, 198.275192261, 198.762802124, 199.250427246, 199.714828491, 200.202438354, 200.6668396, 201.142852783, 201.630477905, 202.10647583, 202.594100952, 203.081726074, 203.569335938, 204.05696106, 204.544570923, 205.055419922, 205.554641724, 206.053878784, 206.541488647, 207.040725708, 207.53994751, 208.03918457, 208.538406372, 209.026031494, 209.513641357, 210.001266479, 210.488891602, 210.976501465, 211.464126587, 211.95173645, 212.439361572, 212.915374756, 213.391372681, 213.878997803, 214.366622925, 214.854232788, 215.34185791, 215.829467773, 216.317092896, 216.804718018, 217.303939819, 217.80317688, 218.290786743, 218.778411865, 219.277633667, 219.776870728, 220.287704468, 220.786941528, 221.28616333, 221.773788452, 222.261398315, 222.749023438, 223.236633301, 223.724258423, 224.223495483, 224.722717285, 225.221939087, 225.721176147, 226.20880127, 226.708023071, 227.207244873, 227.718093872, 228.228927612, 228.739776611, 229.273834229, 229.796279907, 230.330337524, 230.87600708, 231.421676636, 231.967346191, 232.513015747, 233.070297241, 233.59274292, 234.115188599, 234.637634277, 235.148483276, 235.659317017, 236.170150757, 236.530059814, 236.889968872, 237.238265991, 237.586578369, 237.92326355, 238.25994873, 238.585037231, 238.921722412, 239.258407593, 239.606704712, 239.955001831, 240.30329895, 240.651611328, 240.999908447, 241.359817505, 241.708114624, 242.056411743, 242.416320801, 242.776229858, 243.136138916, 243.496047974, 243.844345093, 244.20425415, 244.564163208, 244.912460327, 245.283981323, 245.655502319, 246.003799438, 246.352111816, 246.688796997, 247.037094116, 247.373779297, 247.722076416, 248.070373535, 248.430297852, 248.790206909, 249.150115967, 249.510025024, 249.869934082, 250.22984314, 250.589752197, 250.949661255, 251.309570313, 251.681091309, 252.041000366, 252.400909424, 252.760818481, 253.132324219, 253.492233276, 253.852142334, 254.212051392, 254.571975708, 254.931884766, 255.291793823, 255.651702881, 256.01159668, 256.383117676, 256.754638672, 257.114562988, 257.462860107, 257.811157227, 258.159454346, 258.496154785, 258.832824707, 259.181121826, 259.529418945, 259.866119385, 260.214416504, 260.57434082, 260.922637939, 261.282531738, 261.642456055, 262.002349854, 262.36227417, 262.722167969, 263.082092285, 263.453613281, 263.825134277, 264.196624756, 264.568145752, 264.939666748, 265.299591064, 265.671112061, 266.123901367, 266.576690674, 267.04107666, 267.505493164, 267.96987915, 268.422668457, 268.887084961, 269.374694824, 269.862304688, 270.349914551, 270.895599365, 271.429656982, 272.010162354, 272.590667725, 273.171142578, 273.658782959, 274.157989502, 274.657226563, 275.086791992, 275.527984619, 275.957550049, 276.387115479, 276.828308105, 277.257873535, 277.687438965, 278.105377197, 278.523345947, 278.952911377, 279.370880127, 279.835266113, 280.299682617, 280.752471924, 281.20526123, 281.658050537, 282.110839844, 282.552001953, 283.00479126, 283.445983887, 283.910369873, 284.36315918, 284.815948486, 285.28036499, 285.7215271, 286.162719727, 286.592285156, 287.021850586, 287.451416016, 287.880981445, 288.333770752, 288.786560059, 289.239349365, 289.692138672, 290.144927979, 290.597717285, 291.050506592, 291.514923096, 291.979309082, 292.455322266, 292.931335449, 293.407348633, 293.883361816, 294.359344482], "beats_loudness": {"dmean2": 0.019582727924, "median": 0.0123037891462, "min": 3.75255986285e-08, "dvar2": 0.000857786799315, "dvar": 0.000325036293361, "dmean": 0.0119002806023, "max": 0.204929471016, "var": 0.000778249639552, "mean": 0.0235325228423}, "danceability": 0.844955146313, "bpm_histogram_second_peak_weight": {"dmean2": 0, "median": 0.0835962146521, "min": 0.0835962146521, "dvar2": 0, "dvar": 0, "dmean": 0, "max": 0.0835962146521, "var": 0, "mean": 0.0835962146521}, "beats_count": 635, "bpm_histogram_second_peak_bpm": {"dmean2": 0, "median": 167, "min": 167, "dvar2": 0, "dvar": 0, "dmean": 0, "max": 167, "var": 0, "mean": 167}, "bpm_histogram_first_peak_spread": {"dmean2": 0, "median": 0.535825550556, "min": 0.535825550556, "dvar2": 0, "dvar": 0, "dmean": 0, "max": 0.535825550556, "var": 0, "mean": 0.535825550556}, "beats_loudness_band_ratio": {"dmean2": [0.278407931328, 0.277816087008, 0.157475978136, 0.0608607158065, 0.0414542369545, 0.0103009333834], "median": [0.431598991156, 0.33438873291, 0.106322601438, 0.035364061594, 0.016686744988, 0.000972709909547], "min": [0.00223827641457, 0.00509000336751, 0.00169573642779, 0.00104145181831, 0.000222997419769, 1.56735768542e-05], "dvar2": [0.0561138354242, 0.0551271550357, 0.027267569676, 0.0064032538794, 0.00486920773983, 0.000816849002149], "dvar": [0.0219992734492, 0.0194371920079, 0.00959247350693, 0.00233141263016, 0.00193806481548, 0.000307391455863], "dmean": [0.166950151324, 0.165850788355, 0.0916158556938, 0.0364892110229, 0.0248060431331, 0.00601213378832], "max": [0.952824473381, 0.873353779316, 0.752043783665, 0.509812116623, 0.583191633224, 0.281845211983], "var": [0.0633875876665, 0.0433590523899, 0.0145124057308, 0.00672878418118, 0.011372695677, 0.00202119234018], "mean": [0.427575528622, 0.349792301655, 0.143757656217, 0.0630911141634, 0.0533083043993, 0.0151250828058]}}, "lowlevel": {"barkbands_spread": {"dmean2": 2.76881361008, "median": 6.80832004547, "min": 0.773688673973, "dvar2": 13.8815536499, "dvar": 5.71869707108, "dmean": 1.74044179916, "max": 108.464988708, "var": 69.3883666992, "mean": 9.36222457886}, "melbands_spread": {"dmean2": 3.61237072945, "median": 7.33386039734, "min": 0.854323327541, "dvar2": 29.2847442627, "dvar": 11.873878479, "dmean": 2.25573301315, "max": 147.777786255, "var": 126.055450439, "mean": 11.0425271988}, "hfc": {"dmean2": 2.35468268394, "median": 4.45365047455, "min": 1.12911384458e-16, "dvar2": 16.664806366, "dvar": 7.5072388649, "dmean": 1.55170106888, "max": 92.819519043, "var": 84.3731689453, "mean": 7.9005522728}, "barkbands_kurtosis": {"dmean2": 3.49399161339, "median": 5.01340913773, "min": -1.83978664875, "dvar2": 21.2308635712, "dvar": 8.42685413361, "dmean": 2.1910777092, "max": 114.36894989, "var": 42.6655235291, "mean": 6.57192134857}, "gfcc": {"mean": [-121.280166626, 155.604766846, -111.023513794, 3.72398209572, -45.5941390991, -3.58581161499, -45.6473617554, -6.78356552124, -18.6522312164, -8.07777500153, -14.9421396255, -6.44035053253, -5.01882076263], "icov": [[0.00053964293329, -0.00126152962912, 0.00131635542493, -0.00118982745335, 0.0011423699325, -0.00109817867633, 0.000785536249168, -0.000704861246049, 0.000518412445672, -0.000132095665322, -0.000167309175595, 0.000720203504898, -0.000241972898948], [-0.00126152962912, 0.00518850423396, -0.00384318386205, 0.00365444179624, -0.00488425698131, 0.00458183884621, -0.00320150610059, 0.00244862632826, -0.00227850722149, 0.0024115643464, -0.00259232823737, 0.00173913117032, -0.00119827233721], [0.00131635542493, -0.00384318386205, 0.00458315992728, -0.00316893775016, 0.00256556668319, -0.00297812232748, 0.0014164497843, -0.00122454902157, 0.00159986026119, -0.00147350004409, 0.00162710866425, -0.000300905667245, 0.00159609178081], [-0.00118982745335, 0.00365444179624, -0.00316893775016, 0.006955887191, -0.00350342784077, 0.00310169090517, -0.00352904805914, -0.000683318241499, 0.00051155971596, -0.00147585093509, -0.000974213588051, 0.000492814055178, -0.000596576428507], [0.0011423699325, -0.00488425698131, 0.00256556668319, -0.00350342784077, 0.0118441749364, -0.00425154762343, 0.000126740866108, -0.000579741026741, -0.00135760591365, 0.00191392144188, -0.000424112804467, 0.00119067786727, -0.000430318177678], [-0.00109817867633, 0.00458183884621, -0.00297812232748, 0.00310169090517, -0.00425154762343, 0.0104369875044, -0.00525567680597, 0.000468582788017, -0.00112576037645, -0.000125126738567, 0.000394561153371, -0.00129174592439, 0.00076129520312], [0.000785536249168, -0.00320150610059, 0.0014164497843, -0.00352904805914, 0.000126740866108, -0.00525567680597, 0.015460992232, -0.00569663289934, 0.00164844747633, -0.00288347620517, -0.00070447177859, 0.00196276418865, -0.00251153134741], [-0.000704861246049, 0.00244862632826, -0.00122454902157, -0.000683318241499, -0.000579741026741, 0.000468582788017, -0.00569663289934, 0.0158256758004, -0.00573221407831, 0.00118980871048, -0.000271651049843, -0.000333366653649, 0.00185817014426], [0.000518412445672, -0.00227850722149, 0.00159986026119, 0.00051155971596, -0.00135760591365, -0.00112576037645, 0.00164844747633, -0.00573221407831, 0.0169890727848, -0.00758071197197, 0.00319343153387, -0.000460707262391, -0.000843453221023], [-0.000132095665322, 0.0024115643464, -0.00147350004409, -0.00147585093509, 0.00191392144188, -0.000125126738567, -0.00288347620517, 0.00118980871048, -0.00758071197197, 0.0194344799966, -0.0110798897222, 0.00227076839656, -0.00126451510005], [-0.000167309175595, -0.00259232823737, 0.00162710866425, -0.000974213588051, -0.000424112804467, 0.000394561153371, -0.00070447177859, -0.000271651049843, 0.00319343153387, -0.0110798897222, 0.0234171934426, -0.013454509899, 0.00401338702068], [0.000720203504898, 0.00173913117032, -0.000300905667245, 0.000492814055178, 0.00119067786727, -0.00129174592439, 0.00196276418865, -0.000333366653649, -0.000460707262391, 0.00227076839656, -0.013454509899, 0.02499358356, -0.00979647319764], [-0.000241972898948, -0.00119827233721, 0.00159609178081, -0.000596576428507, -0.000430318177678, 0.00076129520312, -0.00251153134741, 0.00185817014426, -0.000843453221023, -0.00126451510005, 0.00401338702068, -0.00979647319764, 0.0178651679307]], "cov": [[11271.9052734, 594.409118652, -2376.97045898, 612.371582031, -103.813789368, -1.4542517662, 77.6478347778, 239.32019043, -13.8662319183, 19.7262706757, 190.166915894, -204.745773315, 254.68270874], [594.409118652, 2852.64672852, 1014.98535156, -433.14364624, 672.90045166, -474.877166748, 75.3839950562, -246.703903198, 74.9275665283, -324.329345703, -62.9267120361, -255.183319092, 21.7309341431], [-2376.97045898, 1014.98535156, 1430.15405273, -97.7820587158, 287.98336792, -92.0767745972, 85.4157485962, -88.5725250244, 27.3940601349, -76.4245910645, -66.223739624, -73.9532928467, -92.8639678955], [612.371582031, -433.14364624, -97.7820587158, 451.388519287, -55.9684486389, 119.751121521, 105.464164734, 131.041488647, 5.33668899536, 132.726135254, 60.9744033813, 29.4866352081, 9.91458702087], [-103.813789368, 672.90045166, 287.98336792, -55.9684486389, 289.613250732, -62.5787887573, 58.0954093933, -38.4584617615, 38.1416130066, -71.1377563477, -15.5244216919, -60.6161499023, 4.95349550247], [-1.4542517662, -474.877166748, -92.0767745972, 119.751121521, -62.5787887573, 251.829727173, 63.2538261414, 83.570526123, 9.07306861877, 82.3539352417, 19.4877758026, 42.3566169739, -6.57851266861], [77.6478347778, 75.3839950562, 85.4157485962, 105.464164734, 58.0954093933, 63.2538261414, 144.98638916, 61.0121459961, 27.4127063751, 44.5725708008, 25.5392932892, -3.98498439789, 11.2656679153], [239.32019043, -246.703903198, -88.5725250244, 131.041488647, -38.4584617615, 83.570526123, 61.0121459961, 136.231842041, 30.9914608002, 63.6102409363, 22.8103637695, 16.3664455414, -1.28070259094], [-13.8662319183, 74.9275665283, 27.3940601349, 5.33668899536, 38.1416130066, 9.07306861877, 27.4127063751, 30.9914608002, 91.4882507324, 33.471244812, 9.88880729675, -0.63055819273, 7.85220718384], [19.7262706757, -324.329345703, -76.4245910645, 132.726135254, -71.1377563477, 82.3539352417, 44.5725708008, 63.6102409363, 33.471244812, 154.674743652, 71.4441146851, 52.1056976318, 9.25144958496], [190.166915894, -62.9267120361, -66.223739624, 60.9744033813, -15.5244216919, 19.4877758026, 25.5392932892, 22.8103637695, 9.88880729675, 71.4441146851, 105.257583618, 54.3553276062, 18.0049686432], [-204.745773315, -255.183319092, -73.9532928467, 29.4866352081, -60.6161499023, 42.3566169739, -3.98498439789, 16.3664455414, -0.63055819273, 52.1056976318, 54.3553276062, 104.422805786, 30.8834457397], [254.68270874, 21.7309341431, -92.8639678955, 9.91458702087, 4.95349550247, -6.57851266861, 11.2656679153, -1.28070259094, 7.85220718384, 9.25144958496, 18.0049686432, 30.8834457397, 85.5420608521]]}, "spectral_energyband_middle_low": {"dmean2": 0.00562991946936, "median": 0.00745693035424, "min": 3.15709101489e-22, "dvar2": 0.000121251774544, "dvar": 4.94176492793e-05, "dmean": 0.00364525732584, "max": 0.176978260279, "var": 0.000356592994649, "mean": 0.0142822060734}, "melbands_crest": {"dmean2": 3.82842087746, "median": 14.0542535782, "min": 2.77817249298, "dvar2": 13.1499824524, "dvar": 4.77030897141, "dmean": 2.31592535973, "max": 32.8730926514, "var": 30.5796318054, "mean": 14.6698293686}, "spectral_kurtosis": {"dmean2": 12.5832443237, "median": 18.4866905212, "min": -1.22643780708, "dvar2": 179.953979492, "dvar": 59.4911689758, "dmean": 7.17498540878, "max": 125.907043457, "var": 335.516662598, "mean": 23.5162944794}, "spectral_rms": {"dmean2": 0.000698151474353, "median": 0.00335814896971, "min": 3.22142161037e-12, "dvar2": 7.77623483827e-07, "dvar": 3.08457060783e-07, "dmean": 0.000446586462203, "max": 0.0173789858818, "var": 5.68040150029e-06, "mean": 0.00382872787304}, "zerocrossingrate": {"dmean2": 0.00445238733664, "median": 0.02197265625, "min": 0.00341796875, "dvar2": 4.45732111984e-05, "dvar": 2.35621737374e-05, "dmean": 0.0033551233355, "max": 0.49560546875, "var": 0.000881303451024, "mean": 0.0316281951964}, "silence_rate_60dB": {"dmean2": 0.0453186482191, "median": 0, "min": 0, "dvar2": 0.0522309988737, "dvar": 0.0221474058926, "dmean": 0.0226575415581, "max": 1, "var": 0.148797094822, "mean": 0.181875392795}, "erbbands_kurtosis": {"dmean2": 1.23284888268, "median": 0.14940816164, "min": -1.80508291721, "dvar2": 2.58004379272, "dvar": 0.944207012653, "dmean": 0.765057086945, "max": 31.8925132751, "var": 6.46891546249, "mean": 0.838552892208}, "erbbands": {"dmean2": [0.00968071538955, 0.21902063489, 2.09821891785, 6.06948280334, 8.96399879456, 6.17554044724, 11.5157356262, 13.717338562, 17.0525989532, 11.0006027222, 8.43982315063, 8.01885509491, 4.65478277206, 8.57375431061, 6.56828165054, 4.66723966599, 9.31143379211, 4.82831144333, 6.7333741188, 11.614815712, 7.23992538452, 3.17354846001, 2.03895401955, 1.55661952496, 0.863615274429, 0.676712572575, 0.567311644554, 0.466841369867, 0.265708148479, 0.219320490956, 0.184846758842, 0.139838367701, 0.0810662209988, 0.037458203733, 0.012314456515, 0.00276213744655, 0.000443969620392, 7.54539578338e-05, 9.24928554014e-06, 8.49956086313e-06], "median": [0.00220920005813, 0.0566795021296, 0.750359416008, 3.22241234779, 3.62459850311, 5.24800205231, 8.90481472015, 6.95430183411, 7.4882478714, 4.76621818542, 3.85245418549, 3.51731538773, 3.05035853386, 4.63307380676, 4.24565124512, 2.55869531631, 2.14045238495, 1.95650017262, 3.12756109238, 4.35150241852, 1.84539341927, 1.13944005966, 0.671310544014, 0.387867689133, 0.203565180302, 0.168727174401, 0.0777206644416, 0.0543108209968, 0.0341871827841, 0.0171916149557, 0.0152233531699, 0.0100390799344, 0.00672019366175, 0.00324906408787, 0.00152948731557, 0.000578628096264, 0.000151414467837, 5.44297508895e-05, 8.59036208567e-06, 1.34414149215e-05], "min": [1.99002154028e-22, 5.36494764628e-21, 8.85196023414e-20, 1.60131917305e-19, 4.2347963824e-20, 7.11318393505e-20, 1.35472487098e-19, 8.46688943517e-19, 7.98031956839e-19, 9.97346450409e-19, 1.3300462476e-18, 1.32626034533e-18, 1.70693062099e-18, 3.03179416845e-18, 3.08577680241e-18, 5.09907340879e-18, 4.63277846261e-18, 3.87354411993e-18, 3.42551911193e-18, 3.43787202041e-18, 6.21928316693e-18, 1.6640091289e-17, 1.51665236216e-17, 1.8482510372e-17, 1.56257412105e-17, 1.52214401425e-17, 2.04701559008e-17, 1.83484277034e-17, 1.44419464923e-17, 1.43624991032e-17, 2.01524027403e-17, 2.84880738265e-17, 1.68712981964e-17, 1.58143863666e-17, 7.15535218096e-18, 4.75865839463e-18, 2.92434754279e-18, 1.22988325741e-18, 3.64175803103e-19, 2.83569049275e-20], "dvar2": [0.000712210894562, 0.369805127382, 40.1449165344, 158.133972168, 629.63848877, 170.323287964, 1229.05175781, 1743.55541992, 2316.39086914, 1692.37060547, 1109.6307373, 782.290222168, 372.286437988, 363.287261963, 276.492767334, 97.8244171143, 913.716552734, 120.109916687, 191.884277344, 811.62878418, 470.269042969, 71.7607955933, 29.5319671631, 23.7000484467, 7.67705631256, 4.31872415543, 6.23814439774, 6.02638244629, 1.30576360226, 1.22198557854, 0.899011552334, 0.733954429626, 0.197289630771, 0.0430176779628, 0.00411160197109, 0.000163408767548, 2.68857866104e-06, 8.68348308813e-08, 2.01617122997e-09, 2.3672921956e-10], "dvar": [0.000378355936846, 0.139092475176, 13.7764081955, 56.5622749329, 249.182769775, 70.1288604736, 469.424224854, 714.385864258, 844.41217041, 964.456115723, 768.940673828, 485.808441162, 164.644989014, 170.400695801, 141.372055054, 41.873008728, 415.702972412, 46.3818855286, 76.1617507935, 355.07913208, 182.087371826, 28.305437088, 11.6675672531, 10.7944374084, 3.45238041878, 1.77970576286, 2.54119825363, 2.38317680359, 0.458871275187, 0.42439815402, 0.316526740789, 0.25921356678, 0.0690861865878, 0.0150817809626, 0.00142730644438, 5.51158118469e-05, 1.01437422018e-06, 3.0359220915e-08, 7.15091152959e-10, 9.24329640606e-11], "dmean": [0.00641310680658, 0.136908397079, 1.2423671484, 3.67238736153, 5.65472459793, 3.99351620674, 7.80040216446, 9.28057003021, 10.4401960373, 7.97699356079, 6.63757038116, 6.17202854156, 3.16303610802, 5.90528297424, 4.49896383286, 3.08146572113, 6.26067972183, 2.95859670639, 4.2126083374, 7.33200740814, 4.45484447479, 1.98999452591, 1.26065838337, 0.9871494174, 0.560083389282, 0.431374251842, 0.355404675007, 0.287005722523, 0.157217562199, 0.129525616765, 0.109481707215, 0.0823057293892, 0.0472705550492, 0.0221660286188, 0.00728291692212, 0.00162187428214, 0.000268268602667, 4.43435310444e-05, 5.43421538168e-06, 5.39089569429e-06], "max": [0.81472414732, 12.2388591766, 186.448638916, 267.628143311, 539.022521973, 244.153335571, 703.041320801, 970.911193848, 1092.24499512, 2055.8762207, 1652.68481445, 1269.13745117, 637.006103516, 366.777954102, 675.57824707, 183.694198608, 1123.05004883, 185.649307251, 182.159133911, 997.852783203, 639.585632324, 208.813690186, 98.9993667603, 128.511489868, 99.1976089478, 47.5708122253, 99.1468276978, 99.7011184692, 22.3176231384, 18.2049808502, 22.9127349854, 27.1214485168, 12.0475273132, 5.12264728546, 1.07800376415, 0.262352138758, 0.0401860773563, 0.00488644326106, 0.000780181027949, 0.000337641366059], "var": [0.00588895985857, 0.847389996052, 47.9734458923, 206.175521851, 1313.50830078, 283.614685059, 1977.81958008, 2764.20019531, 2087.15820313, 6380.87744141, 3988.40673828, 2465.96533203, 409.995758057, 721.910705566, 575.430603027, 157.952667236, 1153.25305176, 142.112289429, 254.279556274, 1357.6673584, 478.361755371, 117.876235962, 38.1713447571, 32.5216560364, 10.3105201721, 5.53204536438, 5.27209234238, 7.03352069855, 1.96203041077, 1.67272233963, 1.02989602089, 0.561308085918, 0.163684442639, 0.0347223170102, 0.00336505635642, 0.000122797995573, 2.85300848191e-06, 5.32303303657e-08, 6.42685848984e-10, 7.73418051825e-10], "mean": [0.0365761891007, 0.45841217041, 2.72846245766, 8.24493217468, 14.8906497955, 11.026892662, 23.6705760956, 25.2193527222, 22.388507843, 23.8674163818, 19.0835990906, 16.26014328, 7.67269182205, 14.8093299866, 10.6334133148, 7.5839138031, 12.8820428848, 6.57242441177, 9.59727287292, 16.2381744385, 9.50856685638, 4.93333435059, 2.9715294838, 2.28639554977, 1.34348571301, 0.998276054859, 0.746848165989, 0.636453390121, 0.40288233757, 0.32590341568, 0.261515617371, 0.179075494409, 0.102403961122, 0.0458264648914, 0.0152113121003, 0.00354283885099, 0.000665698491503, 0.000115363814984, 1.46088768815e-05, 2.35107727349e-05]}, "spectral_strongpeak": {"dmean2": 0.433887094259, "median": 0.479321181774, "min": 0, "dvar2": 0.504875659943, "dvar": 0.200043618679, "dmean": 0.256097227335, "max": 7.91648721695, "var": 0.512754619122, "mean": 0.690206348896}, "spectral_energy": {"dmean2": 0.00759388040751, "median": 0.011559093371, "min": 1.0636996609e-20, "dvar2": 0.000197617540834, "dvar": 7.67843303038e-05, "dmean": 0.00481489812955, "max": 0.309579849243, "var": 0.000631957431324, "mean": 0.0208479613066}, "average_loudness": 0.0450753718615, "spectral_rolloff": {"dmean2": 257.678131104, "median": 452.197265625, "min": 86.1328125, "dvar2": 271951.8125, "dvar": 108038.273438, "dmean": 150.053466797, "max": 18195.5566406, "var": 835870.4375, "mean": 759.680541992}, "spectral_centroid": {"dmean2": 123.844711304, "median": 453.830993652, "min": 183.748016357, "dvar2": 31819.5039063, "dvar": 15951.8447266, "dmean": 78.7718200684, "max": 11128.0410156, "var": 360205.40625, "mean": 671.639709473}, "pitch_salience": {"dmean2": 0.0849784463644, "median": 0.556828916073, "min": 0.139150932431, "dvar2": 0.00628003338352, "dvar": 0.00234824814834, "dmean": 0.0518264099956, "max": 0.895142912865, "var": 0.01416235324, "mean": 0.554550170898}, "spectral_energyband_middle_high": {"dmean2": 0.000689474924002, "median": 0.000853358535096, "min": 1.66154069238e-21, "dvar2": 1.53689006765e-06, "dvar": 6.97624443546e-07, "dmean": 0.000464725017082, "max": 0.0255894120783, "var": 5.77045375394e-06, "mean": 0.00183494784869}, "spectral_contrast_coeffs": {"dmean2": [0.0685002058744, 0.0588867478073, 0.0437534227967, 0.0402818731964, 0.0293616298586, 0.0192376915365], "median": [-0.582319140434, -0.678760945797, -0.74236291647, -0.744242489338, -0.75551700592, -0.800260722637], "min": [-0.931451618671, -0.971279919147, -0.971180438995, -0.950578868389, -0.960879206657, -0.958958387375], "dvar2": [0.00334537425078, 0.00249255169183, 0.0013339392608, 0.00104547955561, 0.000559517298825, 0.000271176802926], "dvar": [0.00120145909023, 0.000934889365453, 0.000535854662303, 0.000417026370997, 0.00022929442639, 0.000111130575533], "dmean": [0.0409624502063, 0.0353771187365, 0.02755629085, 0.0246967542917, 0.0180441942066, 0.0118419891223], "max": [-0.219300433993, -0.369164913893, -0.457053303719, -0.518290638924, -0.522714197636, -0.538197219372], "var": [0.0133494846523, 0.00763864256442, 0.00494997948408, 0.00445902813226, 0.00408437103033, 0.00261841365136], "mean": [-0.572826981544, -0.681691706181, -0.740857005119, -0.74512553215, -0.759118795395, -0.800842702389]}, "melbands_skewness": {"dmean2": 0.70796507597, "median": 2.40857696533, "min": -0.692035079002, "dvar2": 0.455111891031, "dvar": 0.180066362023, "dmean": 0.439152568579, "max": 12.0313568115, "var": 1.43541932106, "mean": 2.49148654938}, "spectral_spread": {"dmean2": 408256.625, "median": 2105216, "min": 751340.1875, "dvar2": 211171459072, "dvar": 125806944256, "dmean": 239297.703125, "max": 41422500, "var": 1578267836420.0, "mean": 2443231.5}, "dissonance": {"dmean2": 0.0426133871078, "median": 0.425196528435, "min": 0.209835067391, "dvar2": 0.00160084886011, "dvar": 0.000583090004511, "dmean": 0.0253183506429, "max": 0.500000119209, "var": 0.00210898555815, "mean": 0.42108476162}, "spectral_skewness": {"dmean2": 0.867976665497, "median": 3.14903736115, "min": -0.00424928311259, "dvar2": 0.660449922085, "dvar": 0.218354135752, "dmean": 0.497392296791, "max": 9.42626476288, "var": 1.9871430397, "mean": 3.37948274612}, "spectral_flux": {"dmean2": 0.0199330821633, "median": 0.0350424423814, "min": 9.32849843593e-07, "dvar2": 0.000634048774373, "dvar": 0.000250083015999, "dmean": 0.0123507082462, "max": 0.246058136225, "var": 0.00102828757372, "mean": 0.0422175489366}, "spectral_contrast_valleys": {"dmean2": [0.595606863499, 0.450297027826, 0.391668409109, 0.35495197773, 0.271720141172, 0.202500700951], "median": [-7.94997882843, -7.16931056976, -8.12701416016, -8.90060138702, -9.88845348358, -12.4690971375], "min": [-28.1715774536, -26.9629554749, -27.0569763184, -27.3849506378, -27.2247943878, -27.2648162842], "dvar2": [0.278549015522, 0.148703083396, 0.116396926343, 0.097888238728, 0.0642102956772, 0.0406128689647], "dvar": [0.112909793854, 0.0669231489301, 0.0525448210537, 0.0464628562331, 0.033526007086, 0.0217237118632], "dmean": [0.356136113405, 0.274129211903, 0.240341722965, 0.217549234629, 0.168788567185, 0.125101566315], "max": [-5.50800895691, -4.909907341, -5.72797393799, -5.84966945648, -6.40258455276, -8.24442005157], "var": [2.11428618431, 1.29841339588, 1.33321905136, 1.50550174713, 1.53010332584, 1.01303958893], "mean": [-8.15842914581, -7.33558034897, -8.29090213776, -8.91478252411, -9.75118541718, -12.3406295776]}, "erbbands_flatness_db": {"dmean2": 0.0163367595524, "median": 0.233412861824, "min": 0.0369232073426, "dvar2": 0.000226000513067, "dvar": 9.10814123927e-05, "dmean": 0.0103957597166, "max": 0.366168379784, "var": 0.00198873784393, "mean": 0.230200544}, "spectral_energyband_high": {"dmean2": 3.08164781018e-05, "median": 6.66359028401e-06, "min": 7.68804925762e-21, "dvar2": 1.89112121518e-08, "dvar": 7.09925140896e-09, "dmean": 1.90028458746e-05, "max": 0.00403808848932, "var": 3.14661363632e-08, "mean": 5.7349101553e-05}, "spectral_entropy": {"dmean2": 0.186131820083, "median": 6.3729724884, "min": 4.86733436584, "dvar2": 0.0310884490609, "dvar": 0.0122080985457, "dmean": 0.116477370262, "max": 9.8004026413, "var": 0.432113438845, "mean": 6.43844175339}, "silence_rate_20dB": {"dmean2": 0, "median": 1, "min": 1, "dvar2": 0, "dvar": 0, "dmean": 0, "max": 1, "var": 0, "mean": 1}, "melbands_flatness_db": {"dmean2": 0.0257456991822, "median": 0.328366100788, "min": 0.00888678897172,