{"tonal": {"thpcp": [1, 0.919202387333, 0.602548778057, 0.347384721041, 0.254608094692, 0.216870427132, 0.316305875778, 0.394039899111, 0.335034608841, 0.360521703959, 0.417745381594, 0.443331539631, 0.54343265295, 0.551016628742, 0.478286802769, 0.492309719324, 0.466439247131, 0.342544823885, 0.275497406721, 0.268367826939, 0.323127180338, 0.691833496094, 0.901512682438, 0.572724640369, 0.296968787909, 0.234636127949, 0.215223237872, 0.315805107355, 0.42804312706, 0.449473708868, 0.528889536858, 0.583880245686, 0.562541306019, 0.656661450863, 0.853853821754, 0.959454894066], "hpcp": {"dmean2": [0.336337655783, 0.271691858768, 0.194370016456, 0.152496039867, 0.127873569727, 0.163585007191, 0.194548413157, 0.18254365027, 0.208584368229, 0.222848922014, 0.228701218963, 0.273691087961, 0.264714121819, 0.226923778653, 0.235106110573, 0.224404200912, 0.188743457198, 0.168836906552, 0.171319410205, 0.191215008497, 0.278466403484, 0.331966072321, 0.256660461426, 0.190455392003, 0.153767675161, 0.141524553299, 0.174807742238, 0.225829750299, 0.232950925827, 0.256114244461, 0.301499009132, 0.332359582186, 0.38249501586, 0.401371508837, 0.389670282602, 0.370512038469], "median": [0.131915450096, 0.0710630565882, 0.0314063467085, 0.0210376009345, 0.0190240107477, 0.0322813093662, 0.0393981263041, 0.0351889170706, 0.031293515116, 0.032810498029, 0.0398132242262, 0.0536560304463, 0.0543266385794, 0.0436244122684, 0.0382867157459, 0.0377183333039, 0.0277990233153, 0.0231151655316, 0.0187811926007, 0.0321383364499, 0.100488394499, 0.132267683744, 0.0765643641353, 0.0254047289491, 0.0192322339863, 0.0195943601429, 0.025758812204, 0.0297732800245, 0.0414930470288, 0.0509130693972, 0.0476091057062, 0.0468437038362, 0.0641024634242, 0.0965611934662, 0.11110034585, 0.158711582422], "min": [0, 0, 0, 0, 0, 0, 0, 0, 0, 0, 0, 0, 0, 0, 0, 0, 0, 0, 0, 0, 0, 0, 0, 0, 0, 0, 0, 0, 0, 0, 0, 0, 0, 0, 0, 0], "dvar2": [0.135812431574, 0.113310135901, 0.0864902436733, 0.0705647319555, 0.0559660792351, 0.0733455494046, 0.0899493768811, 0.086963199079, 0.103644669056, 0.108765363693, 0.111431926489, 0.12599645555, 0.12135796994, 0.10625243187, 0.113079681993, 0.107157841325, 0.0929536819458, 0.0694181621075, 0.0847980827093, 0.0841478258371, 0.105887584388, 0.130654200912, 0.107304446399, 0.0984194800258, 0.0811746567488, 0.0749705284834, 0.0801897868514, 0.108982525766, 0.106464281678, 0.112744644284, 0.14783769846, 0.161094471812, 0.184016883373, 0.179058879614, 0.175215065479, 0.141542494297], "dvar": [0.0544167645276, 0.0434154011309, 0.0323892347515, 0.0256611295044, 0.0202304143459, 0.0276818871498, 0.0347233973444, 0.0319961979985, 0.0378053821623, 0.0414850339293, 0.0429674051702, 0.050126850605, 0.0468904189765, 0.0405174866319, 0.0431137122214, 0.04202484712, 0.0347018614411, 0.0252301972359, 0.0309875849634, 0.0303757917136, 0.0419009402394, 0.054916780442, 0.0412557944655, 0.0358673408628, 0.0288453251123, 0.0263716988266, 0.0306233074516, 0.0443533994257, 0.0413303151727, 0.0441750250757, 0.0576130785048, 0.0622249469161, 0.0711148828268, 0.0710229799151, 0.069306127727, 0.0566010437906], "dmean": [0.194376572967, 0.157099381089, 0.110884733498, 0.085928440094, 0.0725379139185, 0.0935271754861, 0.112495057285, 0.103339649737, 0.118281178176, 0.126775711775, 0.132104992867, 0.157662138343, 0.153487756848, 0.130130425096, 0.135449707508, 0.129535913467, 0.107572935522, 0.0936203300953, 0.0954029038548, 0.108322329819, 0.162694126368, 0.196372613311, 0.148607119918, 0.107028126717, 0.0857924297452, 0.0780925452709, 0.100609309971, 0.130899503827, 0.134639963508, 0.147522494197, 0.17075291276, 0.186292797327, 0.216390103102, 0.231561258435, 0.225451529026, 0.218255534768], "max": [1, 1, 1, 1, 1, 1, 1, 1, 1, 1, 1, 1, 1, 1, 1, 1, 1, 1, 1, 1, 1, 1, 1, 1, 1, 1, 1, 1, 1, 1, 1, 1, 1, 1, 1, 1], "var": [0.0982769727707, 0.0598626956344, 0.0338125415146, 0.0229921583086, 0.0174986496568, 0.0284992326051, 0.040536314249, 0.03081192635, 0.0366929024458, 0.0475253537297, 0.0480402857065, 0.0591495335102, 0.0591606609523, 0.0523295737803, 0.0576566979289, 0.0541375428438, 0.0366165153682, 0.022642949596, 0.0265757646412, 0.0272756312042, 0.0629510357976, 0.0964025706053, 0.0506193600595, 0.0287615191191, 0.0215110871941, 0.0186798982322, 0.0307801812887, 0.0515509583056, 0.0450012981892, 0.0581715703011, 0.0708815008402, 0.065221555531, 0.0760824084282, 0.0988348275423, 0.11591733247, 0.100820973516], "mean": [0.275039464235, 0.180291846395, 0.103942841291, 0.0761826485395, 0.0648909583688, 0.0946435704827, 0.11790278554, 0.100247494876, 0.107873626053, 0.124995827675, 0.132651597261, 0.162603393197, 0.164872631431, 0.143110752106, 0.147306621075, 0.139565780759, 0.102494671941, 0.082433052361, 0.0802997723222, 0.0966846123338, 0.207007199526, 0.269746422768, 0.171368002892, 0.0888576209545, 0.0702067315578, 0.0643980950117, 0.0944937318563, 0.128077074885, 0.134489431977, 0.158251866698, 0.174705937505, 0.168320983648, 0.196483179927, 0.255486160517, 0.287083625793, 0.299215346575]}, "tuning_equal_tempered_deviation": 0.102117791772, "chords_changes_rate": 0.0880794674158, "key_key": "A", "tuning_diatonic_strength": 0.727603197098, "key_scale": "major", "chords_number_rate": 0.0036423841957, "tuning_frequency": 442.804626465, "tuning_nontempered_energy_ratio": 0.797150433064, "chords_histogram": [30.529800415, 16.3907279968, 4.90066242218, 7.64900684357, 0.397350996733, 0, 0.0331125818193, 0, 0, 0.0662251636386, 14.8344373703, 1.15894043446, 0, 0, 0, 0.264900654554, 0, 8.34437084198, 5.86092710495, 2.91390728951, 0.761589407921, 0, 2.54966878891, 3.34437084198], "key_strength": 0.720459401608, "chords_key": "A", "chords_strength": {"dmean2": 0.0151807758957, "median": 0.547779500484, "min": 0.313229650259, "dvar2": 0.000168183178175, "dvar": 0.000112276386062, "dmean": 0.0130634317175, "max": 0.803909122944, "var": 0.00756612699479, "mean": 0.552759051323}, "chords_scale": "major", "hpcp_entropy": {"dmean2": 1.24945223331, "median": 2.0441904068, "min": 0, "dvar2": 0.952477753162, "dvar": 0.350636810064, "dmean": 0.738741219044, "max": 4.30989408493, "var": 0.632589399815, "mean": 1.99557733536}}, "metadata": {"audio_properties": {"equal_loudness": 0, "codec": "mp3", "downmix": "mix", "sample_rate": 44100, "analysis_sample_rate": 44100, "bit_rate": 192036, "md5_encoded": "807bb504a417c221139f252f860de5ca", "length": 140.173065186, "replay_gain": -6.16776847839, "lossless": false}, "version": {"essentia_build_sha": "2d9f1f26377add8aeb1075a9c2973f962c4f09fd", "essentia": "2.1-beta2", "extractor": "music 1.0", "essentia_git_sha": "v2.1_beta2-1-ge3940c0"}, "tags": {"title": ["Heartbreakin' Mama"], "language": ["eng"], "acoustid_fingerprint": ["AQADtFESRdEiJYwgUmnRD7mOa0EfXnBkoV-Oz0YfNKlm_EGyqsilZPCP3vhy_MhinVCrHPmJRg-ezGjWHrUu42OMXIcWibUQrWLRJ8aZ49HRi8cNk0d_PEvoIMwLbYzx5AhFZRGmjENvZmDCJUieHN8DR76KMU0JfWGRU5GGq5hsNCPjZHh-hO2RLNeOJzqeL2jWHFcDfx6qNL9wKkieGpHktCOat8Df4DmFky8eRdFx5Qj0K8M3ptA2ZfIQJtqNJ7iPXykavkj2vMi7YwdvODmu40uOlIqqILmUxegtNM-D48ePS1EUwjx3nA9yHck5PKLwPKi3wg-HStkZkM1xXUPyDHl0YiKl5Gge48KPPj8apcN_9OGDJuRzRM_xC8qzC_mO04bVLAxOPXhuXGOD50V8JFOaE80VPPzwDdcGWwsi_kfSKKdAMbsMpJt4_NAffDkmJT_CJ6GEcM0eOGYyaD_2vNAdawh7Ek3EH3-Evmju4nrAoxmJsEp46C_OC-EfovmH7Ilx6vh3iJo3HXcYHV83wTe-KIQWSiOqHHqS4WnRRjlS5eiT47I2g2mUSkF6aNc-RD9-_MgbHWJ3vDny_TiT4jNSDuehL1eIkUcvUWge_IKe4zryHLG1KtCSeEfJI_-IUwn85HhwZkGeXAKTK06giUa-BO-Fh2h2I6d4nB7EusH9Y9sTo88WQ91M5MeYHo9SwdXy4D3yiDrap2CS43nR1FaQvSumhMdznBQekjIuoW8XNL_x49zxC86Fx7iu4ETyGiEbbDGew1rqwqWJ3kqGL0d4xYFHbvh-UM2hyQx-MBkTVUH7PCIe_OBxFV9yUOcUxDs-Ctdz-Pj24YkjwvmOXT7R6EelJ8ePZESKKS-PU2BbVHyGP0eSLxGihdrR10efBN7ho3I_4caP08V_Icx-lHkc6Jkj4Rm0nGkQKhemuEEpH_2D5sXzIcyhicyFnBPewc9xM8eDqcsoojmaFT1eSUEmhcyR1HqEPg8aPsiV8Gi6Q9NQpYX-I_yHM6pxxczQFz_-wMpqtFGDvBeSo_mTYXKWs7gSESeL73hL1KJTNPaR83gqoo8iNOvx4z-0fdjyiRqaI3-JnApxJYGO8PngaDosXaiZCPUWNEg-ZL7QKOWDWw-a5zieMEdKVlB8B3kSpXB1PJpwHaNzNMmP0OqgL0kOusdb6MSrwxceHycPDenhM6FQL8kTnDsuHQ0jhDweKSn0ZBPEI6umHY-Yw1GX4hf6JIVLG3aDUouORw-uH-6DGyuH60KYL4VI5bhSzNASPcGLN8lRXwsa6CmHLGhmxQFnGv3RSx5uFlc-YZqYB83wJMgH_UEohltE-HNQesf-BmdY4ayOGldq9AlaXmCS5Igl5sbV4KJ0GLn0BK9YjJOPh8KL_IIrQqeR6_Bx6diXEomim4ia50NlKQ56HVOOK8eNszg3HOxyqfie4KnQ_EKWZxR-7EEe56iSHz9cx6ij2fiPI5nE5AjDKceHy4b3PPhFXEJ_Fs3RF82x64HjLMd15FWVCvaE7IvBGE3SKwpyhhX0PCvyoyeaJ8El9Ame5Ed5vDhyqE9w_aBe5EwOjON1dJnmDE0-fPiFj0rwBX2On3jkHP6F8DrWD7qmCqF24a0EG1eCyi26H9TFIryeQadSIdeOS0f3I0wWrsIPLU4y1D3-w9cOPh80E4204kFvNCd-oVdOiF_wHnkq-AclH76PdzHoaHBk5UL_FXlKJD_ANMqOh2mCJrqC9RHy5BBy1vCP481xFpe8oDp-oWRYITmRH7-KyvmC5tqOkzmRp4eWLM4Qkhl6WMebKC18HuWiHEcOLVtjhBbRb4afpYWPXjl6XHxxJfhJ9HiCc3kQZieSPcdzoRlDtHnxJBdK_vDIQFSzo_WJioP3HL2DK9gQQw-Vw8oRO1GM5npQH9keaDwa6aGgnzj5GD96Bv5RC33I47qEUznO8ohhnsMTxca5tKDMo-eHL5QCJpWUHaHEGBKPowtziDGF9Ogl4xH2REf1HG8Qak-PP8EzuIee4CO62XCqZcN5-DE0-mhyTIoUHVcmBk8Fc3qQB71qNK_wKDucZhduK8WTwbNxqwkiOrkHbQyDJj1yjAnZ5LizMEQvw5USHcUlr7h23HEU4WGQfiF0JUEc50aFZ8vRh1TwFeHRJF7wqYT-QT-8SirOo5GiROhjodTWQcsfBTqVCl95VMuKRrmgJ0KvI1LkHpUuNG_x5Ogvws8qVDoS08gZifhveFuDT8eXZ2iiPUtRWzgZJOtyNMfM6MbFg1cONSXO6UfzB-Fxi8fVwNOJ-MbT5YIfRYnxJPlR-9ByFe_Q_ML0RDrSY5ZwB2F0IVEkzwm-Hw9RSn3QHO9xyUTzXbhWdPODb0-EM0eYI5nEjNLw7fh0NNOWo0rp4ReuMDm-B_tTIVkQ6j--a7h2XA4HP8JOxDT0hTk-5bhzsNQUiB--hDNK7ccUHeU3wdKJrUoLTUxoPNC6HGHG41qFK3oKJh4-48dnEX16fIMOZtWzwhNz9CXO4TyeHGFELSU0UnSGJzFxJj_UhtKQnjGDO-CPn8cm76h-I8wPvcEeBTqqJFGK-DL6K-AXBf2CxglySVCVpYgzW-AXJ7ji4EOzJWiPOOko6Ek2JXC8lLhyHE0ObbmPajnSMZGPXIGWHn_xHLudBI4UHx_-I3mG6kpwLVGHihl-IkyENnqgMyGD6CmL1BmLM1UDPdIRJp-DKmGW4tTReElG-DkRUi6uLHmCd-PQhA76aRry46EjNMqPntmEJzmae6COMjeeTOlY_FTQPBl6HT-iD3rUDj8qiyKahyE-jE2WCU119DiDPA8ROmvx7PjhY3rG4s-xQz9u5Mvh7ErwnCWOJ2iaGox1pXgBoigSgAiBiRCIKQcYE0AJooAwjiBhnAKMIkWEYkAIggxBRjEEAAIMKSAsAAIRAJAwABGAKFDAMSIcQAoIIIgBGDGgAGKAIQuAIIoR5BBCghJAFEIIJAgUEAYAIoACBAMgFABIGcIIAsAITg0AADiEoUAGQACIIogAIwQwAimIoAHKCGMIUAoAAIBBSHDFgFIACAE4M4gpQgAFSjCHDDBMIGKQRAYCoYyiSBFiBFEEGAGAA4QIISB1AkDAACBEEAAYIYAYxAAQDClkOJJAGGsQIIgCABgyAhlioAACACIIQAIIIogBBIAnCABAAOAQEYoxAYgywDgADSEKaAGkAQg4oAwAQghDGAJOEIAUdBJIgSAwABGDiaAEEmMcYoAAKJhRbBDDDAKAEAAAE0gxhggRQAhFCJCIAAEBEAIYpgxQwDBkHGAAAACAEAgKAQRASBpEhJCMOGGAIUwQBagwRBlClAASIAoQkUAAAoBClBIgjGCQMEGgIAwCJgAyAgBOBHBECIOEOAYIIgwQwChDAAKAKMGclEwQIwwgCDEDmQDACAMMUI44hKSAwhAEEBWCYQCIAIAAcQRDBgBiJIIKAQIUkEAo5YACDCAQiENICgEQAYAQIhQTSAAkjCJCESEIMcwYaICyQBnIAALCAMIcMAwYBwRQABjjBAIIMACIAIQxIoARUBNlmEAGCCCgUAABYghSCFHAiAIKEGoEQQIIAIQCFBFjBIAmEOIEMQAYQpByRgAHjBIGSSYIYMAoQSwQBCADCABKImKEAkAQAYhigCjBAWQAGEUBIIIJQQQCJAGABAQEIQMAIEIwgIiQwAkCHAdEAIIoQQwRBKQABJkBgCHEC0mEAEAoJIQxgiCCgCQACGGYogYBCIRgQgGinABECACAI4IRQIiQABFEgBCAMSKEUMIQBIBBhBAFhhRIIMuYMYQhKhghnBhlCAOCU-EA"], "date": ["1956"], "genre": ["Rock & Roll"], "musicbrainz_releasegroupid": ["781e1d1c-b728-42ec-a79e-8d1181dc62ec"], "musicbrainz album type": ["Other"], "musicbrainz_recordingid": ["0df3f552-9d86-4e3d-ad32-8180df05883d"], "musicbrainz album release country": ["DE"], "musicbrainz_albumartistid": ["17995d1c-5b3c-4ee9-98f5-105ee3b4ada1"], "musicbrainz_albumid": ["068f0ad7-fb3b-484a-b2dc-58b33e0b2d9a"], "artist": ["Skeets McDonald"], "bpm": ["87.70"], "album": ["Somethin' Else: The Ultimate Collection (Disc 7)"], "catalognumber": ["BCD 15989"], "tracknumber": ["02"], "label": ["Bear Family Records"], "acoustid_id": ["1fa511b7-1a90-4a04-8e4d-92ed570fcfc2"], "musicbrainz_artistid": ["344fa214-0adb-4b3c-83c6-03e20299148f"], "file_name": "Skeets McDonald - Heartbreakin' Mama.mp3"}}, "rhythm": {"bpm_histogram_first_peak_bpm": {"dmean2": 0, "median": 172, "min": 172, "dvar2": 0, "dvar": 0, "dmean": 0, "max": 172, "var": 0, "mean": 172}, "bpm": 172.265945435, "bpm_histogram_second_peak_spread": {"dmean2": 0, "median": 0, "min": 0, "dvar2": 0, "dvar": 0, "dmean": 0, "max": 0, "var": 0, "mean": 0}, "bpm_histogram_first_peak_weight": {"dmean2": 0, "median": 0.382133990526, "min": 0.382133990526, "dvar2": 0, "dvar": 0, "dmean": 0, "max": 0.382133990526, "var": 0, "mean": 0.382133990526}, "onset_rate": 4.55808401108, "beats_position": [0.301859408617, 0.626938760281, 0.940408170223, 1.27709746361, 1.63700675964, 1.99691605568, 2.34521532059, 2.69351458549, 3.04181408882, 3.40172338486, 3.75002264977, 4.1099319458, 4.45823097229, 4.79492044449, 5.13160991669, 5.47990942001, 5.8282084465, 6.17650794983, 6.52480697632, 6.87310647964, 7.22140598297, 7.55809497833, 7.89478445053, 8.24308395386, 8.59138298035, 8.93968200684, 9.27637195587, 9.61306095123, 9.94974994659, 10.2980499268, 10.6347389221, 10.9830379486, 11.3197278976, 11.656416893, 12.0047159195, 12.3530158997, 12.689704895, 13.0380039215, 13.3746938705, 13.6997728348, 14.0480718613, 14.3731517792, 14.6982307434, 15.0233106613, 15.3599996567, 15.696688652, 16.0217685699, 16.3584575653, 16.6951465607, 17.031835556, 17.3801364899, 17.7168254852, 18.0535144806, 18.390203476, 18.7385025024, 19.0635814667, 19.4002723694, 19.7369613647, 20.062040329, 20.3871192932, 20.7121982574, 21.0721092224, 21.4204082489, 21.7570972443, 22.1053962708, 22.430475235, 22.7903842926, 23.1502952576, 23.5102043152, 23.8701133728, 24.2300224304, 24.589931488, 24.9498405457, 25.3097496033, 25.6696586609, 26.0295696259, 26.4010887146, 26.7493877411, 27.1092967987, 27.4692058563, 27.8291149139, 28.1890239716, 28.5605430603, 28.932062149, 29.3151912689, 29.6983222961, 30.0582313538, 30.4181404114, 30.778049469, 31.1263484955, 31.4862575531, 31.8345565796, 32.171245575, 32.5079345703, 32.8562355042, 33.204536438, 33.5412254333, 33.8779144287, 34.2029914856, 34.5512924194, 34.8995895386, 35.2478904724, 35.5961914063, 35.9444885254, 36.2811775208, 36.6178665161, 36.96616745, 37.3028564453, 37.6395454407, 37.9878463745, 38.3361434937, 38.672832489, 39.0095214844, 39.3578224182, 39.7061233521, 40.0312004089, 40.3678894043, 40.7161903381, 41.0528793335, 41.4011802673, 41.7378692627, 42.0745582581, 42.3996353149, 42.7247161865, 43.0614051819, 43.4097061157, 43.7463951111, 44.0946922302, 44.4313812256, 44.7680702209, 45.139591217, 45.4995002747, 45.8710212708, 46.2309303284, 46.6024475098, 46.9623565674, 47.322265625, 47.6705665588, 48.0304756165, 48.3903846741, 48.7386856079, 49.0985946655, 49.4701118469, 49.841632843, 50.2015419006, 50.5498390198, 50.8981399536, 51.2580490112, 51.6179580688, 51.9778671265, 52.3377761841, 52.6976852417, 53.0575942993, 53.3826751709, 53.73097229, 54.0792732239, 54.4275741577, 54.7758712769, 55.1241722107, 55.4492492676, 55.7859382629, 56.122631073, 56.4709281921, 56.819229126, 57.1675262451, 57.515827179, 57.8641242981, 58.2124252319, 58.5491142273, 58.8858032227, 59.2341041565, 59.5824012756, 59.9307022095, 60.2789993286, 60.6156921387, 60.9639892578, 61.3006782532, 61.6373672485, 61.9740562439, 62.3223571777, 62.6590461731, 63.0073471069, 63.3556442261, 63.7039451599, 64.0406341553, 64.3657150269, 64.6907958984, 65.0274810791, 65.3641738892, 65.7008590698, 66.0375518799, 66.3742370605, 66.7109298706, 67.0592269897, 67.3843078613, 67.7326049805, 68.0809020996, 68.4292068481, 68.7658920288, 69.1025848389, 69.4392700195, 69.7991790771, 70.1474838257, 70.4725646973, 70.8208618164, 71.1575469971, 71.4942398071, 71.8425369263, 72.1908340454, 72.5391387939, 72.8642196655, 73.2125167847, 73.5492019653, 73.8858947754, 74.2225799561, 74.5592727661, 74.9075698853, 75.2558746338, 75.6041717529, 75.9524688721, 76.3007659912, 76.6374588013, 76.9741516113, 77.310836792, 77.6475296021, 77.9726028442, 78.3209075928, 78.6575927734, 78.9942855835, 79.3425827026, 79.6908798218, 80.0275726318, 80.3642578125, 80.712562561, 81.0608596802, 81.4091567993, 81.7574615479, 82.0941467285, 82.4308395386, 82.7791366577, 83.1158294678, 83.4873428345, 83.8588638306, 84.2187728882, 84.5786819458, 84.9269790649, 85.2868881226, 85.6468048096, 85.9951019287, 86.3317871094, 86.6800918579, 87.0400009155, 87.3999099731, 87.7714233398, 88.1197280884, 88.479637146, 88.8511581421, 89.1994552612, 89.5593643188, 89.9192733765, 90.2791824341, 90.6390914917, 90.9990005493, 91.3589096069, 91.7072067261, 92.0671157837, 92.3921966553, 92.7404937744, 93.0887985229, 93.4370956421, 93.7853927612, 94.1104736328, 94.4355545044, 94.7838516235, 95.1089324951, 95.4572296143, 95.8055343628, 96.1538314819, 96.5021286011, 96.8504257202, 97.1871185303, 97.5354156494, 97.8721084595, 98.2087936401, 98.5454864502, 98.8937835693, 99.2420806885, 99.5787734985, 99.9270706177, 100.263763428, 100.612060547, 100.948753357, 101.285438538, 101.622131348, 101.958816528, 102.307121277, 102.655418396, 103.003715515, 103.340408325, 103.677093506, 104.002174377, 104.350471497, 104.687164307, 105.035461426, 105.372154236, 105.720451355, 106.068748474, 106.428657532, 106.788566589, 107.160087585, 107.531608582, 107.891517639, 108.251426697, 108.599723816, 108.959632874, 109.33115387, 109.691062927, 110.062583923, 110.422492981, 110.805618286, 111.165527344, 111.525436401, 111.885353088, 112.268478394, 112.628387451, 112.97668457, 113.324989319, 113.684898376, 114.033195496, 114.369888306, 114.706573486, 115.054870605, 115.379951477, 115.728248596, 116.064941406, 116.401634216, 116.749931335, 117.086616516, 117.434921265, 117.771606445, 118.119903564, 118.468208313, 118.816505432, 119.164802551, 119.5131073, 119.861404419, 120.1980896, 120.546394348, 120.883079529, 121.219772339, 121.55645752, 121.904762268, 122.253059387, 122.589744568, 122.926437378, 123.274734497, 123.611427307, 123.959724426, 124.296417236, 124.633102417, 124.958183289, 125.294876099, 125.619949341, 125.956642151, 126.293327332, 126.64163208, 126.978317261, 127.315010071, 127.640090942, 127.988388062, 128.336685181, 128.6849823, 129.021682739, 129.35836792, 129.683441162, 130.031738281, 130.368438721, 130.71673584, 131.053421021, 131.40171814, 131.750015259, 132.098312378, 132.446624756, 132.783309937, 133.119995117, 133.468292236, 133.804992676, 134.153289795, 134.501586914, 134.838272095, 135.174957275, 135.511657715, 135.859954834, 136.208251953, 136.544937134, 136.881637573, 137.218322754, 137.555007935, 137.903305054, 138.251602173, 138.61151123, 138.971420288, 139.342941284, 139.702850342], "beats_loudness": {"dmean2": 0.0292465575039, "median": 0.0367184653878, "min": 7.21490778233e-07, "dvar2": 0.000640615471639, "dvar": 0.000245760194957, "dmean": 0.0172180365771, "max": 0.0983559340239, "var": 0.000399957119953, "mean": 0.0377631187439}, "danceability": 1.12587285042, "bpm_histogram_second_peak_weight": {"dmean2": 0, "median": 0.31513646245, "min": 0.31513646245, "dvar2": 0, "dvar": 0, "dmean": 0, "max": 0.31513646245, "var": 0, "mean": 0.31513646245}, "beats_count": 404, "bpm_histogram_second_peak_bpm": {"dmean2": 0, "median": 178, "min": 178, "dvar2": 0, "dvar": 0, "dmean": 0, "max": 178, "var": 0, "mean": 178}, "bpm_histogram_first_peak_spread": {"dmean2": 0, "median": 0, "min": 0, "dvar2": 0, "dvar": 0, "dmean": 0, "max": 0, "var": 0, "mean": 0}, "beats_loudness_band_ratio": {"dmean2": [0.491674363613, 0.225395783782, 0.297635257244, 0.293764561415, 0.165561661124, 0.0602505132556], "median": [0.301941871643, 0.0982410013676, 0.151083752513, 0.108517691493, 0.0742090791464, 0.0257489252836], "min": [0.000217596898437, 0.00405075401068, 0.00243183900602, 0.00116552028339, 0.00119286356494, 0.00117527262773], "dvar2": [0.134534478188, 0.0411933064461, 0.0747836977243, 0.0704727694392, 0.0266495421529, 0.00386043637991], "dvar": [0.0606630705297, 0.0144569715485, 0.0248235017061, 0.0281027276069, 0.0109272608534, 0.00145036762115], "dmean": [0.276182919741, 0.125636413693, 0.169008091092, 0.168358117342, 0.0985020622611, 0.0336456634104], "max": [0.973779141903, 0.795245826244, 0.809248447418, 0.857741177082, 0.79119437933, 0.303039014339], "var": [0.0768095180392, 0.0178872402757, 0.0280466582626, 0.0344861485064, 0.0210313349962, 0.00137945555616], "mean": [0.363281369209, 0.14594528079, 0.199001193047, 0.173805460334, 0.128485560417, 0.036150380969]}}, "lowlevel": {"barkbands_spread": {"dmean2": 8.45385456085, "median": 17.9197978973, "min": 1.21212232113, "dvar2": 112.187973022, "dvar": 43.9808998108, "dmean": 5.39805364609, "max": 73.6387863159, "var": 99.11693573, "mean": 19.0804080963}, "melbands_spread": {"dmean2": 11.3687143326, "median": 22.6291389465, "min": 0.877786636353, "dvar2": 212.534011841, "dvar": 85.5201034546, "dmean": 7.29165649414, "max": 188.484039307, "var": 279.255157471, "mean": 25.6178760529}, "hfc": {"dmean2": 9.80516719818, "median": 17.0591487885, "min": 1.157821247e-16, "dvar2": 125.841804504, "dvar": 65.9591598511, "dmean": 6.74929189682, "max": 85.1661758423, "var": 271.270446777, "mean": 20.3827342987}, "barkbands_kurtosis": {"dmean2": 4.46434402466, "median": 0.838598370552, "min": -1.87730836868, "dvar2": 79.7040328979, "dvar": 34.677898407, "dmean": 2.89458298683, "max": 126.611183167, "var": 79.5433883667, "mean": 3.69987797737}, "gfcc": {"mean": [-28.7127437592, 111.267883301, -140.63885498, 33.2255325317, -55.3500022888, 3.45028424263, -29.5509147644, 7.2453122139, -16.6345176697, -4.0090341568, -16.2724609375, -3.79025030136, -10.7915220261], "icov": [[0.000194561042008, -0.000304583460093, 0.000452753243735, -0.000468007579912, 0.00047358951997, -0.000371838046703, 0.000117103525554, -0.00016244201106, -2.86584872811e-06, -0.000106276253064, 0.000255602819379, -0.00019134201284, 0.000168877420947], [-0.000304583460093, 0.00564193725586, -0.00317371217534, 0.00351149984635, -0.00369802070782, 0.00336240045726, -0.00401113647968, 0.00338354730047, -0.0035572652705, 0.00324272993021, -0.00383691233583, 0.00460069673136, -0.00290439953096], [0.000452753243735, -0.00317371217534, 0.00490155257285, -0.00455758860335, 0.0042629991658, -0.00229514320381, 0.000151031155838, -0.00112236570567, 0.0013047157554, -0.00275736511685, 0.00452133920044, -0.00392578588799, 0.00313620548695], [-0.000468007579912, 0.00351149984635, -0.00455758860335, 0.00740437116474, -0.0051057934761, 0.00262065674178, -0.000925188825931, 0.00284209125675, -0.00313626579009, 0.00313823926263, -0.00325360218994, 0.00340214185417, -0.00204720953479], [0.00047358951997, -0.00369802070782, 0.0042629991658, -0.0051057934761, 0.00734088849276, -0.00313792075031, 0.00193933851551, -0.00307152187452, 0.00279481662437, -0.00347994617186, 0.00409565633163, -0.00319560593925, 0.00233643874526], [-0.000371838046703, 0.00336240045726, -0.00229514320381, 0.00262065674178, -0.00313792075031, 0.00704724015668, -0.00604583928362, 0.00356033514254, -0.00135797774419, -0.000519261753652, -0.000457650312455, 0.0014889636077, -0.000758278765716], [0.000117103525554, -0.00401113647968, 0.000151031155838, -0.000925188825931, 0.00193933851551, -0.00604583928362, 0.013119048439, -0.00736290030181, 0.00345754041336, 0.00157154537737, -0.00222956063226, -0.00177873705979, 0.00187103520148], [-0.00016244201106, 0.00338354730047, -0.00112236570567, 0.00284209125675, -0.00307152187452, 0.00356033514254, -0.00736290030181, 0.0136683331802, -0.00539986975491, 0.00175374071114, -0.000400948658353, 0.00183732900769, -0.00133166240994], [-2.86584872811e-06, -0.0035572652705, 0.0013047157554, -0.00313626579009, 0.00279481662437, -0.00135797774419, 0.00345754041336, -0.00539986975491, 0.0125394528732, -0.00713110342622, 0.00377293745987, -0.00346195371822, 0.000662557082251], [-0.000106276253064, 0.00324272993021, -0.00275736511685, 0.00313823926263, -0.00347994617186, -0.000519261753652, 0.00157154537737, 0.00175374071114, -0.00713110342622, 0.0152877923101, -0.0063925399445, 0.0032904103864, -0.000990725005977], [0.000255602819379, -0.00383691233583, 0.00452133920044, -0.00325360218994, 0.00409565633163, -0.000457650312455, -0.00222956063226, -0.000400948658353, 0.00377293745987, -0.0063925399445, 0.0158625859767, -0.00718841329217, 0.00364166568033], [-0.00019134201284, 0.00460069673136, -0.00392578588799, 0.00340214185417, -0.00319560593925, 0.0014889636077, -0.00177873705979, 0.00183732900769, -0.00346195371822, 0.0032904103864, -0.00718841329217, 0.0139393117279, -0.0058274702169], [0.000168877420947, -0.00290439953096, 0.00313620548695, -0.00204720953479, 0.00233643874526, -0.000758278765716, 0.00187103520148, -0.00133166240994, 0.000662557082251, -0.000990725005977, 0.00364166568033, -0.0058274702169, 0.0173206310719]], "cov": [[7002.07910156, 55.9521331787, -515.609741211, 57.0381965637, -121.508865356, 158.131561279, 39.5228767395, 15.4471292496, 78.5087356567, -28.7975406647, 33.8973922729, -68.2899856567, 26.6919384003], [55.9521331787, 554.063842773, 130.935577393, -42.7302894592, 20.1971244812, -67.4460754395, 126.92565918, 1.84080386162, 27.3549976349, -52.3089904785, 39.0420303345, -63.1982917786, 10.8471479416], [-515.609741211, 130.935577393, 985.547058105, 320.52911377, -153.454925537, 141.602661133, 106.469169617, -24.6791191101, 86.8631439209, 30.9190177917, -83.433303833, 60.1218338013, -63.8665161133], [57.0381965637, -42.7302894592, 320.52911377, 424.310821533, 101.992973328, 0.859573662281, -46.2321014404, -33.2624740601, 63.9037437439, 18.4814434052, -52.8458557129, 0.525385558605, -16.9908695221], [-121.508865356, 20.1971244812, -153.454925537, 101.992973328, 355.753509521, 32.2925071716, -19.4108085632, 19.6576747894, -0.730985581875, 23.1404151917, -21.2418041229, -19.744846344, 0.619899272919], [158.131561279, -67.4460754395, 141.602661133, 0.859573662281, 32.2925071716, 355.792724609, 148.300018311, 8.86556434631, -13.0115509033, 29.2817344666, -1.68517947197, 27.3793735504, -30.7689800262], [39.5228767395, 126.92565918, 106.469169617, -46.2321014404, -19.4108085632, 148.300018311, 240.168579102, 63.215297699, -29.8541812897, -30.5327148438, 40.8091316223, 14.3465595245, -20.1749973297], [15.4471292496, 1.84080386162, -24.6791191101, -33.2624740601, 19.6576747894, 8.86556434631, 63.215297699, 124.443061829, 27.4526195526, -0.968400239944, 2.65122556686, 4.89185190201, 1.15335893631], [78.5087356567, 27.3549976349, 86.8631439209, 63.9037437439, -0.730985581875, -13.0115509033, -29.8541812897, 27.4526195526, 155.588470459, 58.9658355713, -19.1409378052, 12.0789270401, 6.02054929733], [-28.7975406647, -52.3089904785, 30.9190177917, 18.4814434052, 23.1404151917, 29.2817344666, -30.5327148438, -0.968400239944, 58.9658355713, 117.832633972, 12.8750734329, 10.810128212, -5.10603284836], [33.8973922729, 39.0420303345, -83.433303833, -52.8458557129, -21.2418041229, -1.68517947197, 40.8091316223, 2.65122556686, -19.1409378052, 12.8750734329, 119.997032166, 31.4376525879, 0.480622470379], [-68.2899856567, -63.1982917786, 60.1218338013, 0.525385558605, -19.744846344, 27.3793735504, 14.3465595245, 4.89185190201, 12.0789270401, 10.810128212, 31.4376525879, 126.385826111, 18.0014801025], [26.6919384003, 10.8471479416, -63.8665161133, -16.9908695221, 0.619899272919, -30.7689800262, -20.1749973297, 1.15335893631, 6.02054929733, -5.10603284836, 0.480622470379, 18.0014801025, 75.1197128296]]}, "spectral_energyband_middle_low": {"dmean2": 0.00674881460145, "median": 0.00692538870499, "min": 4.91615490805e-22, "dvar2": 7.78466419433e-05, "dvar": 3.50488589902e-05, "dmean": 0.00439197430387, "max": 0.0635865032673, "var": 0.000103422091343, "mean": 0.0104470774531}, "melbands_crest": {"dmean2": 5.84161710739, "median": 13.4882125854, "min": 2.10937690735, "dvar2": 23.7484226227, "dvar": 10.5526695251, "dmean": 3.69835495949, "max": 31.7366600037, "var": 36.8442726135, "mean": 14.5165309906}, "spectral_kurtosis": {"dmean2": 3.96874523163, "median": 4.49989509583, "min": -1.2198703289, "dvar2": 16.0111103058, "dvar": 5.5226855278, "dmean": 2.31340789795, "max": 39.447265625, "var": 9.56518650055, "mean": 5.08500480652}, "spectral_rms": {"dmean2": 0.00110451772343, "median": 0.00463721482083, "min": 3.24739974494e-12, "dvar2": 1.2118586028e-06, "dvar": 6.49712717404e-07, "dmean": 0.000785695330705, "max": 0.00995408277959, "var": 4.09749191022e-06, "mean": 0.0045802895911}, "zerocrossingrate": {"dmean2": 0.00917307008058, "median": 0.04833984375, "min": 0.00537109375, "dvar2": 9.06837740331e-05, "dvar": 7.44270801079e-05, "dmean": 0.00738091673702, "max": 0.50341796875, "var": 0.000450893829111, "mean": 0.0503652654588}, "silence_rate_60dB": {"dmean2": 0.0596421472728, "median": 0, "min": 0, "dvar2": 0.0650359243155, "dvar": 0.0289268698543, "dmean": 0.0298161339015, "max": 1, "var": 0.0726164057851, "mean": 0.0788340494037}, "erbbands_kurtosis": {"dmean2": 1.89423680305, "median": 0.174638584256, "min": -1.83706784248, "dvar2": 7.41758584976, "dvar": 3.20045566559, "dmean": 1.22472548485, "max": 39.4856719971, "var": 8.8051071167, "mean": 1.13366782665}, "erbbands": {"dmean2": [0.0362620875239, 0.831134855747, 2.7565612793, 2.18776679039, 9.2037820816, 9.85788345337, 7.96904230118, 10.8360290527, 24.5529098511, 26.4324970245, 34.7560539246, 49.1672897339, 45.0821113586, 62.5071029663, 47.9556312561, 41.4673194885, 30.434211731, 40.7046356201, 43.0153121948, 34.1120948792, 32.6685295105, 24.3351192474, 24.1215286255, 15.4290561676, 12.8565950394, 10.5027322769, 3.73674106598, 3.47822642326, 3.99674582481, 3.52462410927, 2.59780097008, 0.779046237469, 0.342792928219, 0.12976102531, 0.0480520650744, 0.0119365211576, 0.00216676411219, 0.000498088251334, 7.89605473983e-05, 1.33229887069e-05], "median": [0.0142861288041, 0.275929868221, 0.855028748512, 1.06705713272, 2.34945631027, 3.53204035759, 3.03381204605, 4.09479141235, 7.57944440842, 7.58411216736, 8.99713993073, 17.0643119812, 12.6245002747, 13.0382843018, 9.22228050232, 5.81389522552, 6.60925102234, 10.7012443542, 13.0618696213, 10.4433851242, 10.5575780869, 11.5898895264, 11.521188736, 7.30949306488, 6.96757125854, 5.26508522034, 2.34150791168, 1.41353273392, 1.06119477749, 0.764238715172, 0.566340088844, 0.201387017965, 0.0766365006566, 0.0336078181863, 0.0191840343177, 0.00736943073571, 0.00146315444726, 0.000213201448787, 3.11063522531e-05, 2.79162304651e-05], "min": [1.40209284773e-21, 9.36427745458e-21, 1.19139914147e-20, 1.16908667146e-19, 1.58094933348e-19, 2.09878830763e-19, 1.2427817432e-19, 2.0345242581e-19, 8.22026346759e-19, 2.00991964153e-18, 1.90773036904e-18, 2.31857360851e-18, 4.63080687762e-18, 3.58072218309e-18, 3.84048584675e-18, 7.17136970634e-18, 8.1228184895e-18, 5.82134684016e-18, 4.44715334289e-18, 8.30824343151e-18, 6.82394061418e-18, 8.36280012881e-18, 1.08733139674e-17, 1.00679808492e-17, 1.3410061012e-17, 1.3977798907e-17, 1.22441259504e-17, 1.99816941685e-17, 1.970852108e-17, 2.17719429703e-17, 2.52119406381e-17, 1.5420387006e-17, 1.14701950897e-17, 1.00421074668e-17, 7.96847899491e-18, 6.01084606028e-18, 3.42589072282e-18, 1.37148106865e-18, 3.29221942151e-19, 3.37500902096e-20], "dvar2": [0.00450201146305, 3.04866170883, 28.7202091217, 17.3914585114, 340.28717041, 284.384002686, 274.863677979, 655.182800293, 3173.60327148, 3722.71972656, 7710.74072266, 11032.2109375, 12064.7382813, 19755.5410156, 20040.1992188, 17302.9785156, 7004.55712891, 8663.41503906, 9401.29589844, 5760.96533203, 5085.53613281, 1818.51574707, 2143.16552734, 1061.78601074, 536.360229492, 360.082672119, 40.3662261963, 53.4057540894, 91.1180496216, 99.7612991333, 86.1392059326, 6.05326557159, 0.812969267368, 0.0984609127045, 0.0111526595429, 0.000449169398053, 1.49507313836e-05, 1.09239022095e-06, 3.3174789138e-08, 2.04130462533e-10], "dvar": [0.00183338997886, 1.33989906311, 18.5210132599, 7.50436353683, 127.804550171, 118.600234985, 113.433197021, 342.992279053, 1677.7989502, 1937.98498535, 3688.53442383, 4563.86816406, 5110.46386719, 9212.34277344, 9473.53125, 7485.52441406, 3085.21655273, 3577.39013672, 4063.3762207, 2674.33007813, 2527.19384766, 796.327819824, 958.844787598, 467.708251953, 268.428955078, 174.310562134, 18.1010532379, 19.7563114166, 32.5177993774, 34.6296691895, 29.5947723389, 2.10766768456, 0.283475220203, 0.034672062844, 0.00407505128533, 0.000190792910871, 6.22715015197e-06, 4.25997626508e-07, 1.21730421299e-08, 1.06168518421e-10], "dmean": [0.0225615762174, 0.542850852013, 2.15314769745, 1.49465942383, 5.39140176773, 6.07700157166, 4.87911605835, 7.03299427032, 16.261051178, 17.2431411743, 22.1060752869, 30.6195487976, 28.691493988, 40.985370636, 31.6593475342, 26.6233177185, 19.8062038422, 25.7229614258, 27.6917114258, 22.8307304382, 22.2511234283, 15.791258812, 15.7792167664, 10.1428346634, 8.72055244446, 7.02058315277, 2.47075295448, 2.07838773727, 2.30616903305, 1.97668576241, 1.45924139023, 0.438826054335, 0.190351128578, 0.073254160583, 0.028361260891, 0.00753991585225, 0.00137466215529, 0.000309519236907, 4.6455712436e-05, 9.34789659368e-06], "max": [0.694088160992, 17.9277477264, 74.1149291992, 69.2468795776, 144.983947754, 168.194366455, 218.409561157, 432.867462158, 669.462280273, 991.71472168, 1551.2857666, 926.92767334, 1446.96118164, 1909.82507324, 1749.19750977, 1839.04455566, 1588.20324707, 1076.03820801, 1826.20922852, 914.082397461, 1511.5625, 429.670349121, 808.31829834, 457.196502686, 338.097503662, 201.553665161, 93.5393981934, 75.2205810547, 113.316619873, 95.1472854614, 146.418457031, 33.9139442444, 10.1136007309, 3.03849840164, 1.24597227573, 0.2544272542, 0.0412163473666, 0.00946465879679, 0.00160782865714, 0.000110308799776], "var": [0.00319665181451, 2.54110002518, 70.3793869019, 17.6979942322, 138.435699463, 199.320526123, 171.608764648, 867.976318359, 4741.52636719, 5463.82666016, 10344.3007813, 6038.51806641, 9517.40332031, 30734.7597656, 17265.7363281, 13736.6279297, 5923.78271484, 5582.27832031, 7164.38769531, 6106.77587891, 7367.41894531, 2181.24121094, 2292.65991211, 1158.03491211, 643.890197754, 505.294952393, 40.0992012024, 19.3278007507, 24.9983654022, 21.2493572235, 17.349691391, 1.30842030048, 0.177071452141, 0.0232661534101, 0.00348119973205, 0.0003086134966, 1.3015789591e-05, 6.72618170938e-07, 1.16145999485e-08, 5.10274156262e-10], "mean": [0.0343109592795, 0.926888883114, 4.32481002808, 2.68129348755, 6.32639694214, 8.58121013641, 7.23952674866, 11.8482065201, 29.2169151306, 29.5501194, 35.3733215332, 43.6575012207, 44.5485267639, 71.6254730225, 47.9616737366, 39.1978683472, 29.2858409882, 37.2995796204, 42.5421943665, 38.7087516785, 41.8558158875, 30.2886791229, 29.5772209167, 19.152923584, 16.52709198, 13.5196208954, 4.512196064, 2.91433978081, 2.61496901512, 1.93709480762, 1.43122136593, 0.456792771816, 0.185905963182, 0.0776279717684, 0.0369390062988, 0.0133633706719, 0.00277127278969, 0.000527555064764, 6.49370558676e-05, 3.16176810884e-05]}, "spectral_strongpeak": {"dmean2": 1.33601939678, "median": 0.652530908585, "min": 1.1726951632e-09, "dvar2": 3.61223244667, "dvar": 1.5109565258, "dmean": 0.82097452879, "max": 12.6057367325, "var": 2.99143099785, "mean": 1.41472029686}, "spectral_energy": {"dmean2": 0.0112194875255, "median": 0.0220413543284, "min": 1.08092448546e-20, "dvar2": 0.00015390268527, "dvar": 7.80784612289e-05, "dmean": 0.00785563047975, "max": 0.101560853422, "var": 0.000363476516213, "mean": 0.0257033780217}, "average_loudness": 0.941942095757, "spectral_rolloff": {"dmean2": 656.483398438, "median": 1270.45898438, "min": 86.1328125, "dvar2": 1310282.25, "dvar": 527469.8125, "dmean": 389.267852783, "max": 18561.6210938, "var": 891916.3125, "mean": 1422.85949707}, "spectral_centroid": {"dmean2": 394.421295166, "median": 1319.10583496, "min": 223.241439819, "dvar2": 226649.953125, "dvar": 99537.015625, "dmean": 258.993835449, "max": 10986.3652344, "var": 342780.8125, "mean": 1370.87268066}, "pitch_salience": {"dmean2": 0.130605280399, "median": 0.547431826591, "min": 0.103338100016, "dvar2": 0.0117437681183, "dvar": 0.00493948720396, "dmean": 0.0833223834634, "max": 0.869167983532, "var": 0.0154971247539, "mean": 0.539835333824}, "spectral_energyband_middle_high": {"dmean2": 0.00485126022249, "median": 0.00524639431387, "min": 1.66240038668e-21, "dvar2": 4.00467688451e-05, "dvar": 2.09974659811e-05, "dmean": 0.00333185726777, "max": 0.062012847513, "var": 8.74253018992e-05, "mean": 0.00849487632513}, "spectral_contrast_coeffs": {"dmean2": [0.0930359736085, 0.0903504937887, 0.0776787772775, 0.0590011887252, 0.0450461059809, 0.0308195240796], "median": [-0.63209426403, -0.728821396828, -0.729225933552, -0.767295539379, -0.770592451096, -0.73434984684], "min": [-0.970026254654, -0.970138013363, -0.960898935795, -0.957353770733, -0.963248729706, -0.960565984249], "dvar2": [0.00581759260967, 0.00515311723575, 0.00410960707814, 0.00233173905872, 0.00145325541962, 0.000670885725413], "dvar": [0.00226788921282, 0.00222452357411, 0.00185621273704, 0.00107238360215, 0.000705286394805, 0.000271509721642], "dmean": [0.0568520091474, 0.0562195815146, 0.0500810556114, 0.0377672538161, 0.0298652499914, 0.0190566573292], "max": [-0.270885020494, -0.331998854876, -0.415427267551, -0.502439260483, -0.504787921906, -0.604032576084], "var": [0.0084255868569, 0.00880858302116, 0.00830740761012, 0.00549649912864, 0.00393931847066, 0.00110879796557], "mean": [-0.627041339874, -0.71313136816, -0.719425320625, -0.757640659809, -0.763241827488, -0.735972642899]}, "melbands_skewness": {"dmean2": 1.11206531525, "median": 1.5337511301, "min": -2.13849210739, "dvar2": 1.31766116619, "dvar": 0.658456861973, "dmean": 0.753399014473, "max": 13.4134368896, "var": 3.59300088882, "mean": 2.00602865219}, "spectral_spread": {"dmean2": 804092.4375, "median": 3288827.25, "min": 1206067.75, "dvar2": 923406827520, "dvar": 519332036608, "dmean": 497860.625, "max": 40452452, "var": 1131871600640.0, "mean": 3493601.75}, "dissonance": {"dmean2": 0.0397330224514, "median": 0.46390402317, "min": 0.221182465553, "dvar2": 0.0015638716286, "dvar": 0.000619486847427, "dmean": 0.0240499414504, "max": 0.499999940395, "var": 0.00155624060426, "mean": 0.452741116285}, "spectral_skewness": {"dmean2": 0.470540195704, "median": 1.42150402069, "min": -0.275969415903, "dvar2": 0.182942956686, "dvar": 0.0678631737828, "dmean": 0.28228366375, "max": 3.86053705215, "var": 0.166538357735, "mean": 1.45170235634}, "spectral_flux": {"dmean2": 0.0451861061156, "median": 0.0795379281044, "min": 1.03967515153e-10, "dvar2": 0.00188485532999, "dvar": 0.000794733699877, "dmean": 0.0286304596812, "max": 0.265152394772, "var": 0.00219790334813, "mean": 0.0865187868476}, "spectral_contrast_valleys": {"dmean2": [0.703394770622, 0.704265594482, 0.654401659966, 0.538699090481, 0.465947598219, 0.673836410046], "median": [-7.50274753571, -6.79377794266, -7.4467124939, -7.75121593475, -7.60711097717, -10.8153419495], "min": [-27.0332355499, -27.5506267548, -27.5136814117, -27.274066925, -27.0942153931, -27.2468185425], "dvar2": [0.320657581091, 0.367054581642, 0.331330627203, 0.22525896132, 0.183576315641, 0.484048217535], "dvar": [0.149933308363, 0.174821555614, 0.171890810132, 0.134044542909, 0.114298775792, 0.218131676316], "dmean": [0.430753529072, 0.434590250254, 0.421110063791, 0.358021378517, 0.320765554905, 0.435454785824], "max": [-5.75647687912, -4.82809495926, -5.02385282516, -5.55207538605, -5.81699419022, -8.34117794037], "var": [1.08301854134, 1.02293205261, 0.916070222855, 0.823578417301, 0.740610957146, 0.803967356682], "mean": [-7.70915174484, -6.95359802246, -7.53392982483, -7.84036111832, -7.70529937744, -10.9073095322]}, "erbbands_flatness_db": {"dmean2": 0.0313578620553, "median": 0.192845016718, "min": 0.0844867751002, "dvar2": 0.000779872993007, "dvar": 0.000411479151808, "dmean": 0.0213802680373, "max": 0.396196216345, "var": 0.00237114541233, "mean": 0.1936519593}, "spectral_energyband_high": {"dmean2": 0.000376169919036, "median": 0.000190140242921, "min": 7.68744502803e-21, "dvar2": 6.14598604898e-07, "dvar": 2.22273854433e-07, "dmean": 0.000227858181461, "max": 0.00714333401993, "var": 2.06851538564e-07, "mean": 0.000333137693815}, "spectral_entropy": {"dmean2": 0.310146659613, "median": 7.40409946442, "min": 5.45422172546, "dvar2": 0.0779967606068, "dvar": 0.0353709869087, "dmean": 0.20845644176, "max": 9.7913684845, "var": 0.128166034818, "mean": 7.37530946732}, "silence_rate_20dB": {"dmean2": 0, "median": 1, "min": 1, "dvar2": 0, "dvar": 0, "dmean": 0, "max": 1, "var": 0, "mean": 1}, "melbands_flatness_db": {"dmean2": 0.0450585372746, "median": 0.198421984911, "min": 0.00592678692192, "dvar2": 0.00188284111209, "dvar": 0.0008400878869, "dmean": 0.0298415962607, "max":