{"tonal": {"thpcp": [1, 0.786948800087, 0.650198638439, 0.753859162331, 0.856566309929, 0.770092070103, 0.637531161308, 0.490266352892, 0.372859567404, 0.393486261368, 0.394346028566, 0.39237010479, 0.554979801178, 0.634833395481, 0.500832021236, 0.426248759031, 0.532699346542, 0.697556555271, 0.65345621109, 0.553598105907, 0.597825288773, 0.548168063164, 0.44933205843, 0.4540104568, 0.48439142108, 0.521990358829, 0.49713948369, 0.7016518116, 0.91565823555, 0.63159173727, 0.36815059185, 0.373952776194, 0.402824491262, 0.420920550823, 0.565419137478, 0.882664203644], "hpcp": {"dmean2": [0.418779075146, 0.427992492914, 0.346760600805, 0.265386670828, 0.209025934339, 0.206473484635, 0.215814992785, 0.220010310411, 0.27574467659, 0.304803878069, 0.275417655706, 0.23604631424, 0.249976962805, 0.295143008232, 0.270337790251, 0.2551009655, 0.278590023518, 0.272124409676, 0.232994437218, 0.230447202921, 0.219868585467, 0.229175373912, 0.23254224658, 0.331644892693, 0.482475459576, 0.311524569988, 0.200117900968, 0.194967985153, 0.202201083302, 0.234119385481, 0.303462207317, 0.370582550764, 0.381892710924, 0.390093743801, 0.401265621185, 0.429953992367], "median": [0.116660788655, 0.104912668467, 0.0882501006126, 0.0722218006849, 0.0541554540396, 0.0543501973152, 0.0553900003433, 0.0522481575608, 0.0815045461059, 0.100305199623, 0.0766476467252, 0.060772575438, 0.0966539233923, 0.126955792308, 0.1106601879, 0.100261300802, 0.103029049933, 0.0915205180645, 0.0774105265737, 0.0830244198442, 0.0829479247332, 0.0890869423747, 0.0884148478508, 0.12746822834, 0.12080077827, 0.101380333304, 0.0621515288949, 0.0655099004507, 0.0721026062965, 0.0705426558852, 0.0885552018881, 0.160643696785, 0.191122636199, 0.136323690414, 0.0852565318346, 0.101525060833], "min": [0, 0, 0, 0, 0, 0, 0, 0, 0, 0, 0, 0, 0, 0, 0, 0, 0, 0, 0, 0, 0, 0, 0, 0, 0, 0, 0, 0, 0, 0, 0, 0, 0, 0, 0, 0], "dvar2": [0.195865064859, 0.209822043777, 0.167444750667, 0.125093370676, 0.100352481008, 0.0978501066566, 0.0999428629875, 0.115079283714, 0.138199225068, 0.157824635506, 0.146969035268, 0.12816926837, 0.0942972749472, 0.109853357077, 0.100938774645, 0.0996763631701, 0.125869974494, 0.12315735966, 0.0982262790203, 0.0988480746746, 0.0845373570919, 0.0837325304747, 0.0954511985183, 0.106895901263, 0.253698140383, 0.0914640054107, 0.0713728517294, 0.0638538822532, 0.0635279715061, 0.0809989199042, 0.122679501772, 0.149788066745, 0.149119108915, 0.172488987446, 0.198444977403, 0.210181370378], "dvar": [0.0733649879694, 0.0764057412744, 0.0612374320626, 0.0443288050592, 0.0334799773991, 0.034397251904, 0.0349677465856, 0.0396218448877, 0.0479619428515, 0.0542963929474, 0.0479581654072, 0.0430865399539, 0.0338126458228, 0.0408578515053, 0.0377832874656, 0.0350601263344, 0.0433092266321, 0.0428553111851, 0.0345184132457, 0.0329065211117, 0.0291012022644, 0.0307364817709, 0.0318030975759, 0.0400344803929, 0.0998139977455, 0.0347832329571, 0.0251974388957, 0.0231277942657, 0.023560103029, 0.0294840950519, 0.0441400445998, 0.0556035377085, 0.0555845014751, 0.0616730414331, 0.0723556056619, 0.077731706202], "dmean": [0.234874501824, 0.238655149937, 0.193293660879, 0.14970266819, 0.115492016077, 0.115283347666, 0.120694711804, 0.122298114002, 0.154924735427, 0.171061933041, 0.153245016932, 0.131477966905, 0.141865178943, 0.169160306454, 0.155629754066, 0.145171195269, 0.160888522863, 0.154998242855, 0.131600737572, 0.130700066686, 0.125491544604, 0.13093803823, 0.133545488119, 0.186508059502, 0.26476457715, 0.175066575408, 0.111968792975, 0.10924693197, 0.115053616464, 0.13142028451, 0.169094458222, 0.210165888071, 0.220109388232, 0.219538629055, 0.220820575953, 0.239277899265], "max": [1, 1, 1, 1, 1, 1, 1, 1, 1, 1, 1, 1, 1, 1, 1, 1, 1, 1, 1, 1, 1, 1, 1, 1, 1, 1, 1, 1, 1, 1, 1, 1, 1, 1, 1, 1], "var": [0.0999974310398, 0.0854916125536, 0.0646943897009, 0.0423873178661, 0.029009681195, 0.0343936346471, 0.0331880040467, 0.0367126502097, 0.0531631223857, 0.063029922545, 0.0429748445749, 0.0377795100212, 0.0378448292613, 0.0587897785008, 0.0552166327834, 0.0386996865273, 0.0477213785052, 0.0441568754613, 0.0325010307133, 0.0299006756395, 0.0342657528818, 0.0411147624254, 0.0351000055671, 0.0506203733385, 0.114384584129, 0.0478209815919, 0.0242452230304, 0.0245781727135, 0.024850487709, 0.0288071390241, 0.0492399185896, 0.0801700651646, 0.0928542762995, 0.0707424730062, 0.0704414322972, 0.0853393301368], "mean": [0.26635569334, 0.239465877414, 0.198245063424, 0.152451977134, 0.115943461657, 0.122357487679, 0.122624844313, 0.122010409832, 0.172575116158, 0.197406187654, 0.15573745966, 0.132545232773, 0.165646836162, 0.216910421848, 0.203197091818, 0.172145456076, 0.18589822948, 0.170456945896, 0.139723151922, 0.141177937388, 0.150625124574, 0.162316799164, 0.154589235783, 0.218183875084, 0.284730762243, 0.196398168802, 0.1144791767, 0.116283409297, 0.12526127696, 0.130888387561, 0.175821304321, 0.274471014738, 0.310957461596, 0.244707599282, 0.20218411088, 0.234418138862]}, "tuning_equal_tempered_deviation": 0.206094875932, "chords_changes_rate": 0.106887049973, "key_key": "D", "tuning_diatonic_strength": 0.455744028091, "key_scale": "minor", "chords_number_rate": 0.00440771365538, "tuning_frequency": 434.193115234, "tuning_nontempered_energy_ratio": 0.876946389675, "chords_histogram": [14.7107439041, 2.86501383781, 0.578512370586, 3.93939399719, 2.50688695908, 3.19559240341, 0.798898100853, 2.56198358536, 4.93112945557, 13.0303030014, 9.11845684052, 1.07438015938, 0.550964176655, 0.0550964176655, 0.550964176655, 0.192837461829, 0.826446294785, 15.3443527222, 4.54545450211, 4.71074390411, 10.1377410889, 1.23966944218, 2.42424249649, 0.110192835331], "key_strength": 0.442630380392, "chords_key": "C#", "chords_strength": {"dmean2": 0.0163235627115, "median": 0.474912643433, "min": 0.21394559741, "dvar2": 0.000196696753846, "dvar": 0.000122565194033, "dmean": 0.0132729783654, "max": 0.792189598083, "var": 0.0101411528885, "mean": 0.476578354836}, "chords_scale": "major", "hpcp_entropy": {"dmean2": 1.13921606541, "median": 2.64032793045, "min": 0, "dvar2": 0.789641678333, "dvar": 0.277556836605, "dmean": 0.673876941204, "max": 4.59542131424, "var": 0.568058848381, "mean": 2.57295036316}}, "metadata": {"audio_properties": {"equal_loudness": 0, "codec": "mp3", "downmix": "mix", "sample_rate": 44100, "analysis_sample_rate": 44100, "bit_rate": 199010, "md5_encoded": "2790ddacf0468f35c554f72823024616", "length": 168.490859985, "replay_gain": 1.9473400116, "lossless": false}, "version": {"essentia_build_sha": "e76a03f03bb3900de42a1fa0d9be1e72f12def64", "essentia": "2.1-beta1", "extractor": "music 1.0", "essentia_git_sha": "v2.1_beta1-28-g21ef5f4-dirty"}, "tags": {"title": ["Go on Git Now"], "replaygain_album_gain": ["-0.19 dB"], "albumartist": ["Off With Their Heads"], "date": ["2008"], "file_name": "04 - Off With Their Heads - Go on Git Now.mp3", "replaygain_track_gain": ["+0.64 dB"], "replaygain_track_peak": ["0.323213"], "acoustid_id": ["1fce0e7c-3642-4389-ad0d-6b06de022f9e"], "musicbrainz_recordingid": ["0df89844-ca0f-4f34-9010-458a6fed71b0"], "musicbrainz_albumartistid": ["552eb96a-7e91-439d-82d2-099804b75939"], "musicbrainz_albumid": ["bfe08d45-8cdd-4a53-81a4-a84c093c8825"], "artist": ["Off With Their Heads"], "tracknumber": ["4/12"], "replaygain_album_peak": ["0.326772"], "album": ["From the Bottom"], "discnumber": ["1/1"], "musicbrainz_artistid": ["552eb96a-7e91-439d-82d2-099804b75939"], "musicbrainz_releasegroupid": ["4a8be37a-483a-3eee-9407-8cf25bb21369"]}}, "rhythm": {"bpm_histogram_first_peak_bpm": {"dmean2": 0, "median": 108, "min": 108, "dvar2": 0, "dvar": 0, "dmean": 0, "max": 108, "var": 0, "mean": 108}, "bpm": 106.95375061, "bpm_histogram_second_peak_spread": {"dmean2": 0, "median": 0.565789461136, "min": 0.565789461136, "dvar2": 0, "dvar": 0, "dmean": 0, "max": 0.565789461136, "var": 0, "mean": 0.565789461136}, "bpm_histogram_first_peak_weight": {"dmean2": 0, "median": 0.29139071703, "min": 0.29139071703, "dvar2": 0, "dvar": 0, "dmean": 0, "max": 0.29139071703, "var": 0, "mean": 0.29139071703}, "onset_rate": 1.08007252216, "beats_position": [0.557278871536, 1.11455774307, 1.67183673382, 2.22911548615, 2.7863945961, 3.33206343651, 3.87773227692, 4.42340135574, 4.96907043457, 5.51473903656, 6.06040811539, 6.59446716309, 7.1517457962, 7.69741487503, 8.24308395386, 8.77714252472, 9.33442115784, 9.86848068237, 10.4141492844, 10.95981884, 11.505487442, 12.051156044, 12.6084346771, 13.1657142639, 13.7113828659, 14.2570514679, 14.8143310547, 15.3716096878, 15.9288883209, 16.4745578766, 17.0202255249, 17.5542850494, 18.088344574, 18.6224040985, 19.1564617157, 19.7137413025, 20.2942390442, 20.8863487244, 21.4784584045, 22.0705661774, 22.6394557953, 23.219953537, 23.7772331238, 24.3461227417, 24.9150104523, 25.4839000702, 26.0527877808, 26.6100673676, 27.1905670166, 27.7710647583, 28.3515644073, 28.932062149, 29.5125617981, 30.0930614471, 30.68516922, 31.2772789001, 31.8577766418, 32.4266662598, 32.9955558777, 33.5644454956, 34.1333312988, 34.690612793, 35.2478904724, 35.8051681519, 36.3508377075, 36.9197273254, 37.4770050049, 38.034286499, 38.5915641785, 39.1488418579, 39.7293434143, 40.2982292175, 40.8671188354, 41.4360084534, 41.9932861328, 42.5389556885, 43.0846252441, 43.6419029236, 44.1875724792, 44.7332420349, 45.2905197144, 45.83618927, 46.3934669495, 46.9623565674, 47.5312461853, 48.0885238647, 48.6690254211, 49.2263031006, 49.7719726562, 50.3292503357, 50.8749198914, 51.4089775085, 51.9430389404, 52.5003166199, 53.0692062378, 53.6380958557, 54.2069816589, 54.7874832153, 55.3563690186, 55.936870575, 56.5057601929, 57.0862579346, 57.6551475525, 58.2124252319, 58.7697029114, 59.3269844055, 59.8958702087, 60.4647598267, 61.0452613831, 61.6257591248, 62.2062568665, 62.7867546082, 63.3672561646, 63.9361457825, 64.5050354004, 65.0623092651, 65.6195907593, 66.1768722534, 66.7341461182, 67.3030395508, 67.871925354, 68.4408187866, 68.9980926514, 69.5553741455, 70.1242599487, 70.6815414429, 71.238822937, 71.8077087402, 72.3765945435, 72.9338760376, 73.5027618408, 74.0832672119, 74.6637649536, 75.2442626953, 75.8131484985, 76.3704299927, 76.9277114868, 77.49659729, 78.0770950317, 78.6459884644, 79.2032623291, 79.7605438232, 80.3294296265, 80.8983230591, 81.4672088623, 82.0360946655, 82.6049880981, 83.1738739014, 83.742767334, 84.3000411987, 84.8457107544, 85.4029922485, 85.9602737427, 86.5175476074, 87.0748291016, 87.6321105957, 88.1893844604, 88.7466659546, 89.3039474487, 89.8612213135, 90.4185028076, 90.9757843018, 91.5330581665, 92.0671157837, 92.6243972778, 93.1932830811, 93.7621765137, 94.3194503784, 94.8767318726, 95.4340133667, 95.9912872314, 96.5485687256, 97.0942382812, 97.6515197754, 98.1971893311, 98.7544631958, 99.3117446899, 99.8690261841, 100.426300049, 100.995193481, 101.564079285, 102.121360779, 102.690246582, 103.259140015, 103.804801941, 104.362083435, 104.930976868, 105.488250732, 106.057144165, 106.626029968, 107.194915771, 107.775421143, 108.355918884, 108.924804688, 109.505302429, 110.062583923, 110.631469727, 111.211967468, 111.780860901, 112.338134766, 112.907028198, 113.475914001, 114.033195496, 114.625305176, 115.217414856, 115.797912598, 116.401634216, 117.005348206, 117.597457886, 118.201179504, 118.793289185, 119.397003174, 120.012336731, 120.627662659, 121.231384277, 121.835098267, 122.438819885, 123.030929565, 123.634643555, 124.226753235, 124.807250977, 125.399360657, 125.991470337, 126.583580017, 127.175689697, 127.767799377, 128.348297119, 128.94039917, 129.532516479, 130.12461853, 130.71673584, 131.308837891, 131.9009552, 132.493057251, 133.085174561, 133.677276611, 134.269378662, 134.861495972, 135.441986084, 136.034103394, 136.626205444, 137.218322754, 137.810424805, 138.402542114, 138.983032227, 139.575149536, 140.155639648, 140.712921143, 141.281814575, 141.839096069, 142.407974243, 142.976867676, 143.545761108, 144.079818726, 144.625488281, 145.171157837, 145.740036011, 146.308929443, 146.877822876, 147.446716309, 148.003982544, 148.561264038, 149.118545532, 149.675827026, 150.233108521, 150.778778076, 151.324447632, 151.881713867, 152.438995361, 152.996276855, 153.55355835, 154.110839844, 154.668121338, 155.236999512, 155.805892944, 156.247070312, 156.688247681, 157.129425049, 157.547393799, 157.96534729, 158.383300781, 158.801269531, 159.230834961, 159.660400391, 160.078369141, 160.496322632, 160.914276123, 161.332244873, 161.761810303, 162.191375732, 162.609344482, 163.027297974, 163.445251465, 163.863220215, 164.281173706, 164.710739136, 165.151931763, 165.593109131, 166.034286499, 166.475463867, 166.916641235, 167.357818604, 167.798995972], "beats_loudness": {"dmean2": 0.0380811356008, "median": 0.0592525713146, "min": 0, "dvar2": 0.00137705507223, "dvar": 0.000482080940856, "dmean": 0.0222278628498, "max": 0.216150686145, "var": 0.00102495145984, "mean": 0.0592512488365}, "danceability": 1.01796245575, "bpm_histogram_second_peak_weight": {"dmean2": 0, "median": 0.109271526337, "min": 0.109271526337, "dvar2": 0, "dvar": 0, "dmean": 0, "max": 0.109271526337, "var": 0, "mean": 0.109271526337}, "beats_count": 303, "bpm_histogram_second_peak_bpm": {"dmean2": 0, "median": 101, "min": 101, "dvar2": 0, "dvar": 0, "dmean": 0, "max": 101, "var": 0, "mean": 101}, "bpm_histogram_first_peak_spread": {"dmean2": 0, "median": 0.555555522442, "min": 0.555555522442, "dvar2": 0, "dvar": 0, "dmean": 0, "max": 0.555555522442, "var": 0, "mean": 0.555555522442}, "beats_loudness_band_ratio": {"dmean2": [0.317338585854, 0.122163653374, 0.16251835227, 0.113799288869, 0.0327642001212, 0.157858744264], "median": [0.349665284157, 0.0719166696072, 0.119490064681, 0.141004562378, 0.0360214114189, 0.201715365052], "min": [0, 0, 0, 0, 0, 0], "dvar2": [0.0572768636048, 0.0169940069318, 0.0234252363443, 0.0115307727829, 0.00088657066226, 0.0194145981222], "dvar": [0.019836589694, 0.00623551616445, 0.00859414972365, 0.00413574511185, 0.000341180566465, 0.00753734121099], "dmean": [0.186980202794, 0.071008682251, 0.0927898287773, 0.0654247403145, 0.0189060084522, 0.0927071124315], "max": [0.919509351254, 0.549729704857, 0.662610411644, 0.510917782784, 0.265333563089, 0.779487252235], "var": [0.0326085686684, 0.00730548985302, 0.0131402174011, 0.00742431683466, 0.00140717404429, 0.0159841794521], "mean": [0.370192795992, 0.0944246277213, 0.151063680649, 0.138768225908, 0.040994822979, 0.221088781953]}}, "lowlevel": {"barkbands_spread": {"dmean2": 11.3358707428, "median": 30.3369522095, "min": 0.645576953888, "dvar2": 110.946807861, "dvar": 44.1569862366, "dmean": 7.00592422485, "max": 120.05796814, "var": 201.948242188, "mean": 30.7825012207}, "melbands_spread": {"dmean2": 8.94957637787, "median": 22.9438972473, "min": 0.418541491032, "dvar2": 80.8729934692, "dvar": 33.4956626892, "dmean": 5.48965501785, "max": 168.508163452, "var": 169.044906616, "mean": 23.4009170532}, "hfc": {"dmean2": 75.8941192627, "median": 282.955078125, "min": 1.09376755674e-16, "dvar2": 6334.60742188, "dvar": 2523.65380859, "dmean": 46.6832504272, "max": 1074.12841797, "var": 19080.1777344, "mean": 248.644638062}, "barkbands_kurtosis": {"dmean2": 5.07756948471, "median": 2.31174325943, "min": -1.84602212906, "dvar2": 143.816436768, "dvar": 51.2138938904, "dmean": 2.98783516884, "max": 185.860565186, "var": 88.2872238159, "mean": 4.735268116}, "gfcc": {"mean": [3.96496868134, 104.191429138, -100.23752594, -17.0114994049, -12.3430175781, -8.45963954926, 5.97062015533, -15.043586731, 6.0315694809, -5.56531381607, 0.460886210203, -2.94548749924, -6.88077497482], "icov": [[0.00016567161947, -0.00033076867112, 0.00089359190315, -0.000405307189794, 0.000479944981635, -0.000390719564166, -0.000139405339723, -3.94692360715e-05, 0.000359030585969, -0.000395946000936, -0.000300791230984, 0.00021673545416, 3.87373038393e-05], [-0.00033076867112, 0.00318251736462, -0.00256738602184, 0.00277104321867, -0.00143698591273, 0.00134013080969, 0.000274679943686, 0.000528059958015, -0.0030080222059, 0.00252985209227, 0.0005726426607, 0.000291597476462, -0.0025219519157], [0.00089359190315, -0.00256738602184, 0.00958815403283, -0.00635671894997, 0.00537431193516, -0.00594800384715, 0.00203208997846, -4.000129411e-05, 0.00186293560546, -0.0016545598628, -0.00401780568063, 0.00340270646848, -0.000645626510959], [-0.000405307189794, 0.00277104321867, -0.00635671894997, 0.0101311979815, -0.00581043493003, 0.00486477231607, -0.00280683068559, -0.0013255267404, 0.0029904358089, -0.00242325151339, 0.00828761048615, -0.00839942414314, 0.00594376120716], [0.000479944981635, -0.00143698591273, 0.00537431193516, -0.00581043493003, 0.0116769848391, -0.00460706930608, -3.60365738743e-05, 0.00225788727403, -0.0026862421073, 0.0063328393735, -0.0109527511522, 0.0106110088527, -0.00564860086888], [-0.000390719564166, 0.00134013080969, -0.00594800384715, 0.00486477231607, -0.00460706930608, 0.013389996253, -0.0033042547293, -0.00421852525324, 0.0046093207784, -0.00608138088137, 0.00686438474804, -0.00421885726973, 0.00165127182845], [-0.000139405339723, 0.000274679943686, 0.00203208997846, -0.00280683068559, -3.60365738743e-05, -0.0033042547293, 0.00992550048977, 0.000605162233114, -0.00619218451902, 0.00437228195369, -0.00641200551763, 0.000361687096301, 0.00207048468292], [-3.94692360715e-05, 0.000528059958015, -4.000129411e-05, -0.0013255267404, 0.00225788727403, -0.00421852525324, 0.000605162233114, 0.0157003067434, -0.00307488790713, -0.00450843712315, 0.000782075512689, 0.00531511614099, -0.00802383199334], [0.000359030585969, -0.0030080222059, 0.00186293560546, 0.0029904358089, -0.0026862421073, 0.0046093207784, -0.00619218451902, -0.00307488790713, 0.0251734703779, -0.017246812582, 0.00925436895341, -0.0104238409549, 0.0099695334211], [-0.000395946000936, 0.00252985209227, -0.0016545598628, -0.00242325151339, 0.0063328393735, -0.00608138088137, 0.00437228195369, -0.00450843712315, -0.017246812582, 0.0424168780446, -0.0279670637101, 0.0130032803863, -0.00557364756241], [-0.000300791230984, 0.0005726426607, -0.00401780568063, 0.00828761048615, -0.0109527511522, 0.00686438474804, -0.00641200551763, 0.000782075512689, 0.00925436895341, -0.0279670637101, 0.0455047674477, -0.024063790217, 0.00755033968017], [0.00021673545416, 0.000291597476462, 0.00340270646848, -0.00839942414314, 0.0106110088527, -0.00421885726973, 0.000361687096301, 0.00531511614099, -0.0104238409549, 0.0130032803863, -0.024063790217, 0.046482950449, -0.0206581111997], [3.87373038393e-05, -0.0025219519157, -0.000645626510959, 0.00594376120716, -0.00564860086888, 0.00165127182845, 0.00207048468292, -0.00802383199334, 0.0099695334211, -0.00557364756241, 0.00755033968017, -0.0206581111997, 0.0360027886927]], "cov": [[18736.9355469, 1284.19360352, -2534.30932617, -1030.54492188, 199.858123779, -351.916137695, 747.562011719, -134.441574097, 440.473724365, 131.400466919, 304.197662354, 76.474319458, 47.4826774597], [1284.19360352, 788.576843262, -184.014556885, -333.972900391, 22.019443512, -61.0364570618, -28.4077396393, -19.478597641, 83.0482406616, -20.9828777313, 10.8277721405, 0.0587769709527, 80.7578048706], [-2534.30932617, -184.014556885, 679.546508789, 262.781158447, -127.883415222, 164.401733398, -155.806854248, 81.1641769409, -109.745002747, 20.3204574585, -52.377696991, -12.7474985123, -4.71002101898], [-1030.54492188, -333.972900391, 262.781158447, 395.223327637, 19.2184753418, 29.1651382446, 21.1178779602, 1.96024596691, -61.5167732239, -11.999250412, -30.9152488708, 5.00312423706, -57.3901519775], [199.858123779, 22.019443512, -127.883415222, 19.2184753418, 194.329544067, -18.7575149536, 68.9120635986, -36.3027153015, 19.0045337677, -18.2122535706, 26.9791507721, -9.0354013443, -3.76749968529], [-351.916137695, -61.0364570618, 164.401733398, 29.1651382446, -18.7575149536, 166.155761719, -13.3632335663, 61.9015960693, -28.8206138611, 31.4190273285, -4.32736063004, -6.06292772293, 8.51040077209], [747.562011719, -28.4077396393, -155.806854248, 21.1178779602, 68.9120635986, -13.3632335663, 221.44493103, -24.1315937042, 70.5858917236, 17.6158542633, 49.2759742737, 17.9120635986, -32.6380844116], [-134.441574097, -19.478597641, 81.1641769409, 1.96024596691, -36.3027153015, 61.9015960693, -24.1315937042, 108.965881348, -0.245557188988, 34.265045166, -2.04803800583, -5.03301143646, 19.9641933441], [440.473724365, 83.0482406616, -109.745002747, -61.5167732239, 19.0045337677, -28.8206138611, 70.5858917236, -0.245557188988, 104.806289673, 34.6937446594, 30.2546463013, 12.2079105377, -9.27010440826], [131.400466919, -20.9828777313, 20.3204574585, -11.999250412, -18.2122535706, 31.4190273285, 17.6158542633, 34.265045166, 34.6937446594, 73.226890564, 39.2582168579, 6.58437538147, 0.333557337523], [304.197662354, 10.8277721405, -52.377696991, -30.9152488708, 26.9791507721, -4.32736063004, 49.2759742737, -2.04803800583, 30.2546463013, 39.2582168579, 68.2974777222, 21.9895267487, 1.73101174831], [76.474319458, 0.0587769709527, -12.7474985123, 5.00312423706, -9.0354013443, -6.06292772293, 17.9120635986, -5.03301143646, 12.2079105377, 6.58437538147, 21.9895267487, 43.1634101868, 13.3700675964], [47.4826774597, 80.7578048706, -4.71002101898, -57.3901519775, -3.76749968529, 8.51040077209, -32.6380844116, 19.9641933441, -9.27010440826, 0.333557337523, 1.73101174831, 13.3700675964, 58.0438537598]]}, "spectral_energyband_middle_low": {"dmean2": 0.00897006876767, "median": 0.00973381381482, "min": 2.00572126069e-22, "dvar2": 0.000164377226611, "dvar": 6.7730761657e-05, "dmean": 0.00558570958674, "max": 0.131493732333, "var": 0.000171263469383, "mean": 0.0140936383978}, "melbands_crest": {"dmean2": 8.26231098175, "median": 13.5508184433, "min": 1.67547750473, "dvar2": 49.9405441284, "dvar": 18.7985076904, "dmean": 5.02736234665, "max": 37.1954879761, "var": 39.5374984741, "mean": 14.6255321503}, "spectral_kurtosis": {"dmean2": 7.84231853485, "median": 23.4720039368, "min": -1.22517228127, "dvar2": 98.30128479, "dvar": 39.727432251, "dmean": 5.03251743317, "max": 108.617698669, "var": 116.524986267, "mean": 24.1276435852}, "spectral_rms": {"dmean2": 0.00167315592989, "median": 0.0069611845538, "min": 3.14729861096e-12, "dvar2": 4.38828874394e-06, "dvar": 1.89994943867e-06, "dmean": 0.00108526821714, "max": 0.0179018639028, "var": 7.21878222976e-06, "mean": 0.00681326258928}, "zerocrossingrate": {"dmean2": 0.0499644428492, "median": 0.3056640625, "min": 0.046875, "dvar2": 0.00193806819152, "dvar": 0.00113618758041, "dmean": 0.0383396670222, "max": 0.841796875, "var": 0.0119360247627, "mean": 0.31036105752}, "silence_rate_60dB": {"dmean2": 0.00385887548327, "median": 0, "min": 0, "dvar2": 0.00467088632286, "dvar": 0.00192545016762, "dmean": 0.00192917184904, "max": 1, "var": 0.0486268363893, "mean": 0.0512537881732}, "erbbands_kurtosis": {"dmean2": 1.68170881271, "median": 1.04491376877, "min": -1.79528105259, "dvar2": 3.98481988907, "dvar": 1.4672665596, "dmean": 1.00293183327, "max": 33.0706214905, "var": 3.61053109169, "mean": 1.34745752811}, "erbbands": {"dmean2": [0.966796457767, 2.85137653351, 3.67230963707, 4.4804725647, 5.80053091049, 8.17993927002, 14.6663045883, 23.3503952026, 28.5940170288, 33.9681549072, 66.8862228394, 81.3014678955, 86.4945831299, 56.4348487854, 56.0467758179, 97.4149017334, 56.5633354187, 42.8066978455, 40.1771278381, 22.0920314789, 13.1635627747, 9.9975566864, 8.25906944275, 6.71050596237, 4.51822376251, 3.26116776466, 2.2774450779, 1.78063488007, 1.14546704292, 0.68290245533, 0.39740973711, 0.211012735963, 0.0948470309377, 0.0512536205351, 0.0327525623143, 0.0209509991109, 0.0196210350841, 0.0140898693353, 0.00759931048378, 0.0152114937082], "median": [0.30300116539, 1.30462944508, 1.48885583878, 1.44269776344, 2.65769982338, 3.82856988907, 5.21338605881, 7.98928642273, 13.8560905457, 21.6275405884, 35.4211997986, 41.371723175, 32.1281509399, 37.7985534668, 52.5649719238, 92.5833282471, 64.4157104492, 50.1692810059, 47.6763000488, 26.025680542, 14.6719331741, 12.1167030334, 9.50040626526, 7.40260887146, 4.84023857117, 3.42771577835, 1.98598182201, 1.41297793388, 1.0668566227, 0.628696203232, 0.314287662506, 0.114993266761, 0.0405263528228, 0.016875680536, 0.0107469735667, 0.00938346982002, 0.0148559547961, 0.0217050909996, 0.0263702645898, 0.0574253685772], "min": [1.46908026523e-22, 7.0279368135e-22, 1.65506915519e-21, 1.21711589591e-20, 2.67990879584e-20, 2.97340507875e-20, 9.77808715759e-20, 1.10121598522e-19, 2.4398684784e-19, 2.63082027937e-19, 3.5009623265e-19, 4.07207237833e-19, 8.66113522444e-19, 7.73963896146e-19, 1.01257039939e-18, 1.61730735937e-18, 2.35046100753e-18, 2.08941314597e-18, 2.52441026611e-18, 3.93378851112e-18, 4.17124228648e-18, 5.7816103243e-18, 5.55447149118e-18, 6.66204689264e-18, 6.89532754181e-18, 9.26771338507e-18, 1.11984339985e-17, 1.25438689074e-17, 9.84925857882e-18, 1.16945397068e-17, 1.27999234932e-17, 1.08168845332e-17, 9.86359610038e-18, 7.47297051103e-18, 7.18614646081e-18, 3.85152209048e-18, 2.28244814961e-18, 1.01021882831e-18, 2.61065981989e-19, 2.88583928674e-20], "dvar2": [3.81780791283, 20.9761734009, 48.8108558655, 122.573822021, 114.790847778, 313.655914307, 1726.89306641, 2904.5793457, 3050.30297852, 3246.73779297, 15415.8896484, 23696.59375, 29027.046875, 9281.36132812, 5924.85644531, 14306.4775391, 4249.37841797, 2381.10546875, 1992.61450195, 714.481872559, 326.611633301, 201.09866333, 174.341003418, 142.959899902, 77.7999954224, 65.8264923096, 45.7382087708, 26.4107131958, 6.93990278244, 2.19055199623, 0.601290524006, 0.154660075903, 0.0214964020997, 0.00623427936807, 0.00247898651287, 0.000869405979756, 0.0011385071557, 0.000630418770015, 0.000136818678584, 0.00028333577211], "dvar": [1.40816736221, 8.36420726776, 18.5616092682, 45.6849632263, 49.4466896057, 129.262390137, 681.486999512, 1226.57092285, 1142.33532715, 1264.41467285, 5770.38720703, 9245.41699219, 11388.7851562, 3430.69384766, 2185.82055664, 5142.46240234, 1494.31726074, 858.00567627, 707.557800293, 259.548980713, 116.492729187, 74.2832260132, 65.1034851074, 58.0885162354, 34.1044845581, 27.3585700989, 19.1878395081, 12.0020570755, 3.3419585228, 1.02461671829, 0.295080572367, 0.0715802535415, 0.00934527348727, 0.00251610507257, 0.0010032823775, 0.000363225117326, 0.000552176614292, 0.000311965821311, 6.20297432761e-05, 0.000101899320725], "dmean": [0.573809027672, 1.76521289349, 2.18006324768, 2.66598653793, 3.5134780407, 4.95726776123, 8.93564605713, 14.2862157822, 17.2749900818, 20.3312282562, 40.470161438, 48.538394928, 52.4002342224, 33.9262733459, 33.1256790161, 57.3684577942, 33.1547012329, 24.9301242828, 23.2841892242, 12.9876155853, 7.74032926559, 5.95844888687, 4.94457960129, 4.09786748886, 2.8130209446, 2.02535676956, 1.43560874462, 1.14512073994, 0.743683159351, 0.445049583912, 0.262003153563, 0.136834949255, 0.0597246997058, 0.0314002223313, 0.0201013535261, 0.0130271576345, 0.0128892604262, 0.00939322914928, 0.00492370128632, 0.00921673886478], "max": [12.3566226959, 41.4703407288, 59.4257583618, 147.969390869, 237.800674438, 319.041778564, 784.067443848, 755.493347168, 599.16027832, 793.663085938, 1574.76184082, 2290.05444336, 2520.171875, 1214.39440918, 998.159851074, 924.133300781, 429.981658936, 328.42175293, 362.198608398, 209.455932617, 206.844558716, 147.994659424, 147.698318481, 149.202865601, 151.159927368, 191.159820557, 160.620391846, 129.059112549, 47.0175857544, 25.8097038269, 13.2821731567, 4.84372138977, 1.69463396072, 0.729213654995, 0.455905467272, 0.262930572033, 0.409967571497, 0.44113111496, 0.256626397371, 0.140161946416], "var": [1.15281140804, 10.759475708, 18.8450145721, 40.1816520691, 76.1319351196, 182.375961304, 781.387573242, 1619.81628418, 1990.44995117, 2511.09790039, 8425.79296875, 14192.7958984, 18551, 5796.60449219, 3783.76318359, 8865.31542969, 3087.77636719, 1935.89111328, 1415.84460449, 511.556396484, 264.52053833, 151.426116943, 123.646965027, 123.771026611, 91.7075805664, 52.9739112854, 32.5940933228, 22.3372058868, 7.81322240829, 2.5017926693, 0.817533195019, 0.184194043279, 0.021278809756, 0.00290755974129, 0.00116234959569, 0.000613485870417, 0.00170843873639, 0.00125264062081, 0.000407692161389, 0.00102768221404], "mean": [0.612275540829, 2.39520001411, 2.781062603, 3.28419518471, 5.02023887634, 7.26243448257, 11.9934577942, 19.926858902, 28.3536586761, 34.672290802, 63.3355102539, 74.6233215332, 79.8367996216, 59.5576286316, 65.136100769, 108.916664124, 70.8096008301, 54.366104126, 50.7919120789, 28.967666626, 17.9096832275, 14.0505561829, 11.5680799484, 9.48926067352, 6.45015001297, 4.66361856461, 3.10903167725, 2.44575023651, 1.67617630959, 1.01439225674, 0.547358095646, 0.238024145365, 0.0883798226714, 0.0357481837273, 0.0227066855878, 0.0180535651743, 0.0260668992996, 0.028661178425, 0.0248389057815, 0.0477998182178]}, "spectral_strongpeak": {"dmean2": 6.78098535538, "median": 0.278557240963, "min": 0, "dvar2": 469.687194824, "dvar": 182.732818604, "dmean": 3.60635185242, "max": 184.211959839, "var": 179.51965332, "mean": 3.10939049721}, "spectral_energy": {"dmean2": 0.0295372735709, "median": 0.0496695488691, "min": 1.0153125839e-20, "dvar2": 0.00221497006714, "dvar": 0.000903303327505, "dmean": 0.0187151767313, "max": 0.32848867774, "var": 0.00153983011842, "mean": 0.054980315268}, "average_loudness": 0.874280333519, "spectral_rolloff": {"dmean2": 6789.91796875, "median": 20844.140625, "min": 43.06640625, "dvar2": 115167896, "dvar": 48980532, "dmean": 3522.66235352, "max": 22006.9335938, "var": 76937752, "mean": 15689.9140625}, "spectral_centroid": {"dmean2": 218.370391846, "median": 1088.36340332, "min": 221.40473938, "dvar2": 86054.0625, "dvar": 42786.8242188, "dmean": 136.449630737, "max": 11557.9365234, "var": 629037.0625, "mean": 1123.78222656}, "pitch_salience": {"dmean2": 0.132256835699, "median": 0.592720508575, "min": 0.0899094715714, "dvar2": 0.0140844034031, "dvar": 0.00544648990035, "dmean": 0.0807541385293, "max": 0.915552973747, "var": 0.0120003940538, "mean": 0.576811850071}, "spectral_energyband_middle_high": {"dmean2": 0.00494410982355, "median": 0.0101066250354, "min": 1.27065685743e-21, "dvar2": 3.71066525986e-05, "dvar": 1.43722454595e-05, "dmean": 0.00302064535208, "max": 0.0712347179651, "var": 4.99881934957e-05, "mean": 0.0102653838694}, "spectral_contrast_coeffs": {"dmean2": [0.0828576236963, 0.0819346904755, 0.0684908181429, 0.0464278608561, 0.0342628583312, 0.0549012459815], "median": [-0.732405185699, -0.776331365108, -0.78757506609, -0.800661683083, -0.808954119682, -0.743899822235], "min": [-0.981164515018, -0.980382144451, -0.978136181831, -0.975159227848, -0.969104886055, -0.964980006218], "dvar2": [0.00436843605712, 0.00423987954855, 0.0029305499047, 0.00124888645951, 0.000804267066997, 0.00244644400664], "dvar": [0.00159712287132, 0.00149619148578, 0.00103112112265, 0.000443083205028, 0.000305165885948, 0.000978570315056], "dmean": [0.0500818230212, 0.0485616698861, 0.0405045077205, 0.0271749701351, 0.0205075033009, 0.0350491032004], "max": [-0.402508914471, -0.504685759544, -0.528669059277, -0.681460857391, -0.615673780441, -0.525490939617], "var": [0.00500010419637, 0.00389601360075, 0.0031135303434, 0.00160979491193, 0.00189423386473, 0.00470022531226], "mean": [-0.724461436272, -0.773364603519, -0.787626981735, -0.804682433605, -0.812408924103, -0.747327148914]}, "melbands_skewness": {"dmean2": 1.15034711361, "median": 1.22407865524, "min": -1.02732121944, "dvar2": 1.66835618019, "dvar": 0.650399506092, "dmean": 0.713574826717, "max": 16.6824054718, "var": 2.95201039314, "mean": 1.68995714188}, "spectral_spread": {"dmean2": 696754.5625, "median": 3519427, "min": 1322696, "dvar2": 1042597871620.0, "dvar": 482927443968, "dmean": 438665.75, "max": 42213768, "var": 8124664119300.0, "mean": 3848529.25}, "dissonance": {"dmean2": 0.0345237441361, "median": 0.4799503088, "min": 0.254080474377, "dvar2": 0.00115990068298, "dvar": 0.00041587013402, "dmean": 0.0200250074267, "max": 0.500000178814, "var": 0.000711784523446, "mean": 0.471790909767}, "spectral_skewness": {"dmean2": 0.546142995358, "median": 3.42361021042, "min": -0.085655272007, "dvar2": 0.389141798019, "dvar": 0.16708727181, "dmean": 0.353422909975, "max": 8.52949619293, "var": 0.735184788704, "mean": 3.40125751495}, "spectral_flux": {"dmean2": 0.0480281636119, "median": 0.129181951284, "min": 6.46535186499e-11, "dvar2": 0.00360847217962, "dvar": 0.00159644451924, "dmean": 0.0298701561987, "max": 0.487621754408, "var": 0.0043651429005, "mean": 0.131686761975}, "spectral_contrast_valleys": {"dmean2": [0.647042930126, 0.568305969238, 0.486556082964, 0.403103888035, 0.388232380152, 0.831685900688], "median": [-6.58000183105, -5.92248153687, -6.10942649841, -6.53311491013, -7.30238819122, -10.901391983], "min": [-27.8522644043, -27.9988136292, -27.4812545776, -27.6042919159, -27.4564437866, -27.3489189148], "dvar2": [0.304353147745, 0.258450418711, 0.202605128288, 0.185644432902, 0.218175247312, 0.575697124004], "dvar": [0.134797647595, 0.115029223263, 0.0973378121853, 0.0883777290583, 0.104882359505, 0.226242333651], "dmean": [0.392413049936, 0.345424711704, 0.295918643475, 0.245736807585, 0.245881602168, 0.534268379211], "max": [-4.91774082184, -4.41075849533, -4.75849437714, -5.57300710678, -5.61925315857, -8.94554424286], "var": [3.04763007164, 3.60814285278, 3.80686283112, 3.6942152977, 3.19566750526, 2.13847279549], "mean": [-6.86594152451, -6.26385068893, -6.54636335373, -7.05208730698, -7.78575325012, -11.1085538864]}, "erbbands_flatness_db": {"dmean2": 0.0306461118162, "median": 0.161884307861, "min": 0.0291304700077, "dvar2": 0.000696601753589, "dvar": 0.000287048722384, "dmean": 0.0193807054311, "max": 0.304016888142, "var": 0.00147364055738, "mean": 0.162488147616}, "spectral_energyband_high": {"dmean2": 0.000216149332118, "median": 0.000577135710046, "min": 6.98638118611e-21, "dvar2": 1.141582473e-07, "dvar": 5.39756754847e-08, "dmean": 0.000139175390359, "max": 0.00733181834221, "var": 2.39913958922e-07, "mean": 0.000569266558159}, "spectral_entropy": {"dmean2": 0.209411785007, "median": 7.57423496246, "min": 5.9896774292, "dvar2": 0.050171546638, "dvar": 0.0207685269415, "dmean": 0.131930604577, "max": 9.8171377182, "var": 0.136381790042, "mean": 7.49855518341}, "silence_rate_20dB": {"dmean2": 0, "median": 1, "min": 1, "dvar2": 0, "dvar": 0, "dmean": 0, "max": 1, "var": 0, "mean": 1}, "melbands_flatness_db": {"dmean2": 0.0494629889727, "median": 0.226224005222, "min": 0.00406824285164, "dvar2": 0.00204416853376, "dvar": 0.000805669173133, "dmean": 0.030774962157, "max": 0.526332974434, "var": 0.00317590893246, "mean": 0.234635025263}, "barkbands": {"dmean2": [0.00756429042667, 0.018705163151, 0.00306247011758, 0.0016287517501, 0.00228159315884, 0.00260917004198, 0.00212344550528, 0.00242677470669, 0.00361264473759, 0.00275180046447, 0.00107337231748, 0.00253035244532, 0.00127059663646, 0.000922154576983, 0.000686658429913, 0.000293763558147, 0.000192308158148, 0.000172380590811, 0.000101149576949, 6.9092377089e-05, 5.10255958943e-05, 2.9321457987e-05, 1.51415160872e-05, 7.37973641662e-06, 4.57333635495e-06, 9.27305700316e-06, 0.000704573176336], "median": [0.00138739286922, 0.00776160880923, 0.000951451947913, 0.00044702301966, 0.00126875133719, 0.000903808744624, 0.0011043054983, 0.00132745248266, 0.001791985007, 0.00116531876847, 0.000740362214856, 0.00227981712669, 0.00129438447766, 0.000918968697079, 0.000705098267645, 0.000285270944005, 0.000208939047297, 0.000180707735126, 0.000101491808891, 7.05506099621e-05, 3.97335606976e-05, 2.76675964415e-05, 1.28893552755e-05, 3.57454155164e-06, 1.40698739415e-06, 8.00814632385e-06, 0.00152855436318], "min": [1.66340334602e-24, 3.76397920621e-24, 1.17627444008e-24, 3.23410508326e-24, 1.22864754667e-23, 1.55661962346e-23, 9.84288730487e-24, 1.23632363659e-23, 1.92835328565e-23, 1.94202471845e-23, 2.15076741139e-23, 3.27502041907e-23, 5.53533347339e-23, 4.85621984393e-23, 3.75700338811e-23, 6.90377048567e-23, 8.69449294468e-23, 9.70295253107e-23, 1.41499634022e-22, 1.59281631676e-22, 3.13856174508e-22, 2.84395337276e-22, 4.65287731409e-22, 5.88040546714e-22, 1.00771459878e-21, 1.30842989046e-21, 2.11436815753e-21], "dvar2": [0.00032550454489, 0.00108387530781, 4.06441176892e-05, 1.34374558911e-05, 1.89474521903e-05, 3.76704265364e-05, 1.32838695208e-05, 1.73839525814e-05, 4.1127543227e-05, 2.65480393864e-05, 3.16263617606e-06, 9.45364990912e-06, 2.1146945528e-06, 1.13328235329e-06, 5.81398126087e-07, 1.46153325886e-07, 7.14987749006e-08, 7.01017199845e-08, 4.04980475821e-08, 2.67972755097e-08, 2.47232154749e-08, 4.68067096193e-09, 8.93692397863e-10, 1.53863310981e-10, 4.93222407361e-11, 2.03556990708e-10, 7.16947681667e-07], "dvar": [0.000125206017401, 0.000416339753428, 1.54353710968e-05, 5.08505036123e-06, 8.17370710138e-06, 1.55044890562e-05, 5.05448088006e-06, 6.58651788399e-06, 1.5810412151e-05, 1.0521565855e-05, 1.15112209187e-06, 3.47263971889e-06, 7.45830561755e-07, 4.04436093504e-07, 2.07197842883e-07, 5.17284277635e-08, 2.62848462995e-08, 2.6432696032e-08, 1.77162480242e-08, 1.13313340933e-08, 1.07415711881e-08, 2.23729834659e-09, 4.27335888897e-10, 6.93238244587e-11, 1.99274798052e-11, 9.88135961943e-11, 2.52501308751e-07], "dmean": [0.00441169040278, 0.0114386621863, 0.0018012317596, 0.000958851887845, 0.0013985655969, 0.00159764953423, 0.00127811264247, 0.00146629509982, 0.00216123159043, 0.00166413898114, 0.000635312229861, 0.00148492585868, 0.000746851030272, 0.000537428422831, 0.00039863382699, 0.000172103391378, 0.000113932801469, 0.000102913450974, 6.32308510831e-05, 4.2643820052e-05, 3.2615953387e-05, 1.91139679373e-05, 9.94227775664e-06, 4.71977273264e-06, 2.80277117781e-06, 6.09433936916e-06, 0.000419569201767], "max": [0.138408184052, 0.229513972998, 0.0589960888028, 0.0449985824525, 0.0703022256494, 0.0967033877969, 0.0444226227701, 0.0503301247954, 0.0915390402079, 0.0722724944353, 0.03596014902, 0.0287351254374, 0.00902239326388, 0.00707678310573, 0.00499176979065, 0.00369666540064, 0.00296764774248, 0.00265870499425, 0.00366815761663, 0.00364011037163, 0.00417030742392, 0.00122275587637, 0.000631492817774, 0.000162738535437, 6.46119733574e-05, 0.000178873786354, 0.0063550947234], "var": [9.72855486907e-05, 0.000429763837019, 1.39647336255e-05, 4.84640304421e-06, 1.31073566081e-05, 1.91064063984e-05, 1.00715269582e-05, 9.96591006697e-06, 2.50636112469e-05, 1.78390491783e-05, 1.81051927939e-06, 5.93122740611e-06, 1.47076696067e-06, 8.24796302368e-07, 3.57497668801e-07, 1.20194670217e-07, 5.00808958748e-08, 5.03919643791e-08, 4.24048849368e-08, 2.27280665399e-08, 1.8464932694e-08, 5.17544185286e-09, 1.17971066249e-09, 1.75510855849e-10, 2.27347082132e-11, 3.3439689906e-10, 1.14224894787e-06], "mean": [0.00398580450565, 0.0142153259367, 0.00204001064412, 0.00110681552906, 0.00220145331696, 0.00221065874211, 0.00211050873622, 0.00228625931777, 0.00327416835353, 0.00255548208952, 0.00105823215563, 0.00272276485339, 0.00147322705016, 0.00106112333015, 0.000782335759141, 0.000360172183719, 0.000248618336627, 0.000225327166845, 0.000141004973557, 9.70365363173e-05, 6.90321830916e-05, 4.37000380771e-05, 2.14815190702e-05, 7.56238023314e-06, 3.09457868752e-06, 1.28073779706e-05, 0.001397042186]}, "erbbands_skewness": {"dmean2": 0.509571254253, "median": 0.0956674069166, "min": -2.50535583496, "dvar2": 0.184422269464, "dvar": 0.0734638869762, "dmean": 0.315845936537, "max": 5.41205883026, "var": 0.441193640232, "mean": 0.173085570335}, "erbbands_spread": {"dmean2": 6.90728330612, "median": 17.3252105713, "min": 3.31172084808, "dvar2": 54.4008140564, "dvar": 21.7250347137, "dmean": 4.21966409683, "max": 153.069213867, "var": 266.84387207, "mean": 21.3254928589}, "melbands_kurtosis": {"dmean2": 8.47657966614, "median": 1.15564763546, "min": -1.70953977108, "dvar2": 588.564758301, "dvar": 226.293273926, "dmean": 5.09437274933, "max": 367.850402832, "var": 720.329223633, "mean": 7.87825345993}, "melbands": {"dmean2": [0.0069202613085