{"metadata": {"tags": {"originalyear": ["2009"], "album": ["French Level 2 Unit 3: Friends and Social Life"], "musicbrainz album type": ["other/spokenword"], "script": ["Latn"], "albumartistsort": ["Rosetta Stone"], "musicbrainz album release country": ["US"], "musicbrainz_artistid": ["7a8d62ab-2b8e-4ec9-924c-9b23b78afbe5"], "musicbrainz_releasegroupid": ["dd2fa67b-8063-426e-940f-a34e014f6e62"], "musicbrainz_recordingid": ["1404dae8-f279-4145-a3be-481d83008cdf"], "albumartist": ["Rosetta Stone"], "barcode": ["9781617161469"], "originaldate": ["2009"], "musicbrainz album status": ["official"], "artist": ["Rosetta Stone"], "musicbrainz_albumid": ["b797e52e-c303-4c38-a94b-600640181d6d"], "artistsort": ["Rosetta Stone"], "title": ["Lesson 3 Vocabulary"], "tracknumber": ["13/21"], "musicbrainz_albumartistid": ["7a8d62ab-2b8e-4ec9-924c-9b23b78afbe5"], "encoding": ["LAME 32bits version 3.98.2 (http://www.mp3dev.org/)"], "discnumber": ["1/1"], "date": ["2009"], "media": ["CD"], "file_name": "13. Rosetta Stone - Lesson 3 Vocabulary.mp3", "composer": ["Rosetta Stone Ltd."], "length": ["108386"]}, "audio_properties": {"sample_rate": 44100, "downmix": "mix", "lossless": false, "analysis_sample_rate": 44100, "md5_encoded": "57ae5e27e449e2e8812c59a99ebaaa3e", "equal_loudness": 0, "replay_gain": -13.3126983643, "codec": "mp3", "bit_rate": 69918, "length": 108.434288025}, "version": {"extractor": "music 1.0", "essentia_build_sha": "70f2e5ece6736b2c40cc944ad0e695b16b925413", "essentia_git_sha": "v2.1_beta2", "essentia": "2.1-beta2"}}, "rhythm": {"beats_loudness_band_ratio": {"dvar2": [0.231731325388, 0.142460584641, 0.0390416122973, 0.0308847874403, 0.00559639884159, 0.211465239525], "var": [0.0900650769472, 0.0444584675133, 0.0126671735197, 0.00566689530388, 0.00147701904643, 0.0629803389311], "min": [0, 0, 0, 0, 0, 0], "dmean": [0.270307540894, 0.164350941777, 0.0656765401363, 0.0352884940803, 0.021975133568, 0.120897360146], "mean": [0.192386239767, 0.10874504596, 0.0420220196247, 0.0190602466464, 0.0135858152062, 0.0876091048121], "max": [0.99612313509, 0.962681829929, 0.767934381962, 0.636598229408, 0.296527475119, 0.993147611618], "dmean2": [0.498030513525, 0.295686513186, 0.117269419134, 0.0684391632676, 0.0414322130382, 0.238125607371], "median": [0, 0, 0, 0, 0, 0], "dvar": [0.0990540534258, 0.0566425696015, 0.0168939344585, 0.0106164934114, 0.00214475486428, 0.0751154571772]}, "bpm_histogram_first_peak_weight": {"dvar2": 0, "var": 0, "min": 0.0924855470657, "dmean": 0, "mean": 0.0924855470657, "max": 0.0924855470657, "dmean2": 0, "median": 0.0924855470657, "dvar": 0}, "bpm": 90.0658721924, "beats_count": 174, "bpm_histogram_first_peak_spread": {"dvar2": 0, "var": 0, "min": 0.709090948105, "dmean": 0, "mean": 0.709090948105, "max": 0.709090948105, "dmean2": 0, "median": 0.709090948105, "dvar": 0}, "danceability": 1.05343699455, "bpm_histogram_first_peak_bpm": {"dvar2": 0, "var": 0, "min": 92, "dmean": 0, "mean": 92, "max": 92, "dmean2": 0, "median": 92, "dvar": 0}, "beats_position": [0.603718817234, 1.21904754639, 1.83437633514, 2.4497051239, 3.07664394379, 3.70358276367, 4.33052158356, 5.00390005112, 5.72371864319, 6.40870714188, 7.08208608627, 7.75546455383, 8.42884349823, 9.10222244263, 9.77560043335, 10.5534696579, 11.3313379288, 12.0859861374, 12.8638544083, 13.6417226791, 14.4079818726, 15.1858501434, 15.9637184143, 16.7880268097, 17.6123352051, 18.4366436005, 19.2609519958, 20.1084804535, 20.9560089111, 21.8151473999, 22.5814056396, 23.3824939728, 24.1719722748, 24.9614505768, 25.6928787231, 26.435918808, 27.0048065186, 27.5853061676, 28.1309738159, 28.6882534027, 29.2571430206, 29.9073009491, 30.5574588776, 31.1960086823, 31.7997264862, 32.4034461975, 33.0071640015, 33.6108856201, 34.1681632996, 34.818321228, 35.4916992188, 36.1650772095, 36.8384590149, 37.4886169434, 38.1387748718, 38.7889328003, 39.4507026672, 40.1008605957, 40.7858505249, 41.4592285156, 42.1326065063, 42.771156311, 43.3864860535, 44.0018119812, 44.6403617859, 45.2789115906, 45.9406776428, 46.6372795105, 47.3338775635, 48.0420837402, 48.7270736694, 49.4236717224, 50.1202697754, 50.8633079529, 51.5715179443, 52.2913360596, 53.0227661133, 53.6497039795, 54.2766418457, 54.9848518372, 55.6698417664, 56.3548278809, 57.0165977478, 57.7131958008, 58.3633537292, 59.0135154724, 59.6172332764, 60.2557830811, 60.9407691956, 61.6373672485, 62.2875289917, 62.9841270447, 63.6807250977, 64.3889312744, 65.0855331421, 65.7937393188, 66.5019454956, 67.1753311157, 67.8022689819, 68.4408187866, 69.0793609619, 69.7062988281, 70.3332443237, 70.9601821899, 71.5871200562, 72.1792297363, 72.7713394165, 73.3402252197, 73.9091110229, 74.5592727661, 75.2094345093, 75.859588623, 76.4749221802, 77.1715164185, 77.8913345337, 78.6111526489, 79.3309707642, 80.0740127563, 80.8054428101, 81.5484771729, 82.1289749146, 82.7210845947, 83.3015823364, 83.870475769, 84.4509735107, 85.0314712524, 85.6235809326, 86.2505187988, 86.877456665, 87.4927902222, 88.0848999023, 88.6770019531, 89.2458953857, 89.814781189, 90.3836746216, 91.0222167969, 91.6607666016, 92.2180480957, 92.7637176514, 93.309387207, 93.7853927612, 94.2614059448, 94.737411499, 95.2018127441, 95.6778182983, 96.1538314819, 96.6066207886, 97.0594100952, 97.5238113403, 97.9998168945, 98.3945541382, 98.7892990112, 99.1840362549, 99.5787734985, 99.9735107422, 100.379859924, 100.774604797, 101.146118164, 101.552467346, 101.970428467, 102.388389587, 102.79473877, 103.201087952, 103.619049072, 103.967346191, 104.327255249, 104.721992493, 105.116729736, 105.511474609, 105.906211853, 106.300949097, 106.707298279, 107.113647461, 107.473556519], "beats_loudness": {"dvar2": 0.00280657876283, "var": 0.000924941617996, "min": 0, "dmean": 0.022951696068, "mean": 0.0157303381711, "max": 0.146768644452, "dmean2": 0.0419718436897, "median": 0, "dvar": 0.0011601500446}, "bpm_histogram_second_peak_weight": {"dvar2": 0, "var": 0, "min": 0.0635838136077, "dmean": 0, "mean": 0.0635838136077, "max": 0.0635838136077, "dmean2": 0, "median": 0.0635838136077, "dvar": 0}, "bpm_histogram_second_peak_spread": {"dvar2": 0, "var": 0, "min": 0.352941155434, "dmean": 0, "mean": 0.352941155434, "max": 0.352941155434, "dmean2": 0, "median": 0.352941155434, "dvar": 0}, "bpm_histogram_second_peak_bpm": {"dvar2": 0, "var": 0, "min": 152, "dmean": 0, "mean": 152, "max": 152, "dmean2": 0, "median": 152, "dvar": 0}, "onset_rate": 1.23560607433}, "lowlevel": {"spectral_energyband_high": {"dvar2": 3.53137897946e-06, "var": 6.7524424594e-06, "min": 6.46530667561e-21, "dmean": 0.00022379749862, "mean": 0.000387536507333, "max": 0.0416132733226, "dmean2": 0.000288241833914, "median": 8.06054872073e-21, "dvar": 2.16592820834e-06}, "spectral_energyband_middle_low": {"dvar2": 0.000126333878143, "var": 0.000434860936366, "min": 1.16382100851e-22, "dmean": 0.00284940679558, "mean": 0.00742448307574, "max": 0.15003220737, "dmean2": 0.00354621955194, "median": 3.85228674141e-22, "dvar": 8.90880546649e-05}, "spectral_energy": {"dvar2": 0.000153249595314, "var": 0.000556860060897, "min": 9.71534615436e-21, "dmean": 0.00334934960119, "mean": 0.00970762129873, "max": 0.150993227959, "dmean2": 0.00423778453842, "median": 1.10050451295e-20, "dvar": 0.000101635501778}, "spectral_spread": {"dvar2": 25369518276600.0, "var": 279833712001000.0, "min": 228950.5, "dmean": 1546096.625, "mean": 28119856, "max": 50821080, "dmean2": 2642898.75, "median": 39867364, "dvar": 13608744386600.0}, "spectral_energyband_low": {"dvar2": 1.68322276295e-05, "var": 4.39597461082e-05, "min": 5.13223911922e-24, "dmean": 0.000893362099305, "mean": 0.00212285015732, "max": 0.0709997192025, "dmean2": 0.00113891123328, "median": 1.00349159285e-22, "dvar": 9.77040508587e-06}, "spectral_rolloff": {"dvar2": 8466624, "var": 62738240, "min": 21.533203125, "dmean": 806.766174316, "mean": 13559.8037109, "max": 20456.5429688, "dmean2": 1352.71325684, "median": 18497.0214844, "dvar": 4639316}, "barkbands": {"dvar2": [7.67187339079e-06, 2.27082409765e-06, 6.10120150668e-06, 1.06373554445e-05, 3.738965097e-05, 2.84483085125e-05, 1.93686482817e-05, 8.66758273332e-06, 2.93699599752e-06, 6.92280877956e-07, 3.09247496943e-07, 3.37656530291e-07, 1.67732778777e-07, 7.14971832849e-08, 6.95956430263e-08, 6.29961078857e-08, 4.81550799236e-08, 4.46401422494e-08, 3.40343113692e-08, 3.23102931077e-08, 1.58840421705e-07, 7.45525099433e-08, 6.33948218365e-07, 6.60631371829e-07, 3.13352558123e-07, 6.5033297858e-08, 4.32601426903e-10], "var": [2.43654949372e-06, 6.65542393108e-06, 1.43679635585e-05, 4.83746771351e-05, 0.00010225665028, 4.13485759054e-05, 1.47248019857e-05, 3.33134607899e-06, 5.10140853294e-06, 4.95275514822e-07, 1.99153234348e-07, 2.6727454383e-07, 1.06398310606e-07, 4.22929424815e-08, 5.85454920099e-08, 3.75635664795e-08, 3.38681651613e-08, 4.25255564096e-08, 3.06690211005e-08, 2.68965774097e-08, 1.25360571701e-07, 6.3457029853e-08, 7.73248018504e-07, 8.89921182079e-07, 2.63757470975e-07, 7.88282434883e-08, 6.09614747571e-10], "min": [1.86091902356e-26, 7.18026027705e-25, 1.41936944685e-25, 1.11196970383e-25, 3.41415844336e-24, 3.08769032989e-24, 4.15370134251e-24, 2.57734347257e-24, 7.35066665714e-24, 3.82685575909e-24, 4.31629464698e-24, 1.62368494886e-23, 1.16831554352e-23, 1.53679491782e-23, 2.08138251938e-23, 2.83567159543e-23, 4.27713756379e-23, 5.13972414704e-23, 8.15577225944e-23, 1.37211272545e-22, 1.96145934815e-22, 2.17540700845e-22, 3.07130030885e-22, 4.16284525014e-22, 7.61511236477e-22, 1.10712642091e-21, 1.75862879535e-21], "dmean": [0.000196372537175, 0.000228833101573, 0.000390934379539, 0.000746324949432, 0.00121078779921, 0.000979528645985, 0.000572834920604, 0.000268219650025, 0.000242907073698, 8.04051524028e-05, 5.49470787519e-05, 5.09635974595e-05, 3.57634125976e-05, 2.74546746368e-05, 3.64633633581e-05, 2.54690166912e-05, 2.6684743716e-05, 2.69948923233e-05, 2.38174998231e-05, 2.13093135244e-05, 3.4705393773e-05, 2.31644462474e-05, 6.62457096041e-05, 6.80996308802e-05, 4.13044399465e-05, 1.81708037417e-05, 1.97714962269e-06], "mean": [0.000166031881236, 0.000496347201988, 0.000786993303336, 0.00191127194557, 0.00245607527904, 0.00168818887323, 0.000675355666317, 0.000266763963737, 0.000385983090382, 9.9900913483e-05, 6.942555774e-05, 6.00702987867e-05, 3.82258695026e-05, 3.25286709995e-05, 4.26162769145e-05, 3.2718940929e-05, 3.28024689225e-05, 3.69455810869e-05, 3.20246726915e-05, 2.75248439721e-05, 4.54389810329e-05, 3.12612246489e-05, 0.000100936551462, 0.000102862170024, 5.85607012908e-05, 2.79907253571e-05, 2.7866799428e-06], "max": [0.058139167726, 0.0353725478053, 0.0578216724098, 0.0614248290658, 0.137937575579, 0.0758256688714, 0.0973658487201, 0.0502918586135, 0.0331153944135, 0.0202230736613, 0.0109981689602, 0.015755886212, 0.0109201138839, 0.00526564242318, 0.00445174379274, 0.00534117640927, 0.0045901350677, 0.00590426661074, 0.00399440759793, 0.00369878066704, 0.00904676225036, 0.00463213026524, 0.0159689709544, 0.0239202268422, 0.0151864755899, 0.0082631027326, 0.000777295732405], "dmean2": [0.00033697031904, 0.000313781376462, 0.000502276350744, 0.000892905809451, 0.00160985416733, 0.00130462436937, 0.000778368674219, 0.000412268505897, 0.000324797380017, 0.000117899202451, 8.11673235148e-05, 7.44511999073e-05, 5.66683011129e-05, 4.26862643508e-05, 5.40542750969e-05, 3.95714159822e-05, 3.99591372116e-05, 4.08108789998e-05, 3.47378045262e-05, 3.17606027238e-05, 5.02035072714e-05, 3.54131661879e-05, 9.10262824618e-05, 8.91995514394e-05, 5.70999472984e-05, 2.54294936894e-05, 2.66074016508e-06], "median": [2.98147139229e-23, 4.51639465872e-23, 3.09417815863e-23, 3.17645382669e-23, 7.32034016182e-23, 7.21150260044e-23, 7.30626372782e-23, 7.27699509497e-23, 9.81253982585e-23, 1.00260043246e-22, 9.93562737061e-23, 1.25491147144e-22, 1.3555129463e-22, 1.50297566195e-22, 1.76474268193e-22, 1.99562788007e-22, 2.18806639582e-22, 2.73654459626e-22, 3.27721319996e-22, 3.97834595676e-22, 5.14059429217e-22, 6.16987980646e-22, 7.34700113606e-22, 9.71314208961e-22, 1.34179812615e-21, 1.85260669113e-21, 2.60803564595e-21], "dvar": [2.87303373625e-06, 1.27700491248e-06, 3.93537129639e-06, 8.09602352092e-06, 2.39814417e-05, 1.75237291842e-05, 9.76538467512e-06, 3.5107302665e-06, 1.84648615686e-06, 3.19073848232e-07, 1.33978062422e-07, 1.60969889862e-07, 7.99845949473e-08, 3.10676568915e-08, 3.67178110139e-08, 2.63791015698e-08, 2.16129514286e-08, 2.07382040429e-08, 1.72972782764e-08, 1.62647495472e-08, 7.13191710133e-08, 3.52871047937e-08, 3.38447222248e-07, 3.74485466637e-07, 1.43137469877e-07, 3.63860124253e-08, 2.72774469678e-10]}, "melbands_skewness": {"dvar2": 26.3666954041, "var": 12.764787674, "min": -6.13710689545, "dmean": 0.857813239098, "mean": 1.15173017979, "max": 109.095603943, "dmean2": 1.35023653507, "median": 0.0680667683482, "dvar": 10.4179973602}, "barkbands_skewness": {"dvar2": 8.84189605713, "var": 10.1896219254, "min": -9.72842311859, "dmean": 0.744134485722, "mean": -0.58384013176, "max": 37.9097251892, "dmean2": 1.15468549728, "median": -1.7592676878, "dvar": 3.78828048706}, "erbbands": {"dvar2": [0.00585854286328, 0.096529148519, 4.27591562271, 39.7468910217, 376.364624023, 874.078125, 1182.55334473, 2840.27832031, 3768.3269043, 4296.63671875, 4760.19189453, 2073.93237305, 1138.72033691, 435.69342041, 460.078552246, 399.253845215, 310.612091064, 135.807342529, 157.058364868, 196.005279541, 142.842529297, 140.613754272, 152.620529175, 85.2272033691, 98.5996856689, 58.1716117859, 308.60723877, 149.229949951, 42.0754890442, 698.560241699, 385.235534668, 402.150115967, 189.557983398, 24.5037021637, 18.7125434875, 5.4274930954, 0.143223017454, 0.00225425395183, 1.30165017254e-05, 1.55362052112e-08], "var": [0.0019678347744, 0.540203869343, 14.9168891907, 142.966690063, 950.12286377, 1885.94580078, 2262.36425781, 3817.09960938, 3259.71923828, 2394.47436523, 1624.67980957, 3470.73754883, 870.666015625, 359.773651123, 317.449005127, 437.726196289, 251.011566162, 96.0531005859, 112.912948608, 132.586425781, 109.514724731, 114.955459595, 133.057235718, 97.1314697266, 56.8204803467, 53.8278121948, 203.506454468, 151.056243896, 43.4294395447, 510.530883789, 582.332214355, 392.202697754, 298.508361816, 44.569026947, 11.070567131, 3.73059010506, 0.187100604177, 0.0029751912225, 1.99212263396e-05, 2.48174991668e-08], "min": [1.92504070093e-23, 1.41138083292e-22, 6.65799916671e-22, 2.8352712075e-21, 3.97409191389e-21, 1.34894958318e-20, 1.40827434664e-20, 3.48699764368e-20, 4.55789345279e-20, 6.66533154931e-20, 8.75855861828e-20, 2.09954078349e-19, 2.52764242265e-19, 2.66365676475e-19, 5.83182546076e-19, 7.48508550168e-19, 1.03393213191e-18, 1.02301086629e-18, 1.75194806467e-18, 1.29328303245e-18, 2.58144436935e-18, 2.990265359e-18, 3.30170175476e-18, 4.8120562119e-18, 5.84138487691e-18, 5.99159260434e-18, 6.3853140323e-18, 7.07727046704e-18, 8.71657121473e-18, 9.01819269893e-18, 9.49470167132e-18, 8.65954621048e-18, 7.22478820312e-18, 6.95234799657e-18, 5.49091424163e-18, 3.42012175844e-18, 2.03448690573e-18, 7.63505696565e-19, 2.23407111187e-19, 2.40231069811e-20], "dmean": [0.006385340821, 0.0555134005845, 0.359993338585, 1.419952631, 3.79579806328, 4.75104427338, 6.24386978149, 8.92934989929, 8.14301490784, 6.95631217957, 5.73398542404, 6.07920598984, 3.53596377373, 2.24128198624, 2.01411914825, 1.97600960732, 1.60448205471, 1.31685566902, 1.60732829571, 1.84151744843, 1.25768458843, 1.50479447842, 1.51226770878, 1.35191631317, 1.02256941795, 0.963368952274, 1.53544771671, 1.07079493999, 0.620765447617, 1.87530052662, 1.73449873924, 1.4754961729, 1.11660015583, 0.509708046913, 0.259490311146, 0.122252203524, 0.0277884285897, 0.0042223893106, 0.000339878839441, 1.39662779475e-05], "mean": [0.00772605417296, 0.143632978201, 0.850971996784, 3.62771320343, 8.1270198822, 8.00645542145, 10.2949810028, 14.4142427444, 10.2571344376, 8.5440864563, 6.19775056839, 9.44305229187, 4.60519695282, 2.89018177986, 2.65694665909, 2.5256755352, 1.89750385284, 1.66337931156, 1.95045471191, 2.2008869648, 1.69613349438, 1.92750585079, 2.02680444717, 1.90143048763, 1.31620514393, 1.28206014633, 1.92851865292, 1.48057460785, 0.875333309174, 2.48004341125, 2.702283144, 2.18568062782, 1.74310696125, 0.756794273853, 0.354985833168, 0.172540470958, 0.0421758256853, 0.00608099624515, 0.000491502694786, 2.82678884105e-05], "max": [1.33884930611, 9.83113574982, 62.5564537048, 121.523864746, 382.903442383, 843.116516113, 1132.40087891, 971.51385498, 1710.04870605, 1121.40649414, 1253.29052734, 1034.14672852, 791.438781738, 342.168884277, 381.181640625, 579.602539062, 540.443725586, 236.309417725, 215.866973877, 222.868591309, 338.999206543, 270.205535889, 336.237304688, 262.916931152, 251.014938354, 160.716766357, 393.482666016, 343.609527588, 120.698608398, 633.961791992, 551.726867676, 568.54699707, 482.377593994, 212.626113892, 123.383216858, 74.7983398438, 14.4217567444, 1.74224531651, 0.15259565413, 0.00480087054893], "dmean2": [0.0105061698705, 0.0673066750169, 0.440286159515, 1.69358277321, 4.71464109421, 6.27380180359, 7.94337654114, 11.5648097992, 10.9734296799, 10.028175354, 8.95822238922, 7.7822265625, 4.91629505157, 3.27206301689, 2.88749408722, 2.72494864464, 2.38552761078, 2.01116204262, 2.42550516129, 2.70660805702, 1.83433139324, 2.19983291626, 2.26304459572, 1.93510174751, 1.55398571491, 1.42443919182, 2.23557877541, 1.5226149559, 0.893142938614, 2.68438196182, 2.35093951225, 2.16674423218, 1.5252815485, 0.655358374119, 0.380999594927, 0.173480033875, 0.0382748916745, 0.00579891819507, 0.000443123484729, 1.89518486877e-05], "median": [1.66067322306e-21, 9.38763722895e-21, 3.09332784988e-20, 7.62313367411e-20, 1.52603591454e-19, 2.63424248066e-19, 4.18133414845e-19, 6.51254133815e-19, 9.54892542843e-19, 1.25325958832e-18, 1.71291496252e-18, 2.21599039125e-18, 2.76972308447e-18, 3.55194705112e-18, 4.28405731433e-18, 5.13708856179e-18, 6.04451107044e-18, 7.25294625835e-18, 8.40759526771e-18, 9.88040771915e-18, 1.10354579111e-17, 1.25277984424e-17, 1.42645576099e-17, 1.57558567209e-17, 1.73834950491e-17, 1.87130158302e-17, 2.02261640899e-17, 2.10503817415e-17, 2.16146099091e-17, 2.19062655213e-17, 2.12788258656e-17, 1.96095141781e-17, 1.70336969117e-17, 1.38934099409e-17, 1.04125272169e-17, 6.74555118907e-18, 3.63028932693e-18, 1.45392585011e-18, 3.69168458485e-19, 3.88571065427e-20], "dvar": [0.00214267871343, 0.0770185664296, 3.23478245735, 26.4542446136, 237.966323853, 593.975219727, 838.829833984, 1745.1027832, 2011.27490234, 1929.57263184, 1839.13964844, 1287.69213867, 570.276367188, 228.072753906, 196.734481812, 214.236785889, 166.013565063, 62.7252464294, 75.2809524536, 90.9103851318, 65.3087234497, 65.6451339722, 68.7717056274, 47.1395721436, 42.8375587463, 30.2271614075, 139.411819458, 70.1601409912, 20.9319667816, 328.810852051, 226.157363892, 184.961975098, 119.999824524, 17.1929950714, 7.78905487061, 2.42598199844, 0.0855352133512, 0.00130328163505, 8.71083739185e-06, 1.022525975e-08]}, "silence_rate_30dB": {"dvar2": 0.020664844662, "var": 0.0103805065155, "min": 0, "dmean": 0.00899357628077, "mean": 0.989509761333, "max": 1, "dmean2": 0.0179910045117, "median": 1, "dvar": 0.00891240127385}, "melbands_spread": {"dvar2": 1597.3572998, "var": 3236.59521484, "min": 0.0321881733835, "dmean": 15.6784648895, "mean": 99.6464385986, "max": 290.150177002, "dmean2": 26.1472072601, "median": 125.654083252, "dvar": 710.415039062}, "melbands_crest": {"dvar2": 25.9223575592, "var": 75.2074203491, "min": 1.00097584724, "dmean": 1.98174333572, "mean": 7.70115709305, "max": 39.8147888184, "dmean2": 3.10769319534, "median": 2.71631073952, "dvar": 12.6452083588}, "zerocrossingrate": {"dvar2": 0.00265456503257, "var": 0.0429304614663, "min": 0.00048828125, "dmean": 0.0223114211112, "mean": 0.376347750425, "max": 0.71044921875, "dmean2": 0.0304227769375, "median": 0.49365234375, "dvar": 0.00211017508991}, "barkbands_kurtosis": {"dvar2": 27027.8847656, "var": 7381.88720703, "min": -1.94759106636, "dmean": 13.2756900787, "mean": 16.0942630768, "max": 3008.62841797, "dmean2": 22.7579631805, "median": 3.38543081284, "dvar": 9905.1796875}, "spectral_flux": {"dvar2": 0.00162593426649, "var": 0.0028273309581, "min": 6.1868045409e-11, "dmean": 0.01082938537, "mean": 0.0255253128707, "max": 0.333948791027, "dmean2": 0.016075078398, "median": 6.94579185834e-11, "dvar": 0.000720593030564}, "barkbands_crest": {"dvar2": 11.4276304245, "var": 18.9378795624, "min": 2.87003016472, "dmean": 1.47283256054, "mean": 8.80231952667, "max": 26.743555069, "dmean2": 2.36952877045, "median": 6.86181640625, "dvar": 4.93958234787}, "barkbands_flatness_db": {"dvar2": 0.00354538159445, "var": 0.0118271438405, "min": 0.0166734922677, "dmean": 0.0229903161526, "mean": 0.136185124516, "max": 0.688275456429, "dmean2": 0.0339382104576, "median": 0.0795329883695, "dvar": 0.00182190549094}, "spectral_entropy": {"dvar2": 0.251363903284, "var": 2.24556398392, "min": 3.11723947525, "dmean": 0.168347880244, "mean": 8.85588359833, "max": 9.95720100403, "dmean2": 0.234088420868, "median": 9.79300785065, "dvar": 0.154592826962}, "pitch_salience": {"dvar2": 0.0143454577774, "var": 0.0235701166093, "min": 0.0177126824856, "dmean": 0.0442780219018, "mean": 0.717291653156, "max": 0.996059477329, "dmean2": 0.068069756031, "median": 0.785064220428, "dvar": 0.00675606215373}, "erbbands_spread": {"dvar2": 482.316558838, "var": 241.631362915, "min": 0.709931671619, "dmean": 7.25424575806, "mean": 34.8321685791, "max": 180.039871216, "dmean2": 12.0680990219, "median": 35.5613822937, "dvar": 189.391067505}, "dynamic_complexity": 45.8740577698, "spectral_contrast_valleys": {"dvar2": [2.10047197342, 2.18228173256, 2.05869030952, 1.9551923275, 2.04103946686, 1.4585442543], "var": [68.5033950806, 73.9494552612, 68.1536178589, 66.0237579346, 68.9756317139, 52.3696289062], "min": [-28.5459899902, -28.3541622162, -27.9926643372, -27.9213905334, -27.6113414764, -27.4979400635], "dmean": [0.72576546669, 0.702945232391, 0.620148003101, 0.56818574667, 0.510257840157, 0.440960407257], "mean": [-21.3912448883, -21.0634231567, -21.2420387268, -21.3611125946, -21.2165546417, -21.9937458038], "max": [-5.81372976303, -4.72754096985, -5.07229804993, -6.15838623047, -5.65140390396, -7.13387775421], "dmean2": [1.03524005413, 0.987165272236, 0.858948171139, 0.769414484501, 0.667613208294, 0.548907458782], "median": [-27.0606422424, -27.0510559082, -27.0487136841, -27.1203269958, -27.1743888855, -27.1980304718], "dvar": [1.65860879421, 1.69554841518, 1.59313070774, 1.53616535664, 1.6066879034, 1.17822802067]}, "hfc": {"dvar2": 272.608978271, "var": 553.048034668, "min": 1.02372626998e-16, "dmean": 2.77040481567, "mean": 6.20384693146, "max": 368.203765869, "dmean2": 3.54803752899, "median": 1.22316083916e-16, "dvar": 157.251144409}, "spectral_kurtosis": {"dvar2": 483.86239624, "var": 742.624450684, "min": -1.28501236439, "dmean": 2.62725782394, "mean": 4.30388736725, "max": 645.638549805, "dmean2": 4.23432540894, "median": -1.1762881279, "dvar": 198.416793823}, "mfcc": {"mean": [-1035.39050293, 34.2629203796, 8.00382137299, 9.17777633667, 4.00362205505, -2.84419322014, 0.20914272964, -3.47745084763, -1.81321108341, -1.9487786293, -1.85697948933, -0.119830787182, -0.772682368755], "cov": [[31117.5644531, 9072.75683594, 1587.66455078, 2353.74633789, 1018.00836182, -1100.31225586, -41.1411209106, -1112.27832031, -501.753265381, -579.425048828, -614.921203613, -170.389480591, -386.982666016], [9072.75683594, 4747.63525391, 664.641174316, 704.006896973, 265.416168213, -534.039367676, -13.9814462662, -566.214050293, -293.548919678, -354.455535889, -279.290405273, -137.721313477, -156.426895142], [1587.66455078, 664.641174316, 544.206298828, 214.133621216, 77.0976333618, -4.65656995773, 19.9475650787, -50.4545173645, -57.2184371948, -63.1582794189, -53.069480896, 29.7133464813, 4.72640609741], [2353.74633789, 704.006896973, 214.133621216, 642.678771973, 310.027923584, -76.798789978, -35.3898620605, -71.3508071899, -46.8870773315, -51.1464729309, -105.105949402, -27.7232036591, 4.31519985199], [1018.00836182, 265.416168213, 77.0976333618, 310.027923584, 367.073822021, 13.5698595047, -22.1065616608, 14.4458732605, -38.4368057251, 35.7558860779, -52.0236129761, -4.71092557907, 33.856628418], [-1100.31225586, -534.039367676, -4.65656995773, -76.798789978, 13.5698595047, 241.496444702, 58.3197555542, 111.544586182, 44.3268699646, 70.063911438, 64.5635147095, 16.0253505707, 39.1857757568], [-41.1411209106, -13.9814462662, 19.9475650787, -35.3898620605, -22.1065616608, 58.3197555542, 151.494262695, 26.6253890991, 43.662563324, 10.7927465439, 16.7653083801, 4.37094402313, -9.8734960556], [-1112.27832031, -566.214050293, -50.4545173645, -71.3508071899, 14.4458732605, 111.544586182, 26.6253890991, 178.26965332, 50.9401741028, 74.3715591431, 48.6624412537, 21.7492141724, 42.7936134338], [-501.753265381, -293.548919678, -57.2184371948, -46.8870773315, -38.4368057251, 44.3268699646, 43.662563324, 50.9401741028, 133.324661255, 34.2744941711, 31.7239551544, 10.4361457825, -9.17096614838], [-579.425048828, -354.455535889, -63.1582794189, -51.1464729309, 35.7558860779, 70.063911438, 10.7927465439, 74.3715591431, 34.2744941711, 116.477287292, 43.0221595764, 16.4431037903, 37.7939605713], [-614.921203613, -279.290405273, -53.069480896, -105.105949402, -52.0236129761, 64.5635147095, 16.7653083801, 48.6624412537, 31.7239551544, 43.0221595764, 89.7200927734, 26.6241359711, 18.8138408661], [-170.389480591, -137.721313477, 29.7133464813, -27.7232036591, -4.71092557907, 16.0253505707, 4.37094402313, 21.7492141724, 10.4361457825, 16.4431037903, 26.6241359711, 79.0101165771, 28.8759269714], [-386.982666016, -156.426895142, 4.72640609741, 4.31519985199, 33.856628418, 39.1857757568, -9.8734960556, 42.7936134338, -9.17096614838, 37.7939605713, 18.8138408661, 28.8759269714, 77.8533172607]], "icov": [[9.19215308386e-05, -0.000143907498568, -3.01772797684e-05, -0.000186618970474, -5.99566692472e-06, 5.29062344867e-05, -1.75358654815e-05, 3.92661568185e-05, 1.7038470105e-05, -0.000198618159629, -3.31106275553e-05, -0.00019041786436, 0.000309165508952], [-0.000143907498568, 0.000795308093075, -0.000432078435551, 0.00023164167942, -0.000401491997764, 0.000699886935763, -0.000525011797436, 0.0009414057713, 0.000338837009622, 0.000757907051593, -0.000323791435221, 0.00100935541559, -0.000489805708639], [-3.01772797684e-05, -0.000432078435551, 0.00299045396969, -0.00078144838335, 0.000667789019644, -0.00146802293602, -0.000156441572472, -0.000624385313131, 0.000632835493889, 0.000576158054173, 0.00131324212998, -0.00232920050621, -4.31330372521e-05], [-0.000186618970474, 0.00023164167942, -0.00078144838335, 0.0040562315844, -0.00294719962403, 0.000438101880718, 0.000341872684658, 0.000455791974673, -0.00127090234309, 0.0017982312711, 0.000901107792743, 0.00135862256866, -0.00152993376832], [-5.99566692472e-06, -0.000401491997764, 0.000667789019644, -0.00294719962403, 0.0064131943509, -0.00151460163761, 0.000517826003488, -0.00141779554542, 0.00141640461516, -0.00358091085218, 0.00275949551724, -0.00124753476121, -0.000194239590201], [5.29062344867e-05, 0.000699886935763, -0.00146802293602, 0.000438101880718, -0.00151460163761, 0.00856768805534, -0.00263378885575, -0.00133211247157, 7.50963445171e-05, -0.000256825092947, -0.00403693597764, 0.00263608829118, -0.00139007798862], [-1.75358654815e-05, -0.000525011797436, -0.000156441572472, 0.000341872684658, 0.000517826003488, -0.00263378885575, 0.00871980749071, -0.00100087828469, -0.00252209953032, -0.000231892321608, 0.000572977703996, -0.000805351650342, 0.00158070237376], [3.92661568185e-05, 0.0009414057713, -0.000624385313131, 0.000455791974673, -0.00141779554542, -0.00133211247157, -0.00100087828469, 0.0120058292523, -0.001672208542, -0.0017474865308, -0.00111575482879, 0.00104236486368, -0.00280542345718], [1.7038470105e-05, 0.000338837009622, 0.000632835493889, -0.00127090234309, 0.00141640461516, 7.50963445171e-05, -0.00252209953032, -0.001672208542, 0.0112081458792, -0.00225940812379, -0.00106785201933, -0.00148900970817, 0.0039705298841], [-0.000198618159629, 0.000757907051593, 0.000576158054173, 0.0017982312711, -0.00358091085218, -0.000256825092947, -0.000231892321608, -0.0017474865308, -0.00225940812379, 0.0170619525015, -0.00426620943472, 0.00169945158996, -0.00512969400734], [-3.31106275553e-05, -0.000323791435221, 0.00131324212998, 0.000901107792743, 0.00275949551724, -0.00403693597764, 0.000572977703996, -0.00111575482879, -0.00106785201933, -0.00426620943472, 0.0208739954978, -0.00536358077079, -0.000536759442184], [-0.00019041786436, 0.00100935541559, -0.00232920050621, 0.00135862256866, -0.00124753476121, 0.00263608829118, -0.000805351650342, 0.00104236486368, -0.00148900970817, 0.00169945158996, -0.00536358077079, 0.0186972860247, -0.00695084873587], [0.000309165508952, -0.000489805708639, -4.31330372521e-05, -0.00152993376832, -0.000194239590201, -0.00139007798862, 0.00158070237376, -0.00280542345718, 0.0039705298841, -0.00512969400734, -0.000536759442184, -0.00695084873587, 0.0216770898551]]}, "silence_rate_20dB": {"dvar2": 0, "var": 0, "min": 1, "dmean": 0, "mean": 1, "max": 1, "dmean2": 0, "median": 1, "dvar": 0}, "melbands_kurtosis": {"dvar2": 513319.4375, "var": 106302.351562, "min": -1.91973769665, "dmean": 30.3286075592, "mean": 23.1478538513, "max": 17343.3125, "dmean2": 54.6014289856, "median": -1.12385964394, "dvar": 179917.09375}, "barkbands_spread": {"dvar2": 578.74407959, "var": 376.628326416, "min": 0.0505747571588, "dmean": 7.33542299271, "mean": 24.6246337891, "max": 136.018280029, "dmean2": 12.079627037, "median": 25.1893386841, "dvar": 252.221420288}, "erbbands_skewness": {"dvar2": 1.06238520145, "var": 1.5181491375, "min": -6.30198335648, "dmean": 0.371403664351, "mean": -0.18927782774, "max": 10.1962299347, "dmean2": 0.585717082024, "median": -0.601638913155, "dvar": 0.482996046543}, "average_loudness": 0.284680604935, "spectral_centroid": {"dvar2": 1757438.25, "var": 21005196, "min": 145.441574097, "dmean": 489.702575684, "mean": 7674.81494141, "max": 12156.265625, "dmean2": 813.123046875, "median": 10793.4638672, "dvar": 1011780.1875}, "dissonance": {"dvar2": 0.00333920354024, "var": 0.00421057222411, "min": 0.0626526847482, "dmean": 0.017751481384, "mean": 0.46741566062, "max": 0.500000059605, "dmean2": 0.0284727662802, "median": 0.492533296347, "dvar": 0.00133807014208}, "erbbands_flatness_db": {"dvar2": 0.00159777957015, "var": 0.00616281433031, "min": 0.0258530341089, "dmean": 0.017556283623, "mean": 0.13883626461, "max": 0.626903474331, "dmean2": 0.0264458470047, "median": 0.102803818882, "dvar": 0.000844527268782}, "spectral_strongpeak": {"dvar2": 1.15356957912, "var": 0.84684997797, "min": 0, "dmean": 0.171983480453, "mean": 0.309434115887, "max": 13.6653547287, "dmean2": 0.268749147654, "median": 3.9429512988e-09, "dvar": 0.457275390625}, "spectral_rms": {"dvar2": 1.00533566183e-06, "var": 7.57038787924e-06, "min": 3.07869875427e-12, "dmean": 0.000326304754708, "mean": 0.0013785045594, "max": 0.0121371522546, "dmean2": 0.000383712584153, "median": 3.27667970881e-12, "dvar": 7.56439817451e-07}, "silence_rate_60dB": {"dvar2": 0.0532030537724, "var": 0.174722209573, "min": 0, "dmean": 0.026980727911, "mean": 0.774352371693, "max": 1, "dmean2": 0.0539730116725, "median": 1, "dvar": 0.026251334697}, "melbands": {"dvar2": [3.79795324079e-07, 6.44712713438e-07, 1.61757202477e-06, 2.31067497225e-06, 1.06309641978e-06, 1.17102513286e-06, 7.2909898563e-07, 4.31027473269e-07, 2.80693996046e-07, 9.12957816013e-08, 2.97419333606e-08, 7.45320605233e-09, 5.3966666691e-09, 4.17420098486e-09, 2.16002393749e-09, 1.20834109385e-09, 5.5813231814e-10, 5.17820952783e-10, 5.37149269508e-10, 3.7481570625e-10, 1.75715164641e-10, 1.61956670297e-10, 2.1363399938e-10, 7.16248588217e-11, 6.70413932702e-11, 7.33438240696e-11, 4.10844622212e-11, 3.29241529873e-11, 1.01599235969e-10, 1.90793644772e-10, 3.35531775975e-11, 1.2286477391e-11, 5.45640164995e-11, 3.44227785165e-10, 1.19588089431e-10, 2.08848369154e-10, 2.56941218302e-10, 1.6477218201e-10, 3.1853606558e-11, 1.80893459933e-11], "var": [3.1075495599e-07, 2.49508661909e-06, 6.8967055995e-06, 5.3960952755e-06, 2.68872327069e-06, 1.69952249962e-06, 6.88410864313e-07, 2.36439618106e-07, 1.06105140674e-07, 1.39783153941e-07, 2.07533741303e-08, 6.18263262808e-09, 3.77073172686e-09, 3.01653635404e-09, 2.55403120875e-09, 7.76879283126e-10, 3.72204211896e-10, 3.05237085607e-10, 3.95945276566e-10, 1.90028826008e-10, 1.67979269383e-10, 1.2071585398e-10, 1.63507818396e-10, 7.68780525351e-11, 6.92909202238e-11, 4.5630825507e-11, 1.83224841549e-11, 2.95981954224e-11, 7.57222826109e-11, 1.17726287052e-10, 3.66905811289e-11, 1.09329515927e-11, 4.22099820374e-11, 2.30804722556e-10, 1.76687844911e-10, 2.05056707725e-10, 1.6823875626e-10, 2.35664043835e-10, 4.86144180467e-11, 2.82199315998e-11], "min": [3.10023247872e-25, 3.01260802804e-25, 5.85089258717e-25, 5.4351988819e-25, 3.57531483769e-25, 8.03827470138e-25, 9.51674499095e-25, 8.54400553911e-25, 6.56933237242e-25, 1.17511037721e-24, 9.39011210807e-25, 8.09839181881e-25, 1.35626488852e-24, 1.38263424061e-24, 1.81177289672e-24, 1.44297983188e-24, 1.35294131892e-24, 1.60236316272e-24, 1.81747636106e-24, 1.36358098177e-24, 1.96658172177e-24, 2.13516997469e-24, 2.83991050006e-24, 2.14613218304e-24, 2.90726936061e-24, 3.05444930906e-24, 3.40983351345e-24, 2.7676930452e-24, 3.3655011083e-24, 3.62828605861e-24, 3.20926602273e-24, 3.7845459933e-24, 3.8210623646e-24, 4.63376343524e-24, 4.46174797612e-24, 4.4183614152e-24, 4.27636921327e-24, 4.31170505423e-24, 5.57236907294e-24, 4.86604707866e-24], "dmean": [6.7846798629e-05, 0.000146159494761, 0.000300834246445, 0.000294525438221, 0.000206569922739, 0.000192643055925, 0.000121395234601, 7.04272242729e-05, 4.79206282762e-05, 3.88000880776e-05, 1.74820652319e-05, 9.0565172286e-06, 7.05389857103e-06, 5.51492348677e-06, 4.39211817138e-06, 3.23442213812e-06, 2.49564504884e-06, 2.56614794125e-06, 2.9789130167e-06, 2.06133722713e-06, 1.40025144901e-06, 1.57579381721e-06, 1.62447770435e-06, 1.21920390939e-06, 1.14422516617e-06, 8.63846764787e-07, 6.16345687376e-07, 6.72039902838e-07, 9.42118219882e-07, 1.03751062852e-06, 4.88295313517e-07, 3.07692971546e-07, 5.67191307255e-07, 1.2968973806e-06, 1.00485476651e-06, 1.03348611447e-06, 9.69112193161e-07, 9.74120666797e-07, 4.96141694839e-07, 4.1451929178e-07], "mean": [0.000111817906145, 0.000351130845957, 0.000804613286164, 0.000581445754506, 0.000362169434084, 0.000321391358739, 0.000153926361236, 8.46690600156e-05, 5.11645412189e-05, 5.85207744734e-05, 2.13063085539e-05, 1.13894730021e-05, 9.38998982747e-06, 6.66670848659e-06, 5.66033304494e-06, 3.53150267074e-06, 3.05405978906e-06, 2.97269184557e-06, 3.37248752658e-06, 2.50668676927e-06, 1.84826592431e-06, 1.93645496438e-06, 2.00894169211e-06, 1.67439679899e-06, 1.55161274051e-06, 1.10054747893e-06, 7.46595389955e-07, 8.69786219937e-07, 1.15195348371e-06, 1.26419456592e-06, 7.06033858933e-07, 4.05493011613e-07, 7.43707573747e-07, 1.62926698977e-06, 1.49543438965e-06, 1.51096696754e-06, 1.32542390929e-06, 1.44030252613e-06, 7.4839311992e-07, 5.91863908994e-07], "max": [0.0107907019556, 0.0232354663312, 0.0262419767678, 0.0340815335512, 0.0316869877279, 0.0187269076705, 0.0231893248856, 0.0104892924428, 0.0087366681546, 0.0065815593116, 0.00393624138087, 0.00174527138006, 0.00133864383679, 0.00169096118771, 0.00135487562511, 0.00101972545963, 0.000477243942441, 0.000388872256735, 0.000413735921029, 0.000391649402445, 0.000432928703958, 0.000258126150584, 0.000385505962186, 0.000253947189776, 0.000223342838581, 0.0002341389918, 0.000131791966851, 0.00013331855007, 0.000249840930337, 0.000334867043421, 0.000153576009325, 6.83281032252e-05, 0.000132990666316, 0.000439863768406, 0.000332946510753, 0.00031649065204, 0.000426455633715, 0.00046608352568, 0.000242659298237, 0.000145701036672], "dmean2": [0.000101690726297, 0.000181469265954, 0.00037002962199, 0.000376200216124, 0.000259668508079, 0.000252516183536, 0.000161813091836, 0.000104358055978, 7.26353391656e-05, 4.99368652527e-05, 2.50463344855e-05, 1.31572678583e-05, 1.02863277789e-05, 8.10803157947e-06, 6.27235522188e-06, 5.12239284944e-06, 3.85361227018e-06, 3.98465590479e-06, 4.4197436182e-06, 3.15984993904e-06, 2.01151806323e-06, 2.36140886045e-06, 2.44393845605e-06, 1.81203461125e-06, 1.6460887764e-06, 1.30168211854e-06, 9.78634261628e-07, 1.01162629562e-06, 1.35635968945e-06, 1.55590635131e-06, 7.01190685959e-07, 4.44468469141e-07, 8.90496551165e-07, 1.83376073437e-06, 1.34184790568e-06, 1.55277143676e-06, 1.44404850744e-06, 1.32054185542e-06, 6.68958421102e-07, 5.48249602161e-07], "median": [1.49527164635e-23, 1.48102134741e-23, 1.47774820575e-23, 1.46200585529e-23, 1.44377385982e-23, 1.46210209632e-23, 1.47016441255e-23, 1.42385086212e-23, 1.43552868564e-23, 1.41093263371e-23, 1.39855619496e-23, 1.43219716827e-23, 1.39380567459e-23, 1.40013817662e-23, 1.3602088775e-23, 1.35925514467e-23, 1.37653403839e-23, 1.35787085155e-23, 1.35347121651e-23, 1.36242257897e-23, 1.32442425357e-23, 1.31339771361e-23, 1.30715411621e-23, 1.33065041715e-23, 1.29814280031e-23, 1.29150161701e-23, 1.28338415941e-23, 1.26835383481e-23, 1.27742013431e-23, 1.25765238443e-23, 1.24596462126e-23, 1.23395508172e-23, 1.25729992138e-23, 1.23583170293e-23, 1.24164158461e-23, 1.24521741221e-23, 1.22433547519e-23, 1.20784938667e-23, 1.21679577931e-23, 1.19984165962e-23], "dvar": [1.53819314619e-07, 4.91420053095e-07, 1.14783063054e-06, 1.52347899984e-06, 7.71096210883e-07, 7.32495891498e-07, 4.00044854132e-07, 1.92456255377e-07, 1.1018453705e-07, 5.57242003651e-08, 1.45122260875e-08, 3.98960375847e-09, 2.3309789654e-09, 1.88570825621e-09, 1.30434885115e-09, 6.04448158192e-10, 2.49033293986e-10, 2.32472416317e-10, 2.7223689969e-10, 1.47418396934e-10, 8.97203283889e-11, 7.56436926985e-11, 9.12221131966e-11, 3.70586790421e-11, 3.57631112224e-11, 3.29944717381e-11, 1.62060833503e-11, 1.72069129778e-11, 5.03513827854e-11, 7.82076625683e-11, 1.63967259909e-11, 5.86939134448e-12, 2.51056033601e-11, 1.57727081396e-10, 7.24193274793e-11, 9.49099271397e-11, 1.05952163709e-10, 1.01543169706e-10, 2.15769416223e-11, 1.16827996929e-11]}, "spectral_skewness": {"dvar2": 0.824200928211, "var": 2.9757361412, "min": -0.475364595652, "dmean": 0.262470811605, "mean": 0.819319605827, "max": 22.7509098053, "dmean2": 0.409060448408, "median": 0.0258231423795, "dvar": 0.39385253191}, "melbands_flatness_db": {"dvar2": 0.00523325707763, "var": 0.0282940678298, "min": -1.29429722051e-07, "dmean": 0.0227143149823, "mean": 0.106775380671, "max": 0.814785897732, "dmean2": 0.031524438411, "median": 0.00831860210747, "dvar": 0.00293173757382}, "spectral_decrease": {"dvar2": 1.00450315503e-17, "var": 3.65789093777e-17, "min": -3.90009091689e-08, "dmean": 8.5430074126e-10, "mean": -2.42298892061e-09, "max": 1.45125185643e-16, "dmean2": 1.07078657052e-09, "median": -4.85061074582e-29, "dvar": 6.83796546147e-18}, "erbbands_crest": {"dvar2": 13.1978797913, "var": 24.1558361053, "min": 2.14724397659, "dmean": 1.45268666744, "mean": 6.08510351181, "max": 30.9924259186, "dmean2": 2.3215212822, "median": 3.69718265533, "dvar": 5.55678081512}, "gfcc": {"mean": [-836.916748047, 21.8603420258, -24.5412731171, 9.63235378265, -16.7250480652, -0.416808217764, -14.5135173798, 1.89379703999, -9.41143894196, 0.557491779327, -3.57491207123, -1.5446460247, -2.06872344017], "cov": [[210929.1875, 18492.0097656, -15711.8505859, 6237.10498047, -11178.859375, -1621.24389648, -10152.2216797, 725.600891113, -6290.55566406, -20.8275184631, -2249.57910156, -1552.94946289, -1248.65551758], [18492.0097656, 4180.95166016, -1175.64135742, 164.389190674, -996.661804199, -639.906555176, -1015.10974121, -206.109542847, -658.940124512, -181.235488892, -117.452316284, -345.607086182, -29.6491794586], [-15711.8505859, -1175.64135742, 1650.32128906, -380.360443115, 855.707519531, 78.3578567505, 70