{"tonal": {"thpcp": [1, 0.813621342182, 0.673675239086, 0.766696333885, 0.597891449928, 0.479393929243, 0.5126080513, 0.433287203312, 0.570946753025, 0.82411801815, 0.698804557323, 0.623986959457, 0.737703084946, 0.598843216896, 0.620641410351, 0.769769489765, 0.553255140781, 0.377885192633, 0.384246110916, 0.346352100372, 0.485048025846, 0.607500851154, 0.438982963562, 0.466215074062, 0.673076868057, 0.522074580193, 0.369914919138, 0.427467048168, 0.365686804056, 0.445575475693, 0.676292002201, 0.603331327438, 0.528629660606, 0.653153419495, 0.602886140347, 0.731016695499], "hpcp": {"dmean2": [0.174676299095, 0.158341184258, 0.158677279949, 0.168793171644, 0.155480518937, 0.138804629445, 0.145299956203, 0.142839342356, 0.151394277811, 0.19421517849, 0.196678414941, 0.189088225365, 0.208220884204, 0.213495388627, 0.230552434921, 0.252125561237, 0.243556201458, 0.225596636534, 0.210808694363, 0.193170264363, 0.182112038136, 0.179131254554, 0.167011544108, 0.198456421494, 0.22576187551, 0.22535417974, 0.210878446698, 0.207594543695, 0.203941509128, 0.195900946856, 0.206949487329, 0.17582796514, 0.149932086468, 0.143687024713, 0.14069609344, 0.165218383074], "median": [0.0234902817756, 0.0214827358723, 0.0228603370488, 0.0247221961617, 0.022230701521, 0.0144465789199, 0.00948538444936, 0.0102757178247, 0.0180647112429, 0.0248630456626, 0.0283403843641, 0.0281740799546, 0.0254778079689, 0.0292461384088, 0.0457061268389, 0.0496021658182, 0.0445147156715, 0.0343727022409, 0.027142541483, 0.0224294811487, 0.0154642947018, 0.0121718002483, 0.0144010260701, 0.0250021722168, 0.0326706320047, 0.0335239134729, 0.0334884226322, 0.0294357985258, 0.0316070616245, 0.0336988084018, 0.0303841531277, 0.0231522060931, 0.0133366659284, 0.00981870759279, 0.0126528115943, 0.0199152976274], "min": [0, 0, 0, 0, 0, 0, 0, 0, 0, 0, 0, 0, 0, 0, 0, 0, 0, 0, 0, 0, 0, 0, 0, 0, 0, 0, 0, 0, 0, 0, 0, 0, 0, 0, 0, 0], "dvar2": [0.0888240262866, 0.0824017971754, 0.0821243673563, 0.0867511034012, 0.0768031477928, 0.0767488107085, 0.0846559628844, 0.081841468811, 0.0772084072232, 0.105337046087, 0.10105317086, 0.0966991558671, 0.112248830497, 0.112968891859, 0.117148555815, 0.138752967119, 0.127889811993, 0.120938807726, 0.116875402629, 0.112072996795, 0.116344824433, 0.114639602602, 0.0982997715473, 0.10694437474, 0.128864750266, 0.12526267767, 0.111652709544, 0.115120582283, 0.106601081789, 0.0965657830238, 0.117764905095, 0.093993589282, 0.0834793150425, 0.0822243615985, 0.076692096889, 0.0878626406193], "dvar": [0.0338565297425, 0.0299369115382, 0.0292712580413, 0.0326419807971, 0.028338925913, 0.0277739800513, 0.0323943085968, 0.0300049502403, 0.0281382668763, 0.0400917753577, 0.0379051081836, 0.0350558571517, 0.041905850172, 0.0420355312526, 0.043779309839, 0.0516766794026, 0.0471425913274, 0.0453246459365, 0.0438867174089, 0.0399367921054, 0.041528083384, 0.0420282706618, 0.0348936356604, 0.0382886938751, 0.0477242395282, 0.0451448261738, 0.0404264368117, 0.0432354621589, 0.0382002331316, 0.0351106598973, 0.0428771786392, 0.033987827599, 0.0304841492325, 0.0307326950133, 0.0283548496664, 0.031943552196], "dmean": [0.101687468588, 0.0904726013541, 0.0895101651549, 0.0973715037107, 0.0900078713894, 0.0790837854147, 0.0824181586504, 0.0806838423014, 0.087933152914, 0.112624160945, 0.113778784871, 0.107977740467, 0.117873288691, 0.121427103877, 0.132155820727, 0.145006790757, 0.138505220413, 0.128395885229, 0.120888374746, 0.110540613532, 0.102717086673, 0.100872501731, 0.0946431010962, 0.112282291055, 0.12759205699, 0.127561971545, 0.11960554868, 0.119196951389, 0.116460055113, 0.11236987263, 0.118418812752, 0.100944750011, 0.0848616063595, 0.0812559276819, 0.079485565424, 0.0943606048822], "max": [1, 1, 1, 1, 1, 1, 1, 1, 1, 1, 1, 1, 1, 1, 1, 1, 1, 1, 1, 1, 1, 1, 1, 1, 1, 1, 1, 1, 1, 1, 1, 1, 1, 1, 1, 1], "var": [0.0597231686115, 0.0342138074338, 0.0355259813368, 0.0712034255266, 0.042917817831, 0.0309604462236, 0.046216391027, 0.032255705446, 0.0351623520255, 0.0704785957932, 0.0519383512437, 0.0409707613289, 0.066512554884, 0.0523494631052, 0.0579758025706, 0.105164088309, 0.0720569640398, 0.0586510300636, 0.0824923366308, 0.0546756014228, 0.0442872717977, 0.0549487732351, 0.0376898236573, 0.0482523217797, 0.0889942795038, 0.0638259500265, 0.0503326244652, 0.0777819231153, 0.047729510814, 0.0500530488789, 0.0824187994003, 0.0467835813761, 0.0328681655228, 0.0384049899876, 0.0279878042638, 0.041815161705], "mean": [0.13393715024, 0.0967836156487, 0.102787539363, 0.148394852877, 0.115103013813, 0.0815560147166, 0.0942446738482, 0.0806238353252, 0.0982370823622, 0.149103701115, 0.133017882705, 0.116548232734, 0.144002273679, 0.132919728756, 0.161168977618, 0.220472365618, 0.179381027818, 0.148526772857, 0.169035360217, 0.131818547845, 0.105693116784, 0.113015912473, 0.095527857542, 0.125877976418, 0.181695252657, 0.154067099094, 0.137571886182, 0.162643149495, 0.132028385997, 0.136834278703, 0.169712901115, 0.121977470815, 0.083313241601, 0.0847156494856, 0.0763610675931, 0.106939688325]}, "tuning_equal_tempered_deviation": 0.00953401904553, "chords_changes_rate": 0.0735969617963, "key_key": "G", "tuning_diatonic_strength": 0.38249245286, "key_scale": "minor", "chords_number_rate": 0.00209706416354, "tuning_frequency": 436.456176758, "tuning_nontempered_energy_ratio": 0.745872139931, "chords_histogram": [7.42959833145, 8.02875995636, 2.68623924255, 7.62931919098, 2.92590379715, 5.48232460022, 0.539245069027, 6.22129011154, 3.65488314629, 10.0459356308, 2.67625331879, 2.41661667824, 0.289594560862, 0.908727765083, 2.03714799881, 2.4765329361, 3.31535840034, 6.18134593964, 4.65348529816, 3.35530257225, 1.76752543449, 2.22688245773, 10.1358098984, 2.91591763496], "key_strength": 0.584025979042, "chords_key": "C", "chords_strength": {"dmean2": 0.0116627784446, "median": 0.516944527626, "min": 0.215538561344, "dvar2": 0.000129649284645, "dvar": 0.000100526776805, "dmean": 0.0115587171167, "max": 0.865489959717, "var": 0.0137883760035, "mean": 0.522831916809}, "chords_scale": "minor", "hpcp_entropy": {"dmean2": 1.0936820507, "median": 1.79729008675, "min": 0, "dvar2": 0.823071777821, "dvar": 0.288154661655, "dmean": 0.635087192059, "max": 4.37077665329, "var": 0.538848161697, "mean": 1.78540766239}}, "metadata": {"audio_properties": {"equal_loudness": 0, "codec": "mp3", "downmix": "mix", "sample_rate": 44100, "analysis_sample_rate": 44100, "bit_rate": 138706, "md5_encoded": "1142f3a6f2fa5cad2e59c513ee03d7be", "length": 464.97958374, "replay_gain": -5.34983444214, "lossless": false}, "version": {"essentia_build_sha": "70f2e5ece6736b2c40cc944ad0e695b16b925413", "essentia": "2.1-beta2", "extractor": "music 1.0", "essentia_git_sha": "v2.1_beta2"}, "tags": {"title": ["Der fliegende Holl\u00e4nder, WWV 63: Act II, Scene II. \"Mein Herz voll Treue bis zum Sterben\" (Erik, Senta)"], "barcode": ["4011222230539"], "media": ["CD"], "albumartist": ["Wagner, Richard"], "language": ["deu"], "musicbrainz_recordingid": ["140967ff-a2f9-470e-bc49-766ec3604459"], "composer": ["Richard Wagner"], "musicbrainz_albumartistid": ["eefd7c1e-abcf-4ccc-ba60-0fd435c9061f"], "discnumber": ["2/2"], "album": ["Die kompletten Opern"], "catalognumber": ["223053-337"], "musicbrainz album release country": ["DE"], "musicbrainz album type": ["album", "compilation"], "musicbrainz album status": ["official"], "originaldate": ["2005"], "work": ["Der Fliegende Holl\u00e4nder, Act II: Duett. \"Mein Herz, voll Treue bis zum Sterben\" (Erik, Senta)"], "date": ["2005-09-15"], "file_name": "01 - Richard Wagner - Der fliegende Holl\u00e4nder, WWV 63: Act II, Scene II. \"Mein Herz voll Treue bis zum Sterben\" (Erik, Senta).mp3", "musicbrainz_albumid": ["aff33e98-6e92-49be-9c4d-2659f1c69389"], "musicbrainz_releasegroupid": ["959c63b0-507a-45b1-8653-958dca07a32a"], "musicbrainz_artistid": ["eefd7c1e-abcf-4ccc-ba60-0fd435c9061f"], "asin": ["3865622119"], "musicbrainz_workid": ["3055f148-75bf-35f2-811f-85d01d11daad"], "artist": ["Richard Wagner"], "artistsort": ["Wagner, Richard"], "tracknumber": ["1/11"], "label": ["Documents"], "albumartistsort": ["Wagner, Richard"], "acoustid_id": ["1aca4c3b-99d0-4d38-96b6-a94c4c9283c3"], "script": ["Latn"]}}, "rhythm": {"bpm_histogram_first_peak_bpm": {"dmean2": 0, "median": 126, "min": 126, "dvar2": 0, "dvar": 0, "dmean": 0, "max": 126, "var": 0, "mean": 126}, "bpm": 126.618553162, "bpm_histogram_second_peak_spread": {"dmean2": 0, "median": 0, "min": 0, "dvar2": 0, "dvar": 0, "dmean": 0, "max": 0, "var": 0, "mean": 0}, "bpm_histogram_first_peak_weight": {"dmean2": 0, "median": 0.0723888278008, "min": 0.0723888278008, "dvar2": 0, "dvar": 0, "dmean": 0, "max": 0.0723888278008, "var": 0, "mean": 0.0723888278008}, "onset_rate": 2.82801055908, "beats_position": [0.510838985443, 1.03328800201, 1.55573689938, 2.07818579674, 2.61224484444, 3.14630389214, 3.66875267029, 4.20281171799, 4.73687076569, 5.27092981339, 5.79337835312, 6.31582736969, 6.84988641739, 7.37233543396, 7.84834432602, 8.31274318695, 8.77714252472, 9.26476192474, 9.75238037109, 10.2399997711, 10.7276191711, 11.2152376175, 11.7144670486, 12.2136955261, 12.7129249573, 13.2005443573, 13.6881628036, 14.1757822037, 14.6750106812, 15.1277999878, 15.5805892944, 16.0449886322, 16.5326080322, 17.0086174011, 17.4846248627, 17.995464325, 18.5063037872, 19.0171432495, 19.5512008667, 20.0852603912, 20.6193199158, 21.1649875641, 21.6990470886, 22.221496582, 22.7439460754, 23.2547836304, 23.7656230927, 24.1719722748, 24.5783214569, 24.984670639, 25.3329696655, 25.681268692, 26.0179595947, 26.3546485901, 26.7029476166, 27.0512466431, 27.3995456696, 27.747844696, 28.0961437225, 28.4444446564, 28.7811336517, 29.1178226471, 29.4661216736, 29.8144207001, 30.1627197266, 30.4994106293, 30.8360996246, 31.17278862, 31.5210876465, 31.869386673, 32.2292976379, 32.5775947571, 32.960723877, 33.3438529968, 33.7269821167, 34.1101112366, 34.5164604187, 34.9228096008, 35.3407707214, 35.8051681519, 36.269569397, 36.7339668274, 37.1983680725, 37.6627655029, 38.1387748718, 38.6031723022, 39.0327415466, 39.462310791, 39.8802719116, 40.3562812805, 40.8438987732, 41.3315200806, 41.795917511, 42.2835350037, 42.771156311, 43.2471656799, 43.7231750488, 44.1991844177, 44.6635818481, 45.1279792786, 45.5923805237, 46.0567779541, 46.5211791992, 46.9855766296, 47.4615859985, 47.9143753052, 48.355556488, 48.80834198, 49.2843513489, 49.7603607178, 50.2363700867, 50.7123794556, 51.1767807007, 51.6527900696, 52.1287956238, 52.6164169312, 53.0924263, 53.6380958557, 54.1837615967, 54.7294311523, 55.2634925842, 55.7975502014, 56.3199996948, 56.7843971252, 57.2604064941, 57.7248077393, 58.1892051697, 58.6419944763, 59.094783783, 59.5591812134, 60.0235824585, 60.4879798889, 60.9291610718, 61.3703384399, 61.8231277466, 62.2759170532, 62.6706581116, 63.0653953552, 63.4601364136, 63.9941940308, 64.5166397095, 65.0390930176, 65.5847625732, 66.142036438, 66.6877059937, 67.2449874878, 67.813873291, 68.3595428467, 68.8936004639, 69.4392700195, 69.9849395752, 70.5189971924, 71.053062439, 71.6103363037, 72.1676177979, 72.7132873535, 73.2705688477, 73.8162307739, 74.4431762695, 75.0701141357, 75.673828125, 76.2891616821, 76.9044876099, 77.5082092285, 78.1003189087, 78.6924285889, 79.2845306396, 79.8882522583, 80.4571380615, 81.0376434326, 81.6181411743, 82.198638916, 82.7791366577, 83.3480224609, 83.9169158936, 84.4858016968, 84.9385910034, 85.3913803101, 85.8441696167, 86.3085708618, 86.7613601685, 87.2141494751, 87.6669387817, 88.1081161499, 88.537689209, 88.9672546387, 89.3968200684, 89.814781189, 90.2327423096, 90.6507034302, 91.0454406738, 91.451789856, 91.8581390381, 92.2993164062, 92.7404937744, 93.1700668335, 93.5996322632, 94.0408172607, 94.4819946289, 94.9231719971, 95.3643493652, 95.8055343628, 96.246711731, 96.6762771606, 97.1174621582, 97.5586395264, 97.9882049561, 98.4177780151, 98.8473434448, 99.2769165039, 99.7064819336, 100.147659302, 100.588844299, 101.030021667, 101.494422913, 101.947212219, 102.400001526, 102.980499268, 103.549385071, 104.118278503, 104.687164307, 105.25605011, 105.813331604, 106.370613098, 106.927886963, 107.496780396, 108.05405426, 108.622947693, 109.203445435, 109.783943176, 110.364440918, 110.94493866, 111.525436401, 112.105941772, 112.686439514, 113.278549194, 113.859046936, 114.462760925, 115.066482544, 115.658592224, 116.250701904, 116.842811584, 117.400085449, 117.945755005, 118.491424561, 119.060317993, 119.629203796, 120.1980896, 120.778594971, 121.359092712, 121.939590454, 122.520088196, 123.088973999, 123.692695618, 124.296417236, 124.900131226, 125.503852844, 126.107574463, 126.734512329, 127.361450195, 127.965164185, 128.568893433, 129.172607422, 129.648620605, 130.147842407, 130.635467529, 131.123077393, 131.610702515, 132.098312378, 132.5859375, 133.085174561, 133.584396362, 133.990753174, 134.397094727, 134.7918396, 135.198181152, 135.616149902, 136.045715332, 136.463668823, 136.881637573, 137.299591064, 137.705932617, 138.123901367, 138.553466797, 138.983032227, 139.389389038, 139.807342529, 140.225296021, 140.643264771, 141.0728302, 141.514007568, 141.966796875, 142.407974243, 142.965255737, 143.522537231, 144.079818726, 144.671920776, 145.264038086, 145.844528198, 146.425033569, 147.005523682, 147.586029053, 148.166534424, 148.735412598, 149.30430603, 149.873199463, 150.442077637, 150.999359131, 151.556640625, 152.113922119, 152.671203613, 153.240081787, 153.80897522, 154.389480591, 154.969970703, 155.538864136, 156.072921753, 156.60697937, 157.141036987, 157.756362915, 158.371704102, 158.987030029, 159.602355957, 160.217681885, 160.821395874, 161.425125122, 162.028839111, 162.620956421, 163.213058472, 163.793563843, 164.362442017, 164.942947388, 165.488616943, 166.034286499, 166.568344116, 167.102401733, 167.648071289, 168.216964722, 168.785842896, 169.412780762, 170.039718628, 170.655059814, 171.258773804, 171.874099731, 172.489425659, 173.104751587, 173.720092773, 174.300582886, 174.881088257, 175.461578369, 176.04208374, 176.634185791, 177.237915039, 177.841629028, 178.422134399, 179.002624512, 179.571517944, 180.024307251, 180.477096558, 180.918273926, 181.347839355, 181.789016724, 182.218597412, 182.648162842, 183.08934021, 183.530517578, 183.971694946, 184.412872314, 184.854049683, 185.283630371, 185.713195801, 186.177597046, 186.630386353, 187.094787598, 187.547576904, 188.011962891, 188.476364136, 189.010421753, 189.54447937, 190.078552246, 190.600997925, 191.123443604, 191.657501221, 192.272827148, 192.876556396, 193.491882324, 194.107208252, 194.699310303, 195.279815674, 195.871917725, 196.405975342, 196.940048218, 197.474105835, 197.926895142, 198.391296387, 198.844070435, 199.320083618, 199.796096802, 200.272109985, 200.74810791, 201.224121094, 201.700134277, 202.176147461, 202.640533447, 203.116546631, 203.592559814, 204.05696106, 204.532974243, 205.008972168, 205.484985352, 205.949386597, 206.413787842, 206.866577148, 207.307754517, 207.760543823, 208.306213379, 208.840270996, 209.374328613, 209.919998169, 210.477279663, 211.092605591, 211.69631958, 212.311645508, 212.892150879, 213.461044312, 214.041534424, 214.610427856, 215.179321289, 215.701766968, 216.224212646, 216.735046387, 217.234283447, 217.733505249, 218.244354248, 218.766799927, 219.277633667, 219.788482666, 220.276092529, 220.77532959, 221.274551392, 221.773788452, 222.273010254, 222.772247314, 223.271469116, 223.770706177, 224.25831604, 224.757553101, 225.256774902, 225.756011963, 226.255233765, 226.754455566, 227.253692627, 227.752914429, 228.240539551, 228.728164673, 229.227386475, 229.726623535, 230.225845337, 230.678634644, 231.13142395, 231.584213257, 231.990570068, 232.40852356, 232.814865112, 233.221221924, 233.569519043, 233.917816162, 234.266113281, 234.6144104, 234.962722778, 235.311019897, 235.659317017, 236.007614136, 236.355911255, 236.715820312, 237.064117432, 237.412414551, 237.74911499, 238.097412109, 238.445709229, 238.794006348, 239.153915405, 239.490600586, 239.827301025, 240.152374268, 240.489059448, 240.814147949, 241.139221191, 241.475906372, 241.812606812, 242.149291992, 242.485977173, 242.822677612, 243.159362793, 243.507659912, 243.855957031, 244.192642212, 244.529342651, 244.866027832, 245.214324951, 245.56262207, 245.910919189, 246.259231567, 246.607528687, 246.955825806, 247.304122925, 247.652420044, 247.989105225, 248.349014282, 248.70892334, 249.080444336, 249.451965332, 249.846710205, 250.22984314, 250.612960815, 250.984481812, 251.367614746, 251.750747681, 252.122268677, 252.493789673, 252.876907349, 253.271652222, 253.654785156, 254.119186401, 254.595184326, 255.059585571, 255.523986816, 256.069641113, 256.615325928, 257.207427979, 257.799530029, 258.391662598, 258.983764648, 259.575866699, 260.179595947, 260.783294678, 261.387023926, 261.967529297, 262.548034668, 263.140136719, 263.73223877, 264.312744141, 264.893249512, 265.473724365, 266.077453613, 266.681182861, 267.296508789, 267.842163086, 268.3878479, 268.91027832, 269.397918701, 269.897125244, 270.396362305, 271.000091553, 271.592193604, 272.184295654, 272.788024902, 273.39175415, 273.983856201, 274.564361572, 275.156463623, 275.760162354, 276.363891602, 276.96762085, 277.57131958, 278.151824951, 278.732330322, 279.324432373, 279.893341064, 280.473815918, 281.089141846, 281.692871094, 282.296600342, 282.877105713, 283.469207764, 284.049713135, 284.641815186, 285.233917236, 285.756378174, 286.278808594, 286.789642334, 287.300506592, 287.811340332, 288.333770752, 288.856231689, 289.378692627, 289.912750244, 290.446807861, 290.992462158, 291.538146973, 292.08380127, 292.606262207, 293.140319824, 293.662750244, 294.196807861, 294.707672119, 295.230102539, 295.752563477, 296.263397217, 296.762634277, 297.273468018, 297.784301758, 298.306762695, 298.817596436, 299.328430176, 299.839263916, 300.338500977, 300.837738037, 301.33694458, 301.847808838, 302.347015381, 302.846252441, 303.217773438, 303.600891113, 303.972412109, 304.332336426, 304.703857422, 305.075378418, 305.446899414, 305.806793213, 306.178314209, 306.561431885, 306.944580078, 307.327697754, 307.792114258, 308.256500244, 308.709289551, 309.162078857, 309.614868164, 310.067657471, 310.532043457, 310.996459961, 311.449249268, 311.913635254, 312.27355957, 312.621856689, 312.981750488, 313.330047607, 313.689971924, 314.049865723, 314.409790039, 314.758087158, 315.118011475, 315.477905273, 315.83782959, 316.186126709, 316.534423828, 316.882720947, 317.231018066, 317.579315186, 317.927612305, 318.322357178, 318.717102051, 319.111816406, 319.4949646, 319.936126709, 320.377319336, 320.806884766, 321.236450195, 321.666015625, 322.095581055, 322.478729248, 322.838623047, 323.22177124, 323.593292236, 323.964813232, 324.347930908, 324.731048584, 325.10256958, 325.474090576, 325.845611572, 326.217132568, 326.588653564, 326.960174561, 327.343292236, 327.72644043, 328.097961426, 328.469482422, 328.841003418, 329.212524414, 329.59564209, 329.978759766, 330.350280762, 330.721801758, 331.093322754, 331.534515381, 331.97567749, 332.416870117, 332.869659424, 333.24118042, 333.624298096, 333.984222412, 334.344116211, 334.69241333, 335.02911377, 335.365783691, 335.690887451, 336.015960693, 336.341033936, 336.666107178, 336.99118042, 337.31628418, 337.664581299, 338.012878418, 338.372772217, 338.732696533, 339.150665283, 339.568603516, 339.974945068, 340.439361572, 340.903747559, 341.368164062, 341.844177246, 342.308563232, 342.784576416, 343.2605896, 343.736602783, 344.212615967, 344.688598633, 345.164611816, 345.640625, 346.116638184, 346.615875244, 347.103485107, 347.602722168, 348.0206604, 348.43862915, 348.8565979, 349.27456665, 349.692504883, 350.110473633, 350.516815186, 350.923156738, 351.341125488, 351.759094238, 352.177032471, 352.583404541, 352.989746094, 353.384490967, 353.767608643, 354.150756836, 354.545471191, 354.928619385, 355.311737061, 355.694854736, 356.07800293, 356.461120605, 356.937133789, 357.413146973, 357.889160156, 358.481262207, 359.073364258, 359.746765137, 360.420135498, 361.093505859, 361.743652344, 362.393829346, 363.04397583, 363.694152832, 364.344299316, 364.994445801, 365.632995605, 366.283172607, 366.933319092, 367.420959473, 367.896942139, 368.372955322, 368.848968506, 369.324981689, 369.800994873, 370.277008057, 370.75302124, 371.217407227, 371.69342041, 372.169433594, 372.63381958, 373.028564453, 373.434906006, 373.829650879, 374.235992432, 374.642364502, 375.060302734, 375.466674805, 375.86138916, 376.256134033, 376.639282227, 377.033996582, 377.428741455, 377.835083008, 378.229827881, 378.624572754, 379.08895874, 379.564971924, 380.040985107, 380.505401611, 380.969787598, 381.445800781, 381.921813965, 382.397827148, 382.873840332, 383.349822998, 383.802612305, 384.255401611, 384.708190918, 385.079711914, 385.45123291, 385.811157227, 386.171051025, 386.530975342, 386.890869141, 387.250793457, 387.610687256, 387.970611572, 388.330505371, 388.702026367, 389.073547363, 389.491516113, 389.897857666, 390.304199219, 390.710571289, 391.093688965, 391.488433838, 391.883178711, 392.277893066, 392.672637939, 393.067382812, 393.450500488, 393.833648682, 394.216766357, 394.61151123, 394.994628906, 395.47064209, 395.946655273, 396.434265137, 397.061218262, 397.688140869, 398.291870117, 398.883972168, 399.476104736, 400.068206787, 400.660308838, 401.240814209, 401.798095703, 402.378601074, 402.970703125, 403.539581299, 404.096862793, 404.712188721, 405.327514648, 405.931243896, 406.534973145, 407.150299072, 407.77722168, 408.404174805, 408.949829102, 409.483886719, 410.017944336, 410.552001953, 411.074462891, 411.596893311, 412.119354248, 412.641815186, 413.152648926, 413.675079346, 414.197540283, 414.696777344, 415.207611084, 415.718444824, 416.194458008, 416.670471191, 417.146484375, 417.645721436, 418.144927979, 418.655761719, 419.201446533, 419.74710083, 420.292785645, 420.838439941, 421.372497559, 421.906555176, 422.440612793, 422.974700928, 423.508758545, 423.996368408, 424.483978271, 424.971588135, 425.436004639, 425.900390625, 426.364807129, 426.840820312, 427.305206299, 427.781219482, 428.257232666, 428.73324585, 429.197631836, 429.67364502, 430.149658203, 430.614044189, 430.962341309, 431.299041748, 431.635742188, 431.984039307, 432.332336426, 432.692230225, 433.040527344, 433.377227783, 433.725524902, 434.073822021, 434.410522461, 434.747192383, 435.083892822, 435.420593262, 435.745666504, 436.070739746, 436.395812988, 436.709289551, 437.034362793, 437.347839355, 437.661315918, 437.974761963, 438.299865723, 438.613311768, 438.938415527, 439.275085449, 439.611785889, 440.006530762, 440.401275635, 440.79598999, 441.190734863, 441.608703613, 442.026672363, 442.444610596, 442.967071533, 443.50112915, 444.035186768, 444.546020508, 445.056854248, 445.579315186, 446.090148926, 446.612609863, 447.123443604, 447.703948975, 448.284423828, 448.888153076, 449.480255127, 450.072387695, 450.676086426, 451.279815674, 451.883514404, 452.487243652, 453.0909729, 453.741119385, 454.402893066, 455.087890625, 455.772857666, 456.457855225, 457.142852783, 457.839447021, 458.52444458, 459.197814941, 459.859588623, 460.521362305, 461.148284912, 461.76361084, 462.390563965, 463.005889893, 463.62121582, 464.236541748], "beats_loudness": {"dmean2": 0.0218053460121, "median": 0.00880385190248, "min": 1.34438130317e-06, "dvar2": 0.00092121202033, "dvar": 0.000325432280079, "dmean": 0.012591524981, "max": 0.15795122087, "var": 0.000500628724694, "mean": 0.017056170851}, "danceability": 0.870512366295, "bpm_histogram_second_peak_weight": {"dmean2": 0, "median": 0.0579110644758, "min": 0.0579110644758, "dvar2": 0, "dvar": 0, "dmean": 0, "max": 0.0579110644758, "var": 0, "mean": 0.0579110644758}, "beats_count": 968, "bpm_histogram_second_peak_bpm": {"dmean2": 0, "median": 172, "min": 172, "dvar2": 0, "dvar": 0, "dmean": 0, "max": 172, "var": 0, "mean": 172}, "bpm_histogram_first_peak_spread": {"dmean2": 0, "median": 0.554140150547, "min": 0.554140150547, "dvar2": 0, "dvar": 0, "dmean": 0, "max": 0.554140150547, "var": 0, "mean": 0.554140150547}, "beats_loudness_band_ratio": {"dmean2": [0.207414209843, 0.277511656284, 0.348326414824, 0.258269816637, 0.181985512376, 0.0917346477509], "median": [0.0332004502416, 0.150015562773, 0.338480770588, 0.0872276350856, 0.0377592518926, 0.00516246212646], "min": [0.000104638915218, 1.1648511645e-05, 0.000985997612588, 1.47566288433e-05, 3.8680018406e-06, 3.27839688907e-06], "dvar2": [0.0816053450108, 0.070291236043, 0.0849560499191, 0.0774222537875, 0.0527133867145, 0.0588765740395], "dvar": [0.0315767228603, 0.0267956387252, 0.0337397903204, 0.0285902395844, 0.019491231069, 0.0197604000568], "dmean": [0.119206465781, 0.161251842976, 0.204994976521, 0.148811578751, 0.104531280696, 0.047953274101], "max": [0.984824419022, 0.949287414551, 0.997098445892, 0.988123893738, 0.783922672272, 0.955341935158], "var": [0.044368557632, 0.0422745235264, 0.0810799822211, 0.0378677137196, 0.0265752095729, 0.010900657624], "mean": [0.128186479211, 0.209824487567, 0.401034682989, 0.166862517595, 0.115769542754, 0.0310599468648]}}, "lowlevel": {"barkbands_spread": {"dmean2": 5.16730880737, "median": 9.23501968384, "min": 0.073387555778, "dvar2": 66.766784668, "dvar": 30.7372665405, "dmean": 3.33817648888, "max": 113.742858887, "var": 115.048347473, "mean": 12.2715215683}, "melbands_spread": {"dmean2": 8.62797832489, "median": 12.5623168945, "min": 0.209391653538, "dvar2": 292.02166748, "dvar": 135.943389893, "dmean": 5.6545176506, "max": 264.360046387, "var": 464.653289795, "mean": 19.0771331787}, "hfc": {"dmean2": 4.61098718643, "median": 5.19248819351, "min": 1.12309329321e-16, "dvar2": 67.4781799316, "dvar": 31.0425128937, "dmean": 3.1048617363, "max": 132.050720215, "var": 231.986862183, "mean": 11.7812519073}, "barkbands_kurtosis": {"dmean2": 6.98655128479, "median": 2.03573155403, "min": -1.96405148506, "dvar2": 497.236175537, "dvar": 187.72227478, "dmean": 4.38465499878, "max": 523.547546387, "var": 350.06829834, "mean": 6.8421421051}, "gfcc": {"mean": [-165.544708252, 151.401046753, -165.616378784, 9.68467903137, -68.5713043213, -11.5796022415, -35.57447052, -8.80159282684, 3.43681383133, -25.5304756165, 5.61772680283, -15.9517469406, -9.47086334229], "icov": [[0.000205069241929, -0.000227557160542, 0.000509785662871, -0.000281283661025, 0.000452593696536, -0.000182995776413, 0.000226416057558, -0.000119372067275, 0.000183105046744, -7.45876386645e-05, 0.000231804660871, 8.93355536391e-05, 8.60441141413e-05], [-0.000227557160542, 0.00227835448459, -0.00139367801603, 0.00118547957391, -0.00204748986289, 0.00145463715307, -0.00144241319504, 0.00216753431596, -0.000596336729359, 0.00118814629968, -0.00102473737206, 0.000297791091725, -0.000649992492981], [0.000509785662871, -0.00139367801603, 0.00228798063472, -0.00121066416614, 0.00165748503059, -0.0010546016274, 0.00108252943028, -0.00115288235247, 0.00128073396627, -0.00131742167287, 0.00136441085488, -3.73121329176e-05, 0.000716040085535], [-0.000281283661025, 0.00118547957391, -0.00121066416614, 0.00254942453466, -0.000715405680239, 0.000306977774017, -0.000293657067232, 0.00167943642009, -0.000807957607321, 0.00116359977983, -0.000457637390355, -9.33574629016e-05, -0.000375973206246], [0.000452593696536, -0.00204748986289, 0.00165748503059, -0.000715405680239, 0.00423025013879, -0.000767946592532, 0.00182101246901, -0.0020867693238, 0.00117220776156, -0.00133613636717, 0.00160926580429, -6.33091985947e-05, 0.000841997331008], [-0.000182995776413, 0.00145463715307, -0.0010546016274, 0.000306977774017, -0.000767946592532, 0.00346665875986, -0.000837736239191, 0.000393981201341, 0.000132352506625, 0.000408012041589, -0.000153140805196, -0.000188452191651, 4.28499770351e-05], [0.000226416057558, -0.00144241319504, 0.00108252943028, -0.000293657067232, 0.00182101246901, -0.000837736239191, 0.00348702841438, -0.00205875281245, 0.00143757462502, -0.0015485152835, 0.000857747800183, 0.000679867865983, 0.000816105282865], [-0.000119372067275, 0.00216753431596, -0.00115288235247, 0.00167943642009, -0.0020867693238, 0.000393981201341, -0.00205875281245, 0.00672277528793, -0.00257782684639, 0.00184221379459, -0.000722615222912, -0.00031318893889, 0.00022405674099], [0.000183105046744, -0.000596336729359, 0.00128073396627, -0.000807957607321, 0.00117220776156, 0.000132352506625, 0.00143757462502, -0.00257782684639, 0.00603969814256, -0.00282701198012, 0.000900360173546, 0.00135257537477, -0.000107291896711], [-7.45876386645e-05, 0.00118814629968, -0.00131742167287, 0.00116359977983, -0.00133613636717, 0.000408012041589, -0.0015485152835, 0.00184221379459, -0.00282701198012, 0.00570457288995, -0.00229578092694, 0.00123693828937, -0.00108173443004], [0.000231804660871, -0.00102473737206, 0.00136441085488, -0.000457637390355, 0.00160926580429, -0.000153140805196, 0.000857747800183, -0.000722615222912, 0.000900360173546, -0.00229578092694, 0.00697730435058, -0.00363138737157, 0.00311866169795], [8.93355536391e-05, 0.000297791091725, -3.73121329176e-05, -9.33574629016e-05, -6.33091985947e-05, -0.000188452191651, 0.000679867865983, -0.00031318893889, 0.00135257537477, 0.00123693828937, -0.00363138737157, 0.00884483382106, -0.00426934938878], [8.60441141413e-05, -0.000649992492981, 0.000716040085535, -0.000375973206246, 0.000841997331008, 4.28499770351e-05, 0.000816105282865, 0.00022405674099, -0.000107291896711, -0.00108173443004, 0.00311866169795, -0.00426934938878, 0.00974463671446]], "cov": [[16610.046875, -2385.42993164, -3786.95239258, 1247.20446777, -1360.82531738, 281.781890869, -614.168884277, -259.766296387, 150.217971802, -752.714233398, 6.22176361084, 104.220855713, 156.128387451], [-2385.42993164, 2346.09863281, 704.235656738, -638.56640625, 707.679260254, -581.948242188, 315.460235596, -264.596801758, -191.321517944, 78.3075637817, 15.7854881287, -80.3419342041, -11.4210882187], [-3786.95239258, 704.235656738, 1929.12475586, 80.7737503052, 115.619659424, 114.776077271, 64.5456085205, -59.512096405, -183.528808594, 154.576385498, -108.20665741, -37.2080917358, -39.2888374329], [1247.20446777, -638.56640625, 80.7737503052, 878.903564453, -277.964294434, 192.647491455, -247.616256714, -120.890739441, -21.77069664, -150.914962769, -40.3673858643, 65.2439727783, 45.5678672791], [-1360.82531738, 707.679260254, 115.619659424, -277.964294434, 647.36541748, -174.703186035, 9.05289459229, 20.4740581512, -26.2482357025, 56.496006012, -34.1197738647, -37.0809440613, -15.7413377762], [281.781890869, -581.948242188, 114.776077271, 192.647491455, -174.703186035, 517.786865234, -14.8291702271, 72.1719818115, -17.1387844086, -21.4808158875, -32.841758728, 18.1089801788, -14.0340919495], [-614.168884277, 315.460235596, 64.5456085205, -247.616256714, 9.05289459229, -14.8291702271, 553.983703613, 93.4466934204, -18.0147037506, 112.81703186, -2.3801407814, -91.1466140747, -63.9391708374], [-259.766296387, -264.596801758, -59.512096405, -120.890739441, 20.4740581512, 72.1719818115, 93.4466934204, 310.168884277, 106.031089783, 35.4006881714, -8.70984554291, -26.9183921814, -36.5999450684], [150.217971802, -191.321517944, -183.528808594, -21.77069664, -26.2482357025, -17.1387844086, -18.0147037506, 106.031089783, 303.755554199, 118.836128235, -8.53211021423, -61.8631477356, -7.86492729187], [-752.714233398, 78.3075637817, 154.576385498, -150.914962769, 56.496006012, -21.4808158875, 112.81703186, 35.4006881714, 118.836128235, 336.030426025, 46.7464065552, -60.660785675, -23.2877578735], [6.22176361084, 15.7854881287, -108.20665741, -40.3673858643, -34.1197738647, -32.841758728, -2.3801407814, -8.70984554291, -8.53211021423, 46.7464065552, 239.244400024, 77.6149215698, -26.5835494995], [104.220855713, -80.3419342041, -37.2080917358, 65.2439727783, -37.0809440613, 18.1089801788, -91.1466140747, -26.9183921814, -61.8631477356, -60.660785675, 77.6149215698, 203.740386963, 67.3574295044], [156.128387451, -11.4210882187, -39.2888374329, 45.5678672791, -15.7413377762, -14.0340919495, -63.9391708374, -36.5999450684, -7.86492729187, -23.2877578735, -26.5835494995, 67.3574295044, 148.09034729]]}, "spectral_energyband_middle_low": {"dmean2": 0.00552963931113, "median": 0.00368021801114, "min": 1.95335225618e-22, "dvar2": 0.000128300453071, "dvar": 5.45528127986e-05, "dmean": 0.00356923718937, "max": 0.163956582546, "var": 0.000251975317951, "mean": 0.00973508413881}, "melbands_crest": {"dmean2": 5.4369597435, "median": 14.3623933792, "min": 1.85064721107, "dvar2": 23.4710960388, "dvar": 9.25321006775, "dmean": 3.37923622131, "max": 35.2096328735, "var": 47.4863204956, "mean": 15.8681230545}, "spectral_kurtosis": {"dmean2": 13.2581090927, "median": 9.26434326172, "min": -1.70683264732, "dvar2": 294.525878906, "dvar": 107.126220703, "dmean": 7.80198812485, "max": 295.842712402, "var": 588.404052734, "mean": 18.0952281952}, "spectral_rms": {"dmean2": 0.00068390351953, "median": 0.00257470551878, "min": 3.12325447623e-12, "dvar2": 7.29442547254e-07, "dvar": 3.41132846415e-07, "dmean": 0.000457535730675, "max": 0.0131527753547, "var": 4.63234346171e-06, "mean": 0.00302309496328}, "zerocrossingrate": {"dmean2": 0.00812762510031, "median": 0.0390625, "min": 0.0029296875, "dvar2": 0.000167668054928, "dvar": 0.000162919663126, "dmean": 0.00711393496022, "max": 0.5126953125, "var": 0.0014293222921, "mean": 0.0491809360683}, "silence_rate_60dB": {"dmean2": 0.098881341517, "median": 0, "min": 0, "dvar2": 0.104176163673, "dvar": 0.0469914786518, "dmean": 0.049438200891, "max": 1, "var": 0.221691787243, "mean": 0.33171877265}, "erbbands_kurtosis": {"dmean2": 4.25717639923, "median": 0.772243738174, "min": -1.93744468689, "dvar2": 92.6283111572, "dvar": 37.5873374939, "dmean": 2.69774794579, "max": 232.636627197, "var": 138.722000122, "mean": 4.05402612686}, "erbbands": {"dmean2": [0.0009777455125, 0.0237708315253, 0.159536540508, 1.15760445595, 2.22086262703, 2.64316892624, 4.85199403763, 11.0476884842, 18.5956344604, 22.9937114716, 38.5232162476, 58.8665924072, 44.2116622925, 19.9960918427, 16.7594814301, 31.977519989, 24.5547389984, 21.8984069824, 16.8702659607, 15.0082416534, 21.077009201, 13.1321678162, 13.1478395462, 6.98017692566, 2.89506077766, 1.55701601505, 0.700029909611, 0.478267967701, 0.668856024742, 1.03522837162, 1.49733245373, 0.830806553364, 0.157913044095, 0.0144287031144, 0.00197036797181, 0.000264673406491, 2.61820750893e-05, 3.9984383875e-06, 3.43040255757e-06, 7.25414338376e-06], "median": [0.000193454601686, 0.00328453537077, 0.0220617875457, 0.0718038007617, 0.238086998463, 0.800310254097, 1.46726512909, 2.3230278492, 3.96930551529, 5.64507198334, 6.79949951172, 5.11202859879, 3.22447896004, 2.67025089264, 2.33772611618, 2.84084272385, 2.5632212162, 2.21922159195, 2.21062421799, 1.91896772385, 2.41721820831, 1.90620923042, 1.65967416763, 1.18785512447, 0.580874145031, 0.276837646961, 0.0935677886009, 0.0416021868587, 0.0368858650327, 0.0461894348264, 0.0521306917071, 0.0243662074208, 0.00370839890093, 0.000251801800914, 3.51500675606e-05, 1.18611242215e-05, 4.62439220428e-06, 1.24745588437e-06, 4.04455659009e-06, 8.32048681332e-06], "min": [1.48862154892e-22, 9.51937361748e-22, 9.64100168122e-21, 7.97837026558e-21, 2.04919941152e-20, 3.99798814396e-20, 1.01832525001e-19, 1.46538625655e-19, 9.92082621957e-20, 1.95376726113e-19, 5.34926741995e-19, 3.86958347576e-19, 1.12619771859e-18, 1.12660479485e-18, 1.36385177506e-18, 1.79905227824e-18, 1.58251148992e-18, 2.72283828056e-18, 3.91885459234e-18, 4.07471609926e-18, 4.55088220529e-18, 6.68125361288e-18, 7.72277243857e-18, 6.20247527048e-18, 1.0479288137e-17, 1.02769415612e-17, 7.39608738181e-18, 1.02989751712e-17, 1.28650499044e-17, 1.27006477576e-17, 1.16289997053e-17, 1.24161100346e-17, 9.0479960164e-18, 8.07656833991e-18, 6.14335377696e-18, 4.51764236596e-18, 2.45101225561e-18, 1.05771915799e-18, 2.87879997973e-19, 2.95173133111e-20], "dvar2": [1.02772828541e-05, 0.00796988606453, 0.355385541916, 39.1797142029, 147.553405762, 59.0282211304, 294.090026855, 875.682067871, 4893.27148438, 6579.45019531, 14940.2158203, 50545.640625, 54581.5859375, 14603.0029297, 4287.64501953, 16663.2207031, 8534.84570312, 7402.72802734, 4260.13085938, 3060.33007812, 3186.5378418, 1125.69873047, 1258.77624512, 375.330627441, 81.4699859619, 20.0399188995, 4.65553188324, 2.54867315292, 5.49921321869, 18.4126682281, 54.897228241, 16.3183860779, 0.551501452923, 0.0024549770169, 4.10478423873e-05, 8.23152333851e-07, 8.4035614023e-09, 2.3467483512e-10, 3.85745428655e-11, 1.82912809898e-10], "dvar": [4.4682724365e-06, 0.00383055885322, 0.159202098846, 14.1283597946, 59.6222915649, 23.4513149261, 100.998580933, 368.601226807, 2177.12451172, 3186.84814453, 6954.31689453, 24908.3320312, 24298.1464844, 5765.4375, 2034.41772461, 7377.90625, 3728.54223633, 3116.7421875, 1952.6751709, 1472.28015137, 1282.19384766, 472.208099365, 500.883758545, 149.670379639, 33.9069061279, 8.04005813599, 2.06426548958, 1.19019842148, 2.50319647789, 8.94974327087, 26.2199821472, 7.56829977036, 0.273181676865, 0.00128024350852, 1.93189116544e-05, 3.99197915613e-07, 4.17123802166e-09, 1.13190304352e-10, 1.72298512263e-11, 7.91397572475e-11], "dmean": [0.000625764776487, 0.0159925445914, 0.108732946217, 0.79342263937, 1.50752055645, 1.67546463013, 3.02065396309, 7.10594177246, 12.2783536911, 15.5036249161, 25.8001098633, 39.5540466309, 28.8517513275, 12.8580102921, 10.8966779709, 20.539680481, 15.5731725693, 13.7306394577, 10.9338121414, 9.71286773682, 13.0664787292, 8.38143920898, 8.25919246674, 4.38136959076, 1.82224094868, 0.963678240776, 0.445451110601, 0.312436431646, 0.429644495249, 0.677311241627, 0.988655507565, 0.545430958271, 0.106902614236, 0.00992050487548, 0.00135691149626, 0.000182927396963, 1.83129050129e-05, 2.73730825029e-06, 2.27887130677e-06, 4.75631077279e-06], "max": [0.166213572025, 4.25283718109, 26.8469638824, 149.371124268, 474.060150146, 206.616821289, 459.906921387, 539.654846191, 2301.03735352, 2569.55957031, 2332.75952148, 4644.41601562, 5114.11328125, 3737.35009766, 1995.7635498, 2979.12548828, 1794.43994141, 1711.2208252, 1375.65197754, 1021.93499756, 833.723205566, 562.11529541, 522.909301758, 390.868499756, 246.86151123, 92.2242965698, 59.5886154175, 69.8954467773, 70.3355331421, 95.0783843994, 193.203872681, 115.52948761, 31.6832675934, 1.61233997345, 0.127879545093, 0.0222425088286, 0.00280021876097, 0.000422786222771, 8.84191176738e-05, 0.000199598522158], "var": [3.69345398212e-05, 0.0303565599024, 0.93314832449, 37.9021034241, 190.014755249, 65.2205581665, 252.602371216, 991.458984375, 5282.75488281, 6786.66845703, 23089.7382812, 48941.3007812, 48590.078125, 16579.6386719, 4188.46533203, 13479.6904297, 5886.23095703, 4427.65136719, 3189.80883789, 3357.89404297, 2580.18261719, 1414.70373535, 1469.34375, 348.4246521, 62.1333007812, 16.7413330078, 5.16721963882, 2.89969658852, 5.50343418121, 19.0328102112, 49.7709503174, 13.2095537186, 0.502820134163, 0.00339292245917, 7.22583936295e-05, 1.60882188993e-06, 1.36520466043e-08, 2.72877359597e-10, 1.12155805476e-10, 5.13045050887e-10], "mean": [0.00159134913702, 0.040783777833, 0.266725629568, 1.72134804726, 3.23475956917, 3.24522829056, 5.92377853394, 13.0805044174, 22.1782722473, 26.4756259918, 49.5294303894, 58.7993927002, 44.9894371033, 21.8388385773, 17.221321106, 29.2436199188, 21.5395698547, 18.7561817169, 15.8004465103, 16.8219795227, 21.794052124, 17.3439102173, 16.7945804596, 8.11744213104, 3.14788079262, 1.64205813408, 0.832903862, 0.602024912834, 0.777740478516, 1.18477892876, 1.58655130863, 0.867174744606, 0.177943065763, 0.0194244012237, 0.00288980780169, 0.000395281706005, 4.05176069762e-05, 6.31734019407e-06, 8.24269227451e-06, 1.68990663951e-05]}, "spectral_strongpeak": {"dmean2": 0.932044804096, "median": 0.70193862915, "min": 0, "dvar2": 2.07199263573, "dvar": 0.825996220112, "dmean": 0.573996841908, "max": 12.3442678452, "var": 2.1213259697, "mean": 1.24316227436}, "spectral_energy": {"dmean2": 0.00624399352819, "median": 0.00679483637214, "min": 9.99858604391e-21, "dvar2": 0