{"tonal": {"thpcp": [1, 0.572847306728, 0.170929640532, 0.205320462584, 0.192955777049, 0.176029622555, 0.238409876823, 0.235686391592, 0.183051243424, 0.180484935641, 0.20758472383, 0.296828448772, 0.456859827042, 0.511953413486, 0.3780990839, 0.29033473134, 0.303740739822, 0.265184909105, 0.230478361249, 0.251132041216, 0.279746472836, 0.333466291428, 0.305489689112, 0.210272312164, 0.182148978114, 0.164929047227, 0.134142458439, 0.156569898129, 0.204746842384, 0.224106699228, 0.196470528841, 0.172819599509, 0.188832327724, 0.202507093549, 0.196141421795, 0.599355280399], "hpcp": {"dmean2": [0.386585354805, 0.407436728477, 0.356435477734, 0.299595713615, 0.296915322542, 0.247417405248, 0.243787541986, 0.276718765497, 0.284976094961, 0.262971162796, 0.232625320554, 0.209076091647, 0.195981234312, 0.179897859693, 0.140460178256, 0.143250033259, 0.176918208599, 0.220554545522, 0.198302894831, 0.179581865668, 0.195755839348, 0.193659842014, 0.185641050339, 0.332152187824, 0.51308453083, 0.307043939829, 0.156791672111, 0.178668245673, 0.180302783847, 0.167338207364, 0.211173057556, 0.215575322509, 0.197614178061, 0.20300501585, 0.222860321403, 0.293376684189], "median": [0.0268401969224, 0.0245432667434, 0.0187558233738, 0.0182975474745, 0.0184366554022, 0.0183518510312, 0.0133780557662, 0.0114517081529, 0.0155522646382, 0.0188390333205, 0.0190764702857, 0.0155131071806, 0.0108066899702, 0.00925876107067, 0.00754077592865, 0.00822391640395, 0.010790053755, 0.0113493902609, 0.010711315088, 0.010832474567, 0.0135090751573, 0.0151767935604, 0.0125293480232, 0.0924461036921, 0.112381674349, 0.0803336501122, 0.011815273203, 0.0104901045561, 0.0101783052087, 0.0155421942472, 0.0166668146849, 0.0136408042163, 0.0107251852751, 0.00935623981059, 0.0126084191725, 0.0197381265461], "min": [0, 0, 0, 0, 0, 0, 0, 0, 0, 0, 0, 0, 0, 0, 0, 0, 0, 0, 0, 0, 0, 0, 0, 0, 0, 0, 0, 0, 0, 0, 0, 0, 0, 0, 0, 0], "dvar2": [0.22440931201, 0.244242563844, 0.213962346315, 0.194483757019, 0.195681452751, 0.152264177799, 0.148028716445, 0.182892292738, 0.18214417994, 0.143843859434, 0.135562598705, 0.128871887922, 0.133663326502, 0.126387953758, 0.0806177034974, 0.0824534520507, 0.0970601215959, 0.141490280628, 0.121733285487, 0.103973031044, 0.126015633345, 0.10861222446, 0.124618873, 0.134227901697, 0.321900606155, 0.116237409413, 0.0713053122163, 0.0908790677786, 0.0958419293165, 0.0811519771814, 0.115578204393, 0.126654744148, 0.125987172127, 0.13173353672, 0.146846264601, 0.167161092162], "dvar": [0.086718134582, 0.100480668247, 0.0798633545637, 0.0713196545839, 0.0719667077065, 0.0543676503003, 0.0531269013882, 0.0644014328718, 0.0659558698535, 0.0539885424078, 0.0510699339211, 0.0449096933007, 0.0462821796536, 0.0446170084178, 0.0289276205003, 0.0296794734895, 0.0362559743226, 0.0506244525313, 0.0433432124555, 0.0370975583792, 0.0443704538047, 0.0383442603052, 0.0425926633179, 0.0528712011874, 0.135012537241, 0.0456378310919, 0.0261725578457, 0.0356899611652, 0.0350714884698, 0.0289463438094, 0.0413920395076, 0.0453084632754, 0.0446183383465, 0.0469198673964, 0.0521055161953, 0.0624388158321], "dmean": [0.214863240719, 0.224880740047, 0.196429938078, 0.160474672914, 0.160162001848, 0.135200381279, 0.129226908088, 0.145903125405, 0.152145981789, 0.145332440734, 0.130360841751, 0.113302059472, 0.103713780642, 0.0952077582479, 0.0753919109702, 0.0788794308901, 0.0987966656685, 0.119151763618, 0.107698641717, 0.0960893034935, 0.104643940926, 0.105192825198, 0.101312763989, 0.180220991373, 0.273980408907, 0.169861927629, 0.0867388769984, 0.0977913737297, 0.0974425002933, 0.0903125181794, 0.114804662764, 0.116946280003, 0.105172924697, 0.106986105442, 0.11864502728, 0.159198373556], "max": [1, 1, 1, 1, 1, 1, 1, 1, 1, 1, 1, 1, 1, 1, 1, 1, 1, 1, 1, 1, 1, 1, 1, 1, 1, 1, 1, 1, 1, 1, 1, 1, 1, 1, 1, 1], "var": [0.0867324620485, 0.105996333063, 0.0694447383285, 0.0519442893565, 0.0579322688282, 0.0440630279481, 0.0380694121122, 0.045261785388, 0.0478069074452, 0.0581693761051, 0.0530953258276, 0.0310360137373, 0.0310431476682, 0.0296828057617, 0.0198233444244, 0.0245198924094, 0.0338165909052, 0.0382526554167, 0.0308488309383, 0.0249446164817, 0.0293580386788, 0.0278883576393, 0.0305315069854, 0.0655804648995, 0.192186057568, 0.0612372122705, 0.0207017902285, 0.0337346941233, 0.0298307295889, 0.0210562516004, 0.0345492474735, 0.0356026627123, 0.0290117263794, 0.0314436368644, 0.0354710444808, 0.0491596087813], "mean": [0.178264349699, 0.1997615695, 0.147532314062, 0.113287113607, 0.118518069386, 0.103473782539, 0.0899314656854, 0.0979904234409, 0.109155632555, 0.130116820335, 0.119200497866, 0.0820471718907, 0.0710735917091, 0.0643544644117, 0.0523416958749, 0.0610927641392, 0.0798911601305, 0.0874452739954, 0.0766617879272, 0.0674333125353, 0.0736813992262, 0.0790172219276, 0.07653336972, 0.233865335584, 0.390194833279, 0.22352206707, 0.0666958615184, 0.0801149830222, 0.0752903446555, 0.0686858519912, 0.0930263027549, 0.0919636115432, 0.0714256465435, 0.0704242885113, 0.0809984877706, 0.115820929408]}, "tuning_equal_tempered_deviation": 0.214606836438, "chords_changes_rate": 0.0984898209572, "key_key": "A#", "tuning_diatonic_strength": 0.538768768311, "key_scale": "major", "chords_number_rate": 0.00722258677706, "tuning_frequency": 434.193115234, "tuning_nontempered_energy_ratio": 0.829160749912, "chords_histogram": [10.4399213791, 5.1871304512, 20.4858837128, 6.82862758636, 3.28299403191, 0.0656598806381, 0, 3.28299403191, 0.656598806381, 0, 8.73276424408, 0, 0, 0, 1.70715689659, 0.131319761276, 0, 29.1529884338, 0, 4.6618514061, 0, 0.131319761276, 4.53053188324, 0.722258687019], "key_strength": 0.718504667282, "chords_key": "A#", "chords_strength": {"dmean2": 0.0184237509966, "median": 0.429206132889, "min": -1, "dvar2": 0.00245484034531, "dvar": 0.00136783020571, "dmean": 0.0135117024183, "max": 0.718311488628, "var": 0.0769277513027, "mean": 0.386130839586}, "chords_scale": "minor", "hpcp_entropy": {"dmean2": 1.16261947155, "median": 2.73649954796, "min": 0, "dvar2": 0.87598747015, "dvar": 0.31666752696, "dmean": 0.677351713181, "max": 4.46826601028, "var": 0.97852653265, "mean": 2.60559439659}}, "metadata": {"audio_properties": {"equal_loudness": 0, "codec": "flac", "downmix": "mix", "analysis_sample_rate": 44100, "bit_rate": 0, "md5_encoded": "3362f09c3fc6e26e9df5a87fd03fe0a0", "length": 70.6399993896, "replay_gain": -6.86462783813, "lossless": true}, "version": {"essentia_build_sha": "5a55991247aa8bc5301991e5ebe36927b56abb96", "essentia": "2.1-beta1", "extractor": "music 1.0", "essentia_git_sha": "v2.1_beta1-6-g5578087"}, "tags": {"title": ["\u6bba\u3057\u306e\u30d1\u30fc\u30d5\u30a7\u30af\u30c8\u30b2\u30fc\u30e0"], "barcode": ["4540774600236"], "media": ["CD"], "albumartist": ["\u4e03\u702c\u5149"], "tracktotal": ["33"], "albumartistsort": ["Nanase, Hikaru"], "releasetype": ["album", "soundtrack"], "musicbrainz_recordingid": ["140bc13f-17f6-453f-912d-a80ad3528845"], "composer": ["\u4e03\u702c\u5149"], "musicbrainz_releasegroupid": ["fb99645d-dcb9-4bd8-a02d-944950e555b2"], "albumsort": ["TV\u30a2\u30cb\u30e1\u300cPhantom ~Requiem for the Phantom~\u300d\u30aa\u30ea\u30b8\u30ca\u30eb\u30b5\u30a6\u30f3\u30c9\u30c8\u30e9\u30c3\u30af Vol.1 (2009-07-08, Nanase, Hikaru, a38edc5c-e9d7-48dd-91fe-d5ff2212b206)"], "musicbrainz_albumartistid": ["c9ba47ca-0bd2-4814-966d-ecfb06d032a3"], "originaldate": ["2009-07-08"], "artists": ["\u4e03\u702c\u5149"], "discnumber": ["1"], "composersort": ["Nanase, Hikaru"], "catalognumber": ["LASA-5005"], "replaygain_track_gain": ["-1.180000"], "releasecountry": ["JP"], "file_name": "15 - \u4e03\u702c\u5149 - \u6bba\u3057\u306e\u30d1\u30fc\u30d5\u30a7\u30af\u30c8\u30b2\u30fc\u30e0.flac", "musicip_puid": ["667efb31-30fc-61f1-be12-ba5c0d7cfe23"], "replaygain_track_peak": ["0.979736"], "work": ["\u6bba\u3057\u306e\u30d1\u30fc\u30d5\u30a7\u30af\u30c8\u30b2\u30fc\u30e0"], "date": ["2009-07-08"], "genre": ["Phantom Requiem For The Phantom"], "musicbrainz_albumid": ["a38edc5c-e9d7-48dd-91fe-d5ff2212b206"], "disctotal": ["1"], "replaygain_album_gain": ["-3.590000"], "replaygain_album_peak": ["0.979736"], "releasestatus": ["official"], "musicbrainz_artistid": ["c9ba47ca-0bd2-4814-966d-ecfb06d032a3"], "asin": ["B0027BECK4"], "musicbrainz_workid": ["0b58ae10-5f89-43b0-9dc4-44941513d3ee"], "musicbrainz_releasetrackid": ["efba5487-b739-349f-a3db-fede200706d2"], "artist": ["\u4e03\u702c\u5149"], "tracknumber": ["15"], "artistsort": ["Nanase, Hikaru"], "album": ["TV\u30a2\u30cb\u30e1\u300cPhantom ~Requiem for the Phantom~\u300d\u30aa\u30ea\u30b8\u30ca\u30eb\u30b5\u30a6\u30f3\u30c9\u30c8\u30e9\u30c3\u30af Vol.1"], "label": ["GloryHeaven"], "isrc": ["JPI100901250"], "totaldiscs": ["1"], "script": ["Jpan"], "totaltracks": ["33"]}}, "rhythm": {"bpm_histogram_first_peak_bpm": {"dmean2": 0, "median": 115, "min": 115, "dvar2": 0, "dvar": 0, "dmean": 0, "max": 115, "var": 0, "mean": 115}, "bpm": 115.026100159, "bpm_histogram_second_peak_spread": {"dmean2": 0, "median": 0.200000047684, "min": 0.200000047684, "dvar2": 0, "dvar": 0, "dmean": 0, "max": 0.200000047684, "var": 0, "mean": 0.200000047684}, "bpm_histogram_first_peak_weight": {"dmean2": 0, "median": 0.59398496151, "min": 0.59398496151, "dvar2": 0, "dvar": 0, "dmean": 0, "max": 0.59398496151, "var": 0, "mean": 0.59398496151}, "onset_rate": 4.01934242249, "beats_position": [0.452789098024, 0.9287981987, 1.43963718414, 1.97369611263, 2.48453521729, 3.00698399544, 3.51782298088, 4.04027223587, 4.5627207756, 5.08516979218, 5.61922883987, 6.13006782532, 6.66412687302, 7.17496585846, 7.69741487503, 8.2198638916, 8.75392246246, 9.26476192474, 9.78721046448, 10.3096599579, 10.8321084976, 11.354557991, 11.8653964996, 12.387845993, 12.9102945328, 13.4443531036, 13.966802597, 14.4892511368, 15.0000905991, 15.5225391388, 16.0449886322, 16.5674381256, 17.0898857117, 17.6123352051, 18.1347846985, 18.6572322845, 19.179681778, 19.7021312714, 20.2245807648, 20.7470283508, 21.2694778442, 21.7919273376, 22.3143768311, 22.825214386, 23.3592739105, 23.8701133728, 24.3925609589, 24.9150104523, 25.4374599457, 25.9599094391, 26.4939670563, 27.0048065186, 27.527256012, 28.0497055054, 28.5605430603, 29.0829925537, 29.6054420471, 30.1394996643, 30.6619491577, 31.1843986511, 31.6952381134, 32.2060775757, 32.7401351929, 33.2625846863, 33.7850341797, 34.3074836731, 34.8299331665, 35.3523788452, 35.8748283386, 36.3856697083, 36.908115387, 37.4305648804, 37.9646263123, 38.4754638672, 39.0095214844, 39.520362854, 40.0428123474, 40.5652618408, 41.0877075195, 41.6101570129, 42.1326065063, 42.6550559998, 43.1775054932, 43.6999549866, 44.22240448, 44.7448501587, 45.2672996521, 45.7897491455, 46.3121986389, 46.8346481323, 47.3570976257, 47.8795471191, 48.3903846741, 48.9128341675, 49.4352836609, 49.9577331543, 50.480178833, 51.0142402649, 51.5250778198, 52.0591392517, 52.5699768066, 53.0924263, 53.6148757935, 54.1489334106, 54.6597709656, 55.1706123352, 55.7046699524, 56.2155075073, 56.7495689392, 57.2604064941, 57.794467926, 58.3169136047, 58.8393630981, 59.3502044678, 59.884262085, 60.3950996399, 60.9175491333, 61.4399986267, 61.9508361816, 62.473285675, 62.9957351685, 63.5297966003, 64.0522460938, 64.5746917725, 65.0855331421, 65.6079788208, 66.1304321289, 66.6644897461, 67.1869354248, 67.7558288574, 68.3247146606, 68.8819961548, 69.450881958, 70.0197753906], "beats_loudness": {"dmean2": 0.16803778708, "median": 0.228558450937, "min": 0, "dvar2": 0.0175096523017, "dvar": 0.010548257269, "dmean": 0.0966758951545, "max": 0.495443046093, "var": 0.0186703018844, "mean": 0.219762146473}, "danceability": 1.28729844093, "bpm_histogram_second_peak_weight": {"dmean2": 0, "median": 0.0300751887262, "min": 0.0300751887262, "dvar2": 0, "dvar": 0, "dmean": 0, "max": 0.0300751887262, "var": 0, "mean": 0.0300751887262}, "beats_count": 134, "bpm_histogram_second_peak_bpm": {"dmean2": 0, "median": 105, "min": 105, "dvar2": 0, "dvar": 0, "dmean": 0, "max": 105, "var": 0, "mean": 105}, "bpm_histogram_first_peak_spread": {"dmean2": 0, "median": 0.377952814102, "min": 0.377952814102, "dvar2": 0, "dvar": 0, "dmean": 0, "max": 0.377952814102, "var": 0, "mean": 0.377952814102}, "beats_loudness_band_ratio": {"dmean2": [0.2150529176, 0.0977383479476, 0.0629108473659, 0.073247730732, 0.0386348105967, 0.054640173912], "median": [0.949882149696, 0.0176588110626, 0.00674318615347, 0.00534443883225, 0.00607527792454, 0.00931850075722], "min": [0, 0, 0, 0, 0, 0], "dvar2": [0.121839001775, 0.00796941947192, 0.0169853661209, 0.0279524475336, 0.00508640427142, 0.0104604363441], "dvar": [0.0444668233395, 0.00303232809529, 0.0059051993303, 0.00990132801235, 0.00171886233147, 0.00329973245971], "dmean": [0.118628285825, 0.0527452751994, 0.0333072319627, 0.038523606956, 0.0200959816575, 0.02762658149], "max": [0.999202728271, 0.32351770997, 0.483915001154, 0.635763049126, 0.257983744144, 0.365501612425], "var": [0.0580637864769, 0.00309598678723, 0.00348979537375, 0.00612576911226, 0.00104549911339, 0.00191104784608], "mean": [0.852506637573, 0.0411219894886, 0.0234269537032, 0.0245396625251, 0.0141936503351, 0.0190555322915]}}, "lowlevel": {"barkbands_spread": {"dmean2": 9.09917163849, "median": 6.3983669281, "min": 0.0113964695483, "dvar2": 127.059288025, "dvar": 49.510017395, "dmean": 5.58518409729, "max": 74.070526123, "var": 122.412483215, "mean": 10.7418432236}, "melbands_spread": {"dmean2": 9.07827949524, "median": 4.79503917694, "min": 0.0183803420514, "dvar2": 167.950241089, "dvar": 70.2170333862, "dmean": 5.50007915497, "max": 155.48550415, "var": 889.262145996, "mean": 14.9919576645}, "hfc": {"dmean2": 17.9232711792, "median": 10.0744190216, "min": 1.07794736357e-16, "dvar2": 1099.20678711, "dvar": 452.664794922, "dmean": 11.555721283, "max": 221.472579956, "var": 616.637512207, "mean": 17.8848247528}, "barkbands_kurtosis": {"dmean2": 69.2141647339, "median": 24.2496757507, "min": -1.8578261137, "dvar2": 96889.9921875, "dvar": 137405.734375, "dmean": 49.5376434326, "max": 25934.640625, "var": 771358.1875, "mean": 83.0168228149}, "gfcc": {"mean": [-87.7849578857, 97.1987533569, -87.9973754883, 47.0070075989, -26.9541358948, 10.4252376556, -13.8651151657, 9.57576942444, -14.7434749603, 1.96453130245, -6.17435693741, 1.22287964821, -2.89944267273], "icov": [[7.34562636353e-05, -0.000144100660691, 0.000119550590171, -0.000372189970221, 0.000220394154894, -0.000301614985801, 0.00010014767031, -0.000275109196082, 0.000345546723111, -0.000532769889105, 0.000569481577259, -0.000609719776548, 0.000303154170979], [-0.000144100660691, 0.00110759097151, 0.000163675635122, 0.000501795206219, -0.000699939206243, 0.00116009556223, 0.000359700294212, 0.000507706892677, -0.00122115004342, 0.0022781053558, -0.00143899419345, 0.00255922204815, -0.00125513819512], [0.000119550590171, 0.000163675635122, 0.00193398399279, 0.000362467282685, -0.00142060406506, -0.00119540153537, 0.00201060320251, -0.000625422864687, -0.000395770854084, 0.000679830438457, 0.00147548504174, -0.000995964626782, 0.000371315400116], [-0.000372189970221, 0.000501795206219, 0.000362467282685, 0.00599954277277, -0.00204946682788, -0.000829476863146, 0.000351537833922, 0.000669828848913, 0.000184856748092, 0.0031074329745, -0.00447217607871, 0.00592752406374, -0.00300788553432], [0.000220394154894, -0.000699939206243, -0.00142060406506, -0.00204946682788, 0.00934141036123, -0.000144213743624, -0.00606100959703, 0.000763689342421, 0.00105531408917, -0.00245123147033, 0.00118817773182, 0.000142584613059, -0.00112762930803], [-0.000301614985801, 0.00116009556223, -0.00119540153537, -0.000829476863146, -0.000144213743624, 0.0108235990629, -0.00277819950134, -0.00179977226071, -0.00268654013053, 0.0021435378585, 0.00356362294406, -0.00142062397208, -0.00136373692658], [0.00010014767031, 0.000359700294212, 0.00201060320251, 0.000351537833922, -0.00606100959703, -0.00277819950134, 0.012066594325, -0.00421081576496, -0.00198490871117, 0.00322723365389, -0.00440618116409, 0.0030201098416, -0.000887195463292], [-0.000275109196082, 0.000507706892677, -0.000625422864687, 0.000669828848913, 0.000763689342421, -0.00179977226071, -0.00421081576496, 0.0165709052235, -0.00247653643601, -0.00460833124816, 0.00212457147427, -0.00374260777608, 0.00187167711556], [0.000345546723111, -0.00122115004342, -0.000395770854084, 0.000184856748092, 0.00105531408917, -0.00268654013053, -0.00198490871117, -0.00247653643601, 0.0142857236788, -0.00976448971778, 0.000419507181505, 0.00309473951347, -0.00297248899005], [-0.000532769889105, 0.0022781053558, 0.000679830438457, 0.0031074329745, -0.00245123147033, 0.0021435378585, 0.00322723365389, -0.00460833124816, -0.00976448971778, 0.0283565707505, -0.0115686086938, 4.12085137214e-05, 0.00187942211051], [0.000569481577259, -0.00143899419345, 0.00147548504174, -0.00447217607871, 0.00118817773182, 0.00356362294406, -0.00440618116409, 0.00212457147427, 0.000419507181505, -0.0115686086938, 0.0274802539498, -0.0164250135422, 0.00340709439479], [-0.000609719776548, 0.00255922204815, -0.000995964626782, 0.00592752406374, 0.000142584613059, -0.00142062397208, 0.0030201098416, -0.00374260777608, 0.00309473951347, 4.12085137214e-05, -0.0164250135422, 0.042124863714, -0.0183314401656], [0.000303154170979, -0.00125513819512, 0.000371315400116, -0.00300788553432, -0.00112762930803, -0.00136373692658, -0.000887195463292, 0.00187167711556, -0.00297248899005, 0.00187942211051, 0.00340709439479, -0.0183314401656, 0.0264376793057]], "cov": [[72727.0703125, 2186.20239258, -4199.07177734, 2947.89379883, -2068.23193359, 1223.92712402, -1121.57373047, 891.340393066, -1256.87353516, 301.618164062, -627.406005859, 321.544647217, -320.556304932], [2186.20239258, 2324.26733398, -636.304443359, 266.997467041, 54.4406738281, -279.644042969, -4.48927021027, -201.241744995, -45.4532775879, -170.333877563, 29.2100868225, -168.937149048, 12.6799907684], [-4199.07177734, -636.304443359, 1222.12854004, -292.42980957, 129.518829346, 109.061897278, -64.4694595337, 16.4597053528, 73.1909408569, -24.8009204865, -90.9580154419, 21.6845741272, 12.0768909454], [2947.89379883, 266.997467041, -292.42980957, 407.622528076, 15.3633737564, 46.7196731567, 29.2493343353, -0.782990694046, -63.3017311096, -30.650144577, 2.45948958397, -29.4373130798, 7.79204940796], [-2068.23193359, 54.4406738281, 129.518829346, 15.3633737564, 281.827301025, 5.52917480469, 166.557800293, -9.04994392395, 62.3332023621, -12.480931282, 30.927778244, -24.6064739227, 31.6133384705], [1223.92712402, -279.644042969, 109.061897278, 46.7196731567, 5.52917480469, 214.671646118, 35.0445747375, 82.0831069946, 18.1195907593, 19.2141246796, -43.4088630676, 28.3951892853, 9.10144233704], [-1121.57373047, -4.48927021027, -64.4694595337, 29.2493343353, 166.557800293, 35.0445747375, 238.131958008, 37.2731399536, 72.4774932861, 11.9442949295, 49.8075485229, -9.62828063965, 25.3500499725], [891.340393066, -201.241744995, 16.4597053528, -0.782990694046, -9.04994392395, 82.0831069946, 37.2731399536, 128.580490112, 34.2944297791, 53.1160964966, -2.32896351814, 33.4771652222, -0.506570577621], [-1256.87353516, -45.4532775879, 73.1909408569, -63.3017311096, 62.3332023621, 18.1195907593, 72.4774932861, 34.2944297791, 150.813217163, 50.0861816406, 31.499130249, 2.85145759583, 18.9357051849], [301.618164062, -170.333877563, -24.8009204865, -30.650144577, -12.480931282, 19.2141246796, 11.9442949295, 53.1160964966, 50.0861816406, 95.3440856934, 36.298789978, 33.206741333, -0.384291946888], [-627.406005859, 29.2100868225, -90.9580154419, 2.45948958397, 30.927778244, -43.4088630676, 49.8075485229, -2.32896351814, 31.499130249, 36.298789978, 95.1898498535, 22.8536605835, 15.5947914124], [321.544647217, -168.937149048, 21.6845741272, -29.4373130798, -24.6064739227, 28.3951892853, -9.62828063965, 33.4771652222, 2.85145759583, 33.206741333, 22.8536605835, 67.0815505981, 23.8888721466], [-320.556304932, 12.6799907684, 12.0768909454, 7.79204940796, 31.6133384705, 9.10144233704, 25.3500499725, -0.506570577621, 18.9357051849, -0.384291946888, 15.5947914124, 23.8888721466, 62.2345848083]]}, "spectral_energyband_middle_low": {"dmean2": 0.0121133094653, "median": 0.00351608777419, "min": 1.62052906347e-22, "dvar2": 0.000391563866287, "dvar": 0.00015695951879, "dmean": 0.00723370397463, "max": 0.118494816124, "var": 0.000194214720977, "mean": 0.00934100523591}, "melbands_crest": {"dmean2": 7.84081268311, "median": 26.1482753754, "min": 1.64910626411, "dvar2": 55.0210113525, "dvar": 22.1078491211, "dmean": 4.81685638428, "max": 39.9949874878, "var": 99.5461883545, "mean": 24.7916259766}, "spectral_kurtosis": {"dmean2": 3.20226454735, "median": 3.55997347832, "min": -1.26116800308, "dvar2": 19.7934932709, "dvar": 7.00981807709, "dmean": 1.88760459423, "max": 39.2585487366, "var": 17.0685768127, "mean": 4.63223838806}, "spectral_rms": {"dmean2": 0.00399581063539, "median": 0.00984489265829, "min": 3.1047844417e-12, "dvar2": 2.31085177802e-05, "dvar": 8.61520129547e-06, "dmean": 0.00249901600182, "max": 0.025104066357, "var": 3.3175227145e-05, "mean": 0.00907192006707}, "zerocrossingrate": {"dmean2": 0.0116389747709, "median": 0.01953125, "min": 0, "dvar2": 0.000361058278941, "dvar": 0.000217574939597, "dmean": 0.00868010986596, "max": 0.52783203125, "var": 0.0113172894344, "mean": 0.048141580075}, "silence_rate_60dB": {"dmean2": 0.0499671250582, "median": 0, "min": 0, "dvar2": 0.0520741529763, "dvar": 0.0243527796119, "dmean": 0.0249753538519, "max": 1, "var": 0.121309094131, "mean": 0.1412615031}, "erbbands_kurtosis": {"dmean2": 1.68740797043, "median": -0.293773174286, "min": -1.85646545887, "dvar2": 11.1222543716, "dvar": 4.72228097916, "dmean": 1.05729925632, "max": 59.3791732788, "var": 6.64753913879, "mean": 0.221727073193}, "erbbands": {"dmean2": [2.86587548256, 8.34828567505, 15.0305948257, 17.9352455139, 20.2688350677, 15.1472702026, 19.9578590393, 18.5754108429, 14.347196579, 14.6157083511, 10.4800167084, 12.61830616, 16.6482124329, 16.1815395355, 14.6269426346, 15.6372995377, 18.2948894501, 10.3827953339, 12.7308616638, 17.7528934479, 14.8274431229, 19.3190460205, 21.6222438812, 18.4091873169, 15.3919324875, 20.0509586334, 10.9490671158, 8.64265155792, 5.48972225189, 5.11622667313, 4.02710199356, 2.41954302788, 2.20343446732, 2.28471589088, 0.873326480389, 0.439157545567, 0.194734036922, 0.0591650381684, 0.00847483519465, 0.000741208903491], "median": [1.32603216171, 1.79719829559, 2.38014793396, 2.11112809181, 2.76427912712, 3.55129599571, 2.63357210159, 2.00062680244, 2.40142464638, 2.65660095215, 2.52659654617, 2.96351861954, 3.25525569916, 4.19872188568, 4.05176353455, 3.4054043293, 3.79927539825, 3.1590616703, 3.67218828201, 4.06758403778, 4.325963974, 4.97364902496, 7.03455686569, 7.18801021576, 5.36661481857, 5.7611913681, 3.0942158699, 2.1776304245, 0.94799387455, 0.442078977823, 0.220509514213, 0.14793908596, 0.088715583086, 0.0391487367451, 0.021161114797, 0.00744715519249, 0.00266850786284, 0.000641720369458, 0.000160950759891, 0.00014392513549], "min": [6.86114549106e-23, 2.34584211096e-22, 7.71377576616e-22, 2.67322902966e-21, 1.66560054168e-20, 3.71278757786e-20, 3.94671587068e-20, 6.88872524466e-20, 1.3517308649e-19, 1.58232116083e-19, 1.45305519081e-19, 3.07066038691e-19, 5.26594034697e-19, 7.96616495714e-19, 8.85101970393e-19, 1.05906322309e-18, 1.250986496e-18, 1.83021486025e-18, 2.53959378664e-18, 3.01655956952e-18, 3.17821237471e-18, 4.10082316017e-18, 5.51721155408e-18, 4.56314557146e-18, 7.35562253343e-18, 8.16864264107e-18, 8.44222270251e-18, 9.48931010809e-18, 1.13919272602e-17, 9.21578050467e-18, 1.18123591773e-17, 9.96076417976e-18, 9.65152436211e-18, 8.41838335726e-18, 6.68060675764e-18, 3.96730462877e-18, 2.432717502e-18, 8.8042591839e-19, 2.38390505707e-19, 2.61782000514e-20], "dvar2": [18.6808242798, 314.518249512, 1059.77770996, 837.554992676, 1496.78210449, 1337.3659668, 2056.66357422, 2312.38110352, 985.560424805, 1719.94885254, 1824.24731445, 2109.21606445, 2374.90869141, 1886.26513672, 1182.92041016, 1070.79077148, 908.300109863, 584.308166504, 569.475646973, 2233.56835938, 788.771057129, 1067.3046875, 1634.94543457, 1753.04797363, 1157.89074707, 1037.70983887, 362.903564453, 318.519195557, 170.350494385, 200.01499939, 76.6387176514, 30.0858325958, 30.3719882965, 39.9517860413, 3.96836709976, 0.809647917747, 0.213495522738, 0.0218518842012, 0.000385154708056, 2.56634871221e-06], "dvar": [7.00396776199, 120.689720154, 398.693756104, 314.637786865, 557.343505859, 494.529296875, 704.872314453, 817.702941895, 363.637268066, 612.747741699, 663.012573242, 723.822875977, 840.577880859, 694.533325195, 468.91809082, 404.870941162, 318.330810547, 226.918792725, 227.681625366, 809.73236084, 292.74621582, 391.412841797, 610.013244629, 636.282714844, 457.411346436, 361.102600098, 126.823722839, 146.782363892, 79.4347763062, 82.239074707, 33.048992157, 13.585811615, 13.4006891251, 16.7067546844, 1.62134003639, 0.404571890831, 0.0892506241798, 0.00864587072283, 0.00016808253713, 1.03447575839e-06], "dmean": [1.71856439114, 4.98312473297, 8.84587574005, 10.5547809601, 11.7522954941, 8.81992053986, 11.2493286133, 10.2561674118, 8.16712379456, 8.31247711182, 6.10796785355, 7.19912385941, 9.59373855591, 9.43915653229, 8.7843837738, 9.08858680725, 10.3270969391, 6.08553647995, 7.63393974304, 10.0636692047, 8.6065158844, 10.8015079498, 12.3899564743, 10.799197197, 9.12383365631, 11.3687496185, 6.17002344131, 5.41876029968, 3.55889987946, 3.28389024734, 2.59453392029, 1.54545712471, 1.49915885925, 1.48116385937, 0.580807447433, 0.295374900103, 0.125933796167, 0.0368034280837, 0.00549893127754, 0.000464828248369], "max": [24.532535553, 106.207489014, 251.220672607, 155.626205444, 252.471725464, 234.05770874, 305.768341064, 306.870697021, 179.945144653, 557.423278809, 819.736633301, 827.238464355, 600.441650391, 396.506134033, 309.460144043, 359.300384521, 229.179962158, 147.531951904, 181.886413574, 376.972442627, 217.341903687, 287.058135986, 362.755371094, 412.977783203, 252.382003784, 277.126342773, 104.129646301, 154.398300171, 123.423866272, 112.900161743, 47.0118255615, 54.0058021545, 55.1634750366, 41.2027168274, 13.3144731522, 7.83448314667, 2.94049072266, 0.853998243809, 0.151916891336, 0.00897329859436], "var": [10.7736949921, 166.171417236, 388.631988525, 369.045471191, 531.786315918, 440.638031006, 595.999572754, 572.500976562, 265.492126465, 398.579986572, 440.035675049, 426.369750977, 584.226989746, 523.34564209, 585.733398438, 716.9453125, 322.20791626, 212.965057373, 314.366241455, 610.960998535, 324.179229736, 432.278381348, 836.251708984, 885.511169434, 490.089935303, 473.200775146, 157.930953979, 240.393218994, 143.329620361, 114.119483948, 49.1813316345, 20.3790149689, 17.2548370361, 16.7014789581, 1.85620164871, 0.537492930889, 0.0900956466794, 0.00771048758179, 0.000183515658136, 1.0634098544e-06], "mean": [2.46282720566, 6.56747770309, 9.36904144287, 11.1181516647, 12.0585317612, 10.1190757751, 11.0574827194, 9.13504600525, 7.5172123909, 7.80545759201, 6.24894189835, 7.03341627121, 9.48179340363, 10.3265914917, 10.712346077, 11.0371131897, 10.6499986649, 7.23067474365, 9.75517177582, 10.4637956619, 9.92325592041, 12.0568599701, 16.853313446, 15.9524831772, 11.1340351105, 13.9125185013, 7.67164993286, 7.39091587067, 5.06330537796, 4.19243240356, 3.22183251381, 1.86941576004, 1.66220963001, 1.44198381901, 0.588771700859, 0.303021579981, 0.109375149012, 0.0298344995826, 0.00489833625033, 0.000486529635964]}, "spectral_strongpeak": {"dmean2": 0.468380779028, "median": 0.0978014171124, "min": 0, "dvar2": 0.5245834589, "dvar": 0.207689285278, "dmean": 0.265737980604, "max": 7.56837654114, "var": 0.269548475742, "mean": 0.312117040157}, "spectral_energy": {"dmean2": 0.0998879149556, "median": 0.0993449538946, "min": 9.88067887929e-21, "dvar2": 0.019643606618, "dvar": 0.00676316814497, "dmean": 0.0604750327766, "max": 0.645969510078, "var": 0.0132402125746, "mean": 0.118362106383}, "average_loudness": 0.926880896091, "spectral_rolloff": {"dmean2": 373.682647705, "median": 129.19921875, "min": 21.533203125, "dvar2": 1255553.75, "dvar": 540647.125, "dmean": 212.649734497, "max": 19724.4140625, "var": 16612402, "mean": 1259.61621094}, "spectral_centroid": {"dmean2": 621.70703125, "median": 1296.47558594, "min": 77.2079544067, "dvar2": 499593.1875, "dvar": 200129.9375, "dmean": 386.364349365, "max": 11982.546875, "var": 5135116, "mean": 1830.05456543}, "pitch_salience": {"dmean2": 0.173369646072, "median": 0.353477060795, "min": 0.00159590423573, "dvar2": 0.0251205973327, "dvar": 0.0102365836501, "dmean": 0.105818159878, "max": 0.882104575634, "var": 0.0427314601839, "mean": 0.373894840479}, "spectral_energyband_middle_high": {"dmean2": 0.00303085776977, "median": 0.00129908218514, "min": 1.16609918832e-21, "dvar2": 3.56817363354e-05, "dvar": 1.38148907354e-05, "dmean": 0.00182259478606, "max": 0.0349391996861, "var": 1.51068252308e-05, "mean": 0.00246223341674}, "spectral_contrast_coeffs": {"dmean2": [0.104063294828, 0.0855820924044, 0.0588175542653, 0.0454424731433, 0.0378780700266, 0.0363323539495], "median": [-0.731247663498, -0.796617984772, -0.826262533665, -0.835316419601, -0.821298718452, -0.76187223196], "min": [-0.979325771332, -0.976388275623, -0.983718931675, -0.983353197575, -0.981201529503, -0.980872869492], "dvar2": [0.00779090728611, 0.00560726411641, 0.00243348698132, 0.00140196585562, 0.00105031474959, 0.00115265650675], "dvar": [0.00307876709849, 0.00193870742805, 0.000865043024532, 0.000477455178043, 0.000391843437683, 0.000494330713991], "dmean": [0.0630017220974, 0.0498729273677, 0.0344012975693, 0.0263398233801, 0.0224291160703, 0.0226827524602], "max": [-0.416135340929, -0.488184034824, -0.561803936958, -0.665384531021, -0.553643703461, -0.548877179623], "var": [0.010624489747, 0.00493338657543, 0.00289614126086, 0.00194631551858, 0.00312593323179, 0.00383570371196], "mean": [-0.725814461708, -0.794856131077, -0.827241957188, -0.836897373199, -0.817957639694, -0.763701617718]}, "melbands_skewness": {"dmean2": 3.79676866531, "median": 6.30041122437, "min": -0.844962060452, "dvar2": 21.1999435425, "dvar": 10.4622125626, "dmean": 2.41613388062, "max": 172.880264282, "var": 46.8444366455, "mean": 6.91411685944}, "spectral_spread": {"dmean2": 1119595.5, "median": 4026559.5, "min": 1514221, "dvar2": 2214980222980.0, "dvar": 1220926373890.0, "dmean": 753553.9375, "max": 43693680, "var": 64408910823400.0, "mean": 6156897}, "dissonance": {"dmean2": 0.0250925961882, "median": 0.482430875301, "min": 0.106902547181, "dvar2": 0.000787673168816, "dvar": 0.000275716767646, "dmean": 0.0145737547427, "max": 0.500000119209, "var": 0.000445100973593, "mean": 0.476571053267}, "spectral_skewness": {"dmean2": 0.461180061102, "median": 1.33740007877, "min": -0.193547517061, "dvar2": 0.221254333854, "dvar": 0.0854615271091, "dmean": 0.284943342209, "max": 4.88432407379, "var": 0.443315416574, "mean": 1.39074349403}, "spectral_flux": {"dmean2": 0.102473340929, "median": 0.142748683691, "min": 6.36892136252e-11, "dvar2": 0.0139738572761, "dvar": 0.00584821216762, "dmean": 0.0633647143841, "max": 0.73889118433, "var": 0.0140563771129, "mean": 0.157508343458}, "spectral_contrast_valleys": {"dmean2": [0.710088849068, 0.778442144394, 0.739213049412, 0.668893873692, 0.703662216663, 0.7221788764], "median": [-6.42913627625, -6.95976448059, -7.44564342499, -7.75342845917, -7.42528629303, -10.7881364822], "min": [-28.5760307312, -28.1305351257, -27.8239421844, -27.7837181091, -27.5166072845, -27.3887653351], "dvar2": [0.437623351812, 0.524408340454, 0.534393072128, 0.453725039959, 0.550084412098, 0.850868940353], "dvar": [0.224531933665, 0.26131388545, 0.253943502903, 0.225082412362, 0.259169995785, 0.486311286688], "dmean": [0.43980461359, 0.486947953701, 0.467101037502, 0.424913406372, 0.436068207026, 0.544924616814], "max": [-4.70293092728, -4.7017583847, -5.23457860947, -5.67303276062, -5.52377653122, -7.67768526077], "var": [21.4923782349, 20.3893489838, 19.3361759186, 18.8721923828, 19.6291637421, 15.4569969177], "mean": [-7.63784885406, -8.06126976013, -8.52664852142, -8.84066009521, -8.64954948425, -11.5803375244]}, "erbbands_flatness_db": {"dmean2": 0.0308636855334, "median": 0.122003942728, "min": 0.0373849757016, "dvar2": 0.000923762330785, "dvar": 0.00047055381583, "dmean": 0.0208745729178, "max": 0.348217278719, "var": 0.00229651690461, "mean": 0.128538787365}, "spectral_energyband_high": {"dmean2": 0.00103309575934, "median": 0.000198038644157, "min": 6.92314952907e-21, "dvar2": 4.48370064987e-06, "dvar": 1.91428421203e-06, "dmean": 0.000675576156937, "max": 0.0174454860389, "var": 2.87162015411e-06, "mean": 0.000859694031533}, "spectral_entropy": {"dmean2": 0.338954895735, "median": 7.70529079437, "min": 5.28899812698, "dvar2": 0.128235280514, "dvar": 0.0603900030255, "dmean": 0.226668521762, "max": 9.82513141632, "var": 0.503915429115, "mean": 7.67401885986}, "silence_rate_20dB": {"dmean2": 0.0959894806147, "median": 1, "min": 0, "dvar2": 0.122280150652, "dvar": 0.045677639544, "dmean": 0.0479789674282, "max": 1, "var": 0.0317709371448, "mean": 0.9671484828}, "melbands_flatness_db": {"dmean2": 0.0831634178758, "median": 0.308583915234, "min": 0.00323835271411, "dvar2": 0.00613544229418, "dvar": 0.00226521701552, "dmean": 0.052589379251, "max": 0.709428071976, "var": 0.0128307621926, "mean": 0.301884204149}, "barkbands": {"dmean2": [0.0486498512328, 0.0531584918499, 0.0135650718585, 0.00670597190037, 0.00478294212371, 0.00246687140316, 0.00100277143065, 0.000490159436595, 0.000575871614274, 0.000579595158342, 0.000359752797522, 0.000415793940192, 0.000395355717046, 0.00021612495766, 0.000291575765004, 0.000263963302132, 0.00037734551006, 0.000368018867448, 0.000302464351989, 0.000415167363826, 0.000234481602092, 0.000155678208102, 0.000168728802237, 0.000116470539069, 0.000157533708261, 0.000106077372038, 5.66707676626e-05], "median": [0.0271695461124, 0.020234555006, 0.00136591971386, 0.00058887724299, 0.00108783249743, 0.000261357141426, 0.000169916951563, 0.000100631375972, 0.000134177840664, 0.000105706109025, 0.000102094330941, 7.33966662665e-05, 7.37673035474e-05, 5.90577437833e-05, 7.08755906089e-05, 6.768424646e-05, 8.33944432088e-05, 0.000147867918713, 8.91583185876e-05, 0.000133674329845, 6.03832158959e-05, 2.36776686506e-05, 8.40172924654e-06, 5.80615369472e-06, 3.10538962367e-06, 1.57747660978e-06, 6.67969402457e-07], "min": [1.99502454544e-25, 4.8067779867e-25, 2.50047410495e-25, 5.047462176e-27, 7.74638531961e-24, 7.44639098368e-24, 8.82257539892e-24, 3.99142121582e-24, 1.2646470563e-23, 1.40221272303e-23, 1.89131074412e-23, 2.09563313386e-23, 2.52830992974e-23, 3.31545585135e-23, 3.80602194259e-23, 5.21361706357e-23, 6.54777522963e-23, 9.19627222036e-23, 1.25272272952e-22, 1.76793977741e-22, 2.3179618733e-22, 3.31132935151e-22, 3.94961299202e-22, 5.8670364836e-22, 8.32529720579e-22, 1.28745583342e-21, 1.82056475151e-21], "dvar2": [0.0090883616358, 0.00819259509444, 0.000698135467246, 0.000139719835715, 8.71363736223e-05, 3.13891287078e-05, 6.83507187205e-06, 2.63838637693e-06, 4.98180042996e-06, 2.85223222818e-06, 7.04937349383e-07, 1.10088853944e-06, 4.69333571118e-07, 1.92379317809e-07, 5.04281956637e-07, 3.08140897687e-07, 4.02196349114e-07, 4.41555926045e-07, 7.26835821752e-07, 4.31465991824e-07, 1.97879700181e-07, 1.58685807605e-07, 1.69926664739e-07, 7.82296964985e-08, 1.44230298815e-07, 5.37765849629e-08, 1.79107768616e-08], "dvar": [0.00273865368217, 0.00311884353869, 0.000274306163192, 5.19205714227e-05, 3.44402433257e-05, 1.10314595076e-05, 2.45808973887e-06, 9.87548901321e-07, 1.70116243225e-06, 1.01299383459e-06, 2.70493387688e-07, 4.08739367685e-07, 1.62144431215e-07, 7.24284561215e-08, 1.89351510471e-07, 1.12729054536e-07, 1.43579356404e-07, 1.73808388126e-07, 2.70978546268e-07, 1.45024756648e-07, 8.1320173706e-08, 6.65471944217e-08, 6.72594282491e-08, 3.49230084851e-08, 6.08947203773e-08, 2.38986679335e-08, 7.35700877996e-09], "dmean": [0.0291550382972, 0.0321172885597, 0.00798304378986, 0.00384759227745, 0.00281856022775, 0.00136332539842, 0.000568847812247, 0.00028564731474, 0.000328239839291, 0.000331760704285, 0.000214981613681, 0.000240854162257, 0.00022351797088, 0.000126462618937, 0.000172898682649, 0.00014995028323, 0.000210377664189, 0.000215379157453, 0.000182204224984, 0.00023431100999, 0.000141035721754, 0.000101064681076, 0.000105207327579, 7.89232435636e-05, 0.000103718622995, 7.10548702045e-05, 3.59002478945e-05], "max": [0.518938660622, 0.499765753746, 0.174996167421, 0.0653736144304, 0.0522851347923, 0.0331087373197, 0.02921712026, 0.035295303911, 0.0413375943899, 0.0206701830029, 0.0107090175152, 0.00756052881479, 0.00438419310376, 0.00337257212959, 0.00613794010133, 0.00388884241693, 0.00634554587305, 0.0082506230101, 0.00644170679152, 0.00430040434003, 0.00316354399547, 0.00364032108337, 0.00250496179797, 0.00304674822837, 0.00220622285269, 0.00166207691655, 0.000812199141365], "var": [0.00413657492027, 0.00492256972939, 0.000298342871247, 5.05865536979e-05, 3.72399736079e-05, 8.62977776706e-06, 1.66790016465e-06, 7.069138519e-07, 9.86371674117e-07, 6.87625401952e-07, 2.99682369587e-07, 4.54051217957e-07, 1.53816444026e-07, 7.65523040513e-08, 1.78547722385e-07, 1.04183222049e-07, 1.52370645878e-07, 3.24568674159e-07, 2.55700484786e-07, 1.83559620837e-07, 1.23546527675e-07, 9.97821416604e-08, 8.7291603279e-08, 4.87049263143e-08, 6.67716548719e-08, 2.73930904626e-08, 7.31511384799e-09], "mean": [0.0518411658704, 0.045964576304, 0.00794905796647, 0.00353511585854, 0.00329976272769, 0.00126285071019, 0.000535452505574, 0.000280950102024, 0.000324802123941, 0.000310658011585, 0.000262402463704, 0.000262875080807, 0.000220173053094, 0.000150186824612, 0.000199248243007, 0.000164206852787, 0.000218985485844, 0.00033459244878, 0.000220211979467, 0.00028857003781, 0.00018371528131, 0.000134990244987, 0.000125888851471, 9.16266944841e-05, 0.000102851903648, 6.56840056763e-05, 3.09152019327e-05]}, "erbbands_skewness": {"dmean2": 0.723151266575, "median": -0.0247812978923, "min": -3.14129304886, "dvar2": 0.493329942226, "dvar": 0.203982055187, "dmean": 0.463053375483, "max": 6.1461520195, "var": 0.882121682167, "mean": 0.125253751874}, "erbbands_spread": {"dmean2": 17.8591918945, "median": 49.9691734314, "min": 3.01648736, "dvar2": 288.300262451, "dvar": 114.321678162, "dmean": 11.2126178741, "max": 148.605651855, "var": 397.249389648, "mean": 51.1710166931}, "melbands_kurtosis": {"dmean2": 112.746948242, "median": 58.2098693848, "min": -1.78351950645, "dvar2": 255805.984375, "dvar": 266049.5625, "dmean": 77.5592651367, "max": 34376.4101562, "var": 969102.125, "mean": 125.730400085}, "melbands": {"dmean2": [0.0209156703204, 0.00823618937284, 0.00304798595607, 0.00120298040565, 0.000673622940667, 0.000420045776991, 0.000219440844376, 0.000147865037434, 8.82638851181e-05, 8.04685987532e-05, 8.44749374664e-05, 6.74062248436e-05, 4.77053763461e-05, 4.63066862721e-05, 4.59195143776e-05, 3.29483664245e-05, 1.90491846297e-05, 2.09730460483e-05, 2.3258759029e-05, 2.25325056817e-05, 1.79036778718e-05, 2.06373642868e-05, 2.0039784431e-05, 1.9162767785e-05, 1.53761029651e-05, 1.10495220724e-05, 1.55482848641e-05, 1.2482450984e-05, 6.42507802695e-06, 6.32238970866e-06, 5.13216627951e-06, 3.2778905279e-06, 2.95120821647e-06, 3.52077131538e-06, 2.70429859484e-06, 1.74977230927e-06, 1.37356039431e-06, 1.47416471918e-06, 1.65200287938e-06, 2.10855728255e-06], "median": [0.0133423758671, 0.00160861969925, 0.000391542300349, 0.000251229444984, 0.000108757347334, 4.57023816125e-05, 3.68542096112e-05, 2.82161636278e-05, 1.9773371605e-05, 1.83308256965e-05, 1.58200527949e-05, 1.56908499775e-05, 1.339317987e-05, 8.9468094302e-06, 9.09309528652e-06, 6.6982320277e-06, 5.02241255163e-06, 5.61129900234e-06, 5.56323038836e-06, 5.01816157339e-06, 5.00140185977e-06, 4.74328498967e-06, 4.99796351505e-06, 6.67890208206e-06, 5.53477366338e-06, 2.65571043201e-06, 