{"metadata": {"tags": {"label": ["J Records"], "albumartist": ["Various Artists"], "genre": ["R&B"], "artist": ["Various Artists"], "musicbrainz_recordingid": ["1412cc84-1ef1-4ddc-a0f7-394b05adc89e"], "title": ["Always & Forever"], "tracknumber": ["10"], "encoding": ["LAME"], "album": ["So AmazingAn All-Star Tribute to Luther Vandross"], "date": ["2006"], "file_name": "65580.mp3", "language": ["eng"]}, "audio_properties": {"sample_rate": 44100, "downmix": "mix", "lossless": false, "analysis_sample_rate": 44100, "md5_encoded": "d56ea606b18d966bd681db3b773c9570", "equal_loudness": 0, "replay_gain": -12.820142746, "codec": "mp3", "bit_rate": 204115, "length": 275.617950439}, "version": {"extractor": "music 1.0", "essentia_build_sha": "70f2e5ece6736b2c40cc944ad0e695b16b925413", "essentia_git_sha": "v2.1_beta2", "essentia": "2.1-beta2"}}, "rhythm": {"beats_loudness_band_ratio": {"dvar2": [0.0937494188547, 0.0390878133476, 0.0763838738203, 0.0308416225016, 0.0114982565865, 0.0873672291636], "var": [0.0582304485142, 0.0156775899231, 0.0310807712376, 0.0144365094602, 0.00476568378508, 0.0356136038899], "min": [0, 0, 0, 0, 0, 0], "dmean": [0.242092207074, 0.129890456796, 0.167714640498, 0.0894084200263, 0.0721611380577, 0.1781796664], "mean": [0.336708605289, 0.142145231366, 0.19674603641, 0.102509595454, 0.0723932981491, 0.194080904126], "max": [0.899072408676, 0.720726191998, 0.802942872047, 0.805797338486, 0.650555968285, 0.993022084236], "dmean2": [0.407786726952, 0.234566763043, 0.299996674061, 0.15238571167, 0.131641596556, 0.31172272563], "median": [0.316819608212, 0.106418043375, 0.133787348866, 0.0534833110869, 0.0566517040133, 0.151831030846], "dvar": [0.0340933836997, 0.0132554676384, 0.0263147111982, 0.0111796408892, 0.00429022824392, 0.0302284695208]}, "bpm_histogram_first_peak_weight": {"dvar2": 0, "var": 0, "min": 0.743099808693, "dmean": 0, "mean": 0.743099808693, "max": 0.743099808693, "dmean2": 0, "median": 0.743099808693, "dvar": 0}, "bpm": 102.972259521, "beats_count": 472, "bpm_histogram_first_peak_spread": {"dvar2": 0, "var": 0, "min": 0.209932267666, "dmean": 0, "mean": 0.209932267666, "max": 0.209932267666, "dmean2": 0, "median": 0.209932267666, "dvar": 0}, "danceability": 1.26872014999, "bpm_histogram_first_peak_bpm": {"dvar2": 0, "var": 0, "min": 103, "dmean": 0, "mean": 103, "max": 103, "dmean2": 0, "median": 103, "dvar": 0}, "beats_position": [0.650158703327, 1.31192743778, 1.97369611263, 2.63546490669, 3.29723358154, 3.97061228752, 4.59755086899, 5.21287965775, 5.8282084465, 6.33904743195, 6.83827638626, 7.36072540283, 7.8831744194, 8.40562343597, 8.92807197571, 9.43891143799, 9.96135997772, 10.5070295334, 11.0526981354, 11.5867567062, 12.1324262619, 12.6780948639, 13.2121543884, 13.7462129593, 14.2918815613, 14.90721035, 15.5225391388, 16.1262588501, 16.7415866852, 17.3453063965, 17.9490242004, 18.5643539429, 19.1564617157, 19.7369613647, 20.3174591064, 20.8979587555, 21.5016784668, 22.0821762085, 22.6626758575, 23.2315635681, 23.8120632172, 24.3925609589, 24.9730606079, 25.553560257, 26.1456680298, 26.7261676788, 27.3066654205, 27.8871650696, 28.4676647186, 29.0481624603, 29.6286621094, 30.2091598511, 30.7896595001, 31.3817672729, 31.9738769531, 32.5543746948, 33.1348762512, 33.7153739929, 34.2958717346, 34.8763694763, 35.4568710327, 36.0373687744, 36.6294784546, 37.2215881348, 37.8020858765, 38.3825836182, 38.9630813599, 39.5435829163, 40.124080658, 40.7045783997, 41.2850799561, 41.8655776978, 42.4460754395, 43.0265769958, 43.6186828613, 44.1991844177, 44.7912902832, 45.3717918396, 45.9522895813, 46.532787323, 47.1132888794, 47.6937866211, 48.2858963013, 48.8547821045, 49.4352836609, 50.0157814026, 50.6078910828, 51.1883888245, 51.7804985046, 52.3609962463, 52.941493988, 53.5219955444, 54.1024932861, 54.6829910278, 55.2634925842, 55.8439903259, 56.4361000061, 57.0165977478, 57.5970954895, 58.1775970459, 58.7697029114, 59.3502044678, 59.9423103333, 60.5111999512, 61.0916976929, 61.6721992493, 62.252696991, 62.8331947327, 63.4253044128, 64.0058059692, 64.5979156494, 65.1784133911, 65.7589111328, 66.3394088745, 66.9199066162, 67.5004043579, 68.0809020996, 68.6614074707, 69.2419052124, 69.8224029541, 70.4029006958, 70.995010376, 71.5755081177, 72.1676177979, 72.7481155396, 73.3286132812, 73.9207229614, 74.489616394, 75.0701141357, 75.6506118774, 76.2311096191, 76.8116073608, 77.403717041, 77.9958267212, 78.5763244629, 79.1568222046, 79.7373199463, 80.3178253174, 80.8983230591, 81.4788208008, 82.0593185425, 82.6398162842, 83.2319259644, 83.8124237061, 84.4045333862, 84.9850311279, 85.5655288696, 86.1460266113, 86.7265319824, 87.3070297241, 87.8875274658, 88.4680252075, 89.0601348877, 89.6406326294, 90.2211303711, 90.8016281128, 91.393737793, 91.9742355347, 92.5547409058, 93.1352386475, 93.7157363892, 94.2962341309, 94.888343811, 95.4688415527, 96.0609512329, 96.6414489746, 97.2219467163, 97.802444458, 98.3829498291, 98.9634475708, 99.5439453125, 100.124443054, 100.704940796, 101.285438538, 101.865936279, 102.44644165, 103.026939392, 103.607437134, 104.199546814, 104.791656494, 105.372154236, 105.952651978, 106.533149719, 107.113647461, 107.694145203, 108.274642944, 108.866752625, 109.458862305, 110.039360046, 110.619865417, 111.200363159, 111.780860901, 112.361358643, 112.941856384, 113.522354126, 114.102851868, 114.694961548, 115.26385498, 115.844352722, 116.424850464, 117.005348206, 117.585845947, 118.177955627, 118.770065308, 119.350563049, 119.931060791, 120.511566162, 121.092063904, 121.672561646, 122.253059387, 122.833557129, 123.414054871, 124.006164551, 124.586662292, 125.178771973, 125.759269714, 126.339767456, 126.920272827, 127.500770569, 128.081268311, 128.661773682, 129.242263794, 129.834381104, 130.414871216, 131.006988525, 131.587478638, 132.167984009, 132.748474121, 133.328979492, 133.909469604, 134.489974976, 135.070480347, 135.662582397, 136.243087769, 136.823577881, 137.404083252, 137.996185303, 138.576690674, 139.157180786, 139.737686157, 140.31817627, 140.898681641, 141.479187012, 142.059677124, 142.640182495, 143.220672607, 143.812789917, 144.393280029, 144.985397339, 145.565887451, 146.146392822, 146.726898193, 147.307388306, 147.887893677, 148.468383789, 149.04888916, 149.640991211, 150.233108521, 150.813598633, 151.394104004, 151.974594116, 152.555099487, 153.135604858, 153.716094971, 154.296600342, 154.877090454, 155.457595825, 156.038085938, 156.630203247, 157.210693359, 157.79119873, 158.383300781, 158.963806152, 159.544311523, 160.124801636, 160.705307007, 161.285797119, 161.86630249, 162.446792603, 163.027297974, 163.607803345, 164.188293457, 164.780410767, 165.372512817, 165.953018188, 166.533508301, 167.114013672, 167.694503784, 168.275009155, 168.855514526, 169.447616577, 170.028121948, 170.620223999, 171.20072937, 171.781219482, 172.361724854, 172.942214966, 173.522720337, 174.103210449, 174.68371582, 175.264221191, 175.844711304, 176.436828613, 177.017318726, 177.609436035, 178.189926147, 178.770431519, 179.350921631, 179.931427002, 180.511917114, 181.092422485, 181.672927856, 182.253417969, 182.83392334, 183.426025391, 184.006530762, 184.598632812, 185.179138184, 185.759628296, 186.340133667, 186.920639038, 187.50112915, 188.081634521, 188.662124634, 189.242630005, 189.823120117, 190.403625488, 190.995727539, 191.587844849, 192.168334961, 192.748840332, 193.329345703, 193.921447754, 194.490341187, 195.070831299, 195.65133667, 196.243438721, 196.823944092, 197.416046143, 197.996551514, 198.577041626, 199.157546997, 199.738052368, 200.31854248, 200.899047852, 201.479537964, 202.060043335, 202.640533447, 203.221038818, 203.801544189, 204.39364624, 204.985748291, 205.566253662, 206.146759033, 206.727249146, 207.307754517, 207.888244629, 208.46875, 209.049255371, 209.629745483, 210.221862793, 210.802352905, 211.394470215, 211.974960327, 212.555465698, 213.135955811, 213.716461182, 214.296951294, 214.877456665, 215.457962036, 216.038452148, 216.61895752, 217.21105957, 217.791564941, 218.372055054, 218.964172363, 219.544662476, 220.125167847, 220.705657959, 221.28616333, 221.866668701, 222.447158813, 223.039276123, 223.619766235, 224.211883545, 224.792373657, 225.372879028, 225.953369141, 226.533874512, 227.114364624, 227.694869995, 228.275375366, 228.855865479, 229.43637085, 230.016860962, 230.597366333, 231.189468384, 231.781585693, 232.362075806, 232.942581177, 233.523086548, 234.10357666, 234.684082031, 235.264572144, 235.845077515, 236.425567627, 237.006072998, 237.598175049, 238.190292358, 238.770782471, 239.351287842, 239.931793213, 240.512283325, 241.092788696, 241.673278809, 242.25378418, 242.834274292, 243.414779663, 244.006881714, 244.587387085, 245.179489136, 245.759994507, 246.340499878, 246.92098999, 247.501495361, 248.081985474, 248.662490845, 249.242996216, 249.835098267, 250.415603638, 251.007705688, 251.58821106, 252.168701172, 252.749206543, 253.329696655, 253.910202026, 254.490692139, 255.07119751, 255.651702881, 256.232208252, 256.824310303, 257.404815674, 257.996917725, 258.577423096, 259.157897949, 259.73840332, 260.318908691, 260.899414062, 261.479919434, 262.060394287, 262.640899658, 263.221405029, 263.81350708, 264.394012451, 264.986114502, 265.566619873, 266.147125244, 266.727600098, 267.308105469, 267.88861084, 268.469116211, 269.049621582, 269.630096436, 270.210601807, 270.802703857, 271.383209229, 271.975311279, 272.55581665, 273.136322021, 273.716827393, 274.308929443, 274.901031494], "beats_loudness": {"dvar2": 0.000657248834614, "var": 0.000406967446906, "min": 0, "dmean": 0.0195487439632, "mean": 0.0320056080818, "max": 0.0988168641925, "dmean2": 0.0328738465905, "median": 0.0304609984159, "dvar": 0.000218766537728}, "bpm_histogram_second_peak_weight": {"dvar2": 0, "var": 0, "min": 0.012738853693, "dmean": 0, "mean": 0.012738853693, "max": 0.012738853693, "dmean2": 0, "median": 0.012738853693, "dvar": 0}, "bpm_histogram_second_peak_spread": {"dvar2": 0, "var": 0, "min": 0.142857134342, "dmean": 0, "mean": 0.142857134342, "max": 0.142857134342, "dmean2": 0, "median": 0.142857134342, "dvar": 0}, "bpm_histogram_second_peak_bpm": {"dvar2": 0, "var": 0, "min": 98, "dmean": 0, "mean": 98, "max": 98, "dmean2": 0, "median": 98, "dvar": 0}, "onset_rate": 4.9014544487}, "lowlevel": {"spectral_energyband_high": {"dvar2": 6.98097346685e-06, "var": 7.01408498571e-06, "min": 6.8248257039e-21, "dmean": 0.00100454385392, "mean": 0.00140720442869, "max": 0.0382348001003, "dmean2": 0.0013940022327, "median": 0.000439139519585, "dvar": 3.65324376617e-06}, "spectral_energyband_middle_low": {"dvar2": 0.000161841293448, "var": 0.000166999263456, "min": 2.04950114766e-22, "dmean": 0.00560975540429, "mean": 0.013530028984, "max": 0.0925389677286, "dmean2": 0.00892527122051, "median": 0.00974625069648, "dvar": 6.3848143327e-05}, "spectral_energy": {"dvar2": 0.000493879488204, "var": 0.000732040265575, "min": 9.93748696189e-21, "dmean": 0.0116064753383, "mean": 0.0343948826194, "max": 0.161952927709, "dmean2": 0.0174082554877, "median": 0.0297816377133, "dvar": 0.000216497210204}, "spectral_spread": {"dvar2": 2442520166400.0, "var": 9901972652030.0, "min": 1418094.75, "dmean": 1025149.875, "mean": 6169876, "max": 50072336, "dmean2": 1345582.625, "median": 5510941, "dvar": 1417178251260.0}, "spectral_energyband_low": {"dvar2": 0.000449406186817, "var": 0.000440297328169, "min": 2.16385161614e-23, "dmean": 0.00842251349241, "mean": 0.0164249949157, "max": 0.146140083671, "dmean2": 0.0125989504158, "median": 0.0072927987203, "dvar": 0.000200085269171}, "spectral_rolloff": {"dvar2": 4921129.5, "var": 6254549.5, "min": 64.599609375, "dmean": 829.683227539, "mean": 1761.13415527, "max": 19509.0820312, "dmean2": 1335.75842285, "median": 861.328125, "dvar": 2582430}, "barkbands": {"dvar2": [3.23418760217e-07, 0.000405145750847, 6.69355868013e-05, 7.29262901586e-05, 2.71356057056e-05, 6.28289581073e-06, 1.24866146507e-05, 1.26115082821e-05, 2.42217556661e-05, 5.64652373214e-06, 3.20538242704e-06, 1.96161590793e-06, 1.56848784627e-06, 2.7713417694e-06, 2.15667728298e-06, 6.05434479439e-07, 8.48796389619e-07, 3.22405156794e-07, 2.87386569653e-07, 2.33833404195e-07, 3.19090247558e-07, 2.04369399626e-07, 6.06952767157e-07, 3.77977016797e-07, 3.00859596791e-07, 2.20545555152e-08, 6.68039124019e-10], "var": [3.12889198995e-07, 0.000265004578978, 5.06034739374e-05, 2.71891749435e-05, 2.48077776632e-05, 4.90008824272e-06, 1.51578224177e-05, 1.81173454621e-05, 3.83411752409e-05, 5.61095203011e-06, 3.48861817656e-06, 1.65030689914e-06, 2.2657163754e-06, 2.47188086178e-06, 1.92264451471e-06, 5.11893290422e-07, 7.44135036257e-07, 3.27883356022e-07, 2.43790765353e-07, 1.68141426116e-07, 2.22989058329e-07, 2.53110613357e-07, 4.15297677137e-07, 3.80132490818e-07, 2.19839378701e-07, 1.86770350297e-08, 4.18744400266e-10], "min": [9.33409115088e-25, 6.80190345703e-24, 1.97213017495e-24, 8.43929017039e-25, 8.58685981614e-24, 1.10668357649e-23, 1.66637021244e-23, 9.51828760845e-24, 1.03105816363e-23, 2.09683788224e-23, 2.12474131241e-23, 3.90781686934e-23, 3.38371093677e-23, 3.91433822467e-23, 5.9189899793e-23, 7.05332336717e-23, 7.45204459202e-23, 8.87055912566e-23, 1.47894392955e-22, 1.67213861581e-22, 2.51143474347e-22, 2.7997269274e-22, 3.76040830111e-22, 6.08807404707e-22, 9.78570921496e-22, 1.21718587103e-21, 1.94641535416e-21], "dmean": [0.000233769591432, 0.00651134736836, 0.00256379088387, 0.00244827079587, 0.00175871769898, 0.000801496091299, 0.000873899494763, 0.00100515340455, 0.00122678373009, 0.000597330858, 0.000411017594161, 0.000304316723486, 0.000326844427036, 0.00041187775787, 0.000382159982109, 0.000224800140131, 0.000250706129009, 0.000175509194378, 0.000176737448783, 0.000146455393406, 0.000143341530929, 0.000141668846481, 0.000249438977335, 0.000224715229706, 0.000191272876691, 5.04602685396e-05, 7.45325496609e-06], "mean": [0.000336747965775, 0.0100667309016, 0.00437213527039, 0.00290772994049, 0.00305687519722, 0.0012856599642, 0.00152153731324, 0.00177100801375, 0.00245086126961, 0.000965796469245, 0.000655879033729, 0.000449995219242, 0.0005735270679, 0.0006486462662, 0.000564494461287, 0.000334966200171, 0.000394588278141, 0.000266963179456, 0.000265706359642, 0.000204579977435, 0.00019586738199, 0.000216445885599, 0.00027896539541, 0.000300572108245, 0.000233475599089, 6.70320005156e-05, 8.08115964901e-06], "max": [0.00443859910592, 0.140704587102, 0.0962553918362, 0.0666048973799, 0.0620300099254, 0.0393049530685, 0.0574113614857, 0.0657033547759, 0.0758947953582, 0.057591881603, 0.043177459389, 0.0373873114586, 0.0235906932503, 0.0307772997767, 0.024735217914, 0.0194151103497, 0.020237037912, 0.0197179205716, 0.010748770088, 0.00748962070793, 0.00853827688843, 0.0132033824921, 0.0152107905596, 0.0122690461576, 0.00574316270649, 0.00245343125425, 0.000609184149653], "dmean2": [0.000316801189911, 0.0096791498363, 0.0040805246681, 0.00427234405652, 0.00289473007433, 0.001225947286, 0.00132598611526, 0.00150199129712, 0.0018604171928, 0.000933021248784, 0.000650906644296, 0.000476734829135, 0.000510377925821, 0.000638338038698, 0.00058774149511, 0.000346716726199, 0.000393610564061, 0.000268756557489, 0.000274794147117, 0.000223866532906, 0.000212199345697, 0.000201420771191, 0.000368232140318, 0.000330482347636, 0.000279396394035, 7.123521209e-05, 1.09047414298e-05], "median": [6.70617446303e-05, 0.00336007447913, 0.00114905450027, 0.00090007064864, 0.00129368260968, 0.000551530334633, 0.000425682490459, 0.000344953674357, 0.000344054686138, 0.000213339750189, 0.000181899929885, 7.54574721213e-05, 0.000131904438604, 0.000117352501547, 0.000132090397528, 9.3197922979e-05, 0.000122466968605, 9.53987546382e-05, 9.67860178207e-05, 6.42125742161e-05, 4.35730398749e-05, 6.2189908931e-05, 6.2602077378e-05, 6.11675495747e-05, 4.62022071588e-05, 1.45714502651e-05, 1.10163682621e-06], "dvar": [1.63140725817e-07, 0.000172113883309, 2.80622316495e-05, 2.66365605057e-05, 1.03191969174e-05, 2.69577412837e-06, 5.52115034225e-06, 6.23897858532e-06, 1.0594012565e-05, 2.44443708652e-06, 1.42548026361e-06, 8.49199693675e-07, 7.25976690319e-07, 1.23131906093e-06, 9.73581450125e-07, 2.85909180775e-07, 3.70485111034e-07, 1.52843313117e-07, 1.26188353988e-07, 1.07726989995e-07, 1.42164722661e-07, 1.10361746408e-07, 2.76938379784e-07, 2.12181660686e-07, 1.43791453411e-07, 1.11345901388e-08, 3.24848176136e-10]}, "melbands_skewness": {"dvar2": 2.92993855476, "var": 6.98033475876, "min": -4.03291034698, "dmean": 1.10070133209, "mean": 3.36898374557, "max": 19.6778907776, "dmean2": 1.56456720829, "median": 2.69820189476, "dvar": 1.56214916706}, "barkbands_skewness": {"dvar2": 1.75999844074, "var": 3.36337304115, "min": -6.12019538879, "dmean": 0.793967187405, "mean": 1.94397318363, "max": 23.8019866943, "dmean2": 1.13043379784, "median": 1.59084844589, "dvar": 0.88906955719}, "erbbands": {"dvar2": [0.484229654074, 18.6663265228, 69.2982025146, 382.726776123, 421.297088623, 388.763458252, 314.370269775, 575.10546875, 1812.26660156, 3772.65942383, 7201.20703125, 17296.0859375, 7332.91503906, 2493.29052734, 4871.80957031, 3056.01074219, 2319.02929688, 6059.72509766, 6027.63085938, 3619.35424805, 1407.31726074, 2221.26708984, 1022.74291992, 755.252319336, 650.495361328, 479.731750488, 584.468994141, 431.091339111, 293.877410889, 333.363250732, 578.12310791, 198.034484863, 114.709533691, 49.5001983643, 11.3528757095, 0.830715715885, 0.0707011967897, 0.00234473706223, 2.34583094425e-05, 2.54008440947e-08], "var": [0.328682869673, 11.6798439026, 55.4484672546, 180.320510864, 290.509216309, 394.856292725, 217.758987427, 447.17855835, 2521.00610352, 6017.28662109, 9493.14648438, 27558.140625, 8876.83300781, 2407.60839844, 4355.66308594, 3251.10595703, 3446.26928711, 6821.4921875, 5306.85742188, 4056.44506836, 1349.4798584, 2016.44396973, 988.74206543, 650.069030762, 516.754455566, 343.166259766, 398.058807373, 330.786346436, 332.646209717, 351.1902771, 348.277587891, 193.784606934, 97.827255249, 35.6929321289, 8.39852905273, 0.771563649178, 0.0473979339004, 0.00145653600339, 1.48465915117e-05, 1.58795554484e-08], "min": [1.58808352999e-22, 9.90031189804e-22, 2.95077559016e-21, 7.74775247235e-21, 1.06428854241e-20, 2.16542749643e-20, 4.01811545159e-20, 1.01970134251e-19, 2.23869220807e-19, 2.7144526337e-19, 3.79588581908e-19, 2.38143075306e-19, 7.64703764284e-19, 8.9673068224e-19, 1.14904434372e-18, 1.52135751025e-18, 2.11756892645e-18, 2.49497669837e-18, 2.81911093692e-18, 3.2561671164e-18, 3.83509221557e-18, 4.82104601079e-18, 5.50879912725e-18, 7.38313207906e-18, 8.54623156555e-18, 7.76090298327e-18, 9.91980633173e-18, 7.40064928289e-18, 8.69376832679e-18, 1.25660638176e-17, 1.08503481249e-17, 1.02948475399e-17, 1.07696856075e-17, 8.7924451836e-18, 6.19453268223e-18, 3.81965950688e-18, 2.16456271141e-18, 9.89533832921e-19, 2.36058192422e-19, 2.73463551753e-20], "dmean": [0.219958648086, 1.38993918896, 2.72618627548, 5.93980741501, 6.5731959343, 6.17775726318, 5.12742614746, 7.19359970093, 10.9762687683, 16.2596969604, 23.0270805359, 30.9162750244, 20.4697418213, 13.9605808258, 15.5547504425, 12.4445514679, 13.3547849655, 20.1245727539, 17.7292709351, 15.6129779816, 11.9699411392, 12.7432670593, 9.49006652832, 8.88001155853, 7.81411647797, 7.00347471237, 6.08924150467, 5.55924463272, 5.29766273499, 5.81701040268, 7.51543426514, 4.68606376648, 4.03063631058, 2.45163154602, 1.13684475422, 0.327028691769, 0.0802029967308, 0.0137595133856, 0.00145808688831, 5.59195468668e-05], "mean": [0.305536150932, 2.16065049171, 4.97877073288, 8.27217292786, 10.1987962723, 9.77821540833, 8.16385269165, 11.4629678726, 19.7859725952, 30.3218975067, 43.6804389954, 62.610912323, 37.9048538208, 22.4995765686, 26.2217617035, 20.9339160919, 25.0331897736, 35.2654647827, 29.5309581757, 25.3810596466, 19.6178073883, 20.5131282806, 15.4896001816, 13.8597583771, 12.1810264587, 9.81893920898, 8.34454250336, 7.74837112427, 7.80619525909, 8.1360206604, 8.05917263031, 6.1961774826, 4.98261165619, 2.9032793045, 1.44582700729, 0.447775423527, 0.0964620858431, 0.0153091782704, 0.00158428936265, 8.92414609552e-05], "max": [4.35114812851, 31.0080718994, 93.8510742188, 172.262481689, 219.588623047, 318.025878906, 396.485046387, 379.888946533, 844.466125488, 1261.71533203, 1709.4699707, 2399.67358398, 1773.89904785, 1089.95715332, 1834.4239502, 1897.6048584, 1272.19750977, 1401.55407715, 1434.00524902, 1647.4979248, 640.354492188, 1221.56311035, 901.689147949, 829.168151855, 370.477783203, 318.309082031, 404.524108887, 360.337463379, 462.041870117, 449.943511963, 443.211578369, 313.734558105, 142.6771698, 75.2850112915, 50.0206222534, 14.0205507278, 3.66979026794, 0.93998080492, 0.0916514322162, 0.00207085628062], "dmean2": [0.312293469906, 2.1813390255, 4.2577958107, 10.1104660034, 11.0050811768, 10.2771072388, 8.13186073303, 10.9717445374, 16.6737556458, 24.419380188, 33.8504371643, 46.4886741638, 31.5745925903, 21.7129535675, 24.003364563, 19.201669693, 20.513715744, 30.9993171692, 27.142539978, 23.4750347137, 18.1546020508, 19.8218994141, 14.4715633392, 13.7983427048, 11.9802885056, 10.7441749573, 9.13077640533, 8.16461849213, 7.60743761063, 8.30225467682, 11.2755908966, 6.88890028, 5.8696308136, 3.58108115196, 1.70444405079, 0.461601316929, 0.113556474447, 0.0197340063751, 0.00211296998896, 8.1793157733e-05], "median": [0.0750958099961, 0.768101394176, 1.56121945381, 2.88791441917, 3.45982241631, 3.67215466499, 3.68178677559, 4.62715339661, 5.6915640831, 8.59791469574, 10.1154279709, 9.83037471771, 8.3640832901, 6.528465271, 8.48177909851, 4.52454996109, 6.89250087738, 7.4919424057, 6.46918487549, 6.87032365799, 6.2499499321, 6.69285678864, 5.92261505127, 5.55551719666, 4.49569177628, 3.27031898499, 2.07989501953, 1.64872145653, 2.13565182686, 2.27778601646, 1.73149478436, 1.28565132618, 0.960296452045, 0.575794875622, 0.27718308568, 0.0966715663671, 0.0193751771003, 0.00275019090623, 0.000245336879743, 5.46486990061e-05], "dvar": [0.223231673241, 7.59860134125, 29.4679794312, 144.095779419, 157.451812744, 153.889099121, 131.064529419, 248.312744141, 803.478210449, 1821.83813477, 3426.47558594, 7698.83251953, 3207.61743164, 1084.52734375, 2131.89038086, 1363.83374023, 1048.70837402, 2690.79150391, 2622.95996094, 1864.41247559, 644.976745605, 984.85534668, 471.820800781, 339.572814941, 288.436004639, 219.879806519, 262.723907471, 194.664428711, 153.404647827, 172.7212677, 253.765716553, 106.022293091, 60.7110061646, 23.898607254, 5.38081979752, 0.423572599888, 0.0341843962669, 0.00113082246389, 1.1440552953e-05, 1.20465841746e-08]}, "silence_rate_30dB": {"dvar2": 0.0235875044018, "var": 0.00710890023038, "min": 0, "dmean": 0.00926706008613, "mean": 0.992839694023, "max": 1, "dmean2": 0.0185356810689, "median": 1, "dvar": 0.00918072275817}, "melbands_spread": {"dvar2": 736.009277344, "var": 784.223999023, "min": 0.311596304178, "dmean": 10.2420501709, "mean": 24.5292339325, "max": 287.390045166, "dmean2": 15.2468996048, "median": 17.5068759918, "dvar": 368.041229248}, "melbands_crest": {"dvar2": 25.0070552826, "var": 38.2085952759, "min": 1.2338975668, "dmean": 3.57223677635, "mean": 15.7260408401, "max": 35.9967765808, "dmean2": 5.52656030655, "median": 15.1472654343, "dvar": 11.125875473}, "zerocrossingrate": {"dvar2": 0.00060902297264, "var": 0.00378703814931, "min": 0.0029296875, "dmean": 0.0193398036063, "mean": 0.0714903622866, "max": 0.5341796875, "dmean2": 0.020558167249, "median": 0.05419921875, "dvar": 0.000584895256907}, "barkbands_kurtosis": {"dvar2": 804.753051758, "var": 445.593414307, "min": -1.94835174084, "dmean": 6.11204957962, "mean": 8.53405857086, "max": 908.825073242, "dmean2": 9.2652053833, "median": 2.79342651367, "dvar": 331.581695557}, "spectral_flux": {"dvar2": 0.00246574357152, "var": 0.00310970610008, "min": 6.35485830625e-11, "dmean": 0.0320671126246, "mean": 0.0928251296282, "max": 0.305510818958, "dmean2": 0.0504208095372, "median": 0.08357527107, "dvar": 0.00115473323967}, "barkbands_crest": {"dvar2": 16.8566246033, "var": 21.6976737976, "min": 1.75714838505, "dmean": 2.94165825844, "mean": 11.0328016281, "max": 25.942193985, "dmean2": 4.5380859375, "median": 10.2876091003, "dvar": 7.41346168518}, "barkbands_flatness_db": {"dvar2": 0.00129317992833, "var": 0.0032357305754, "min": 0.0195360165089, "dmean": 0.0276304353029, "mean": 0.140038818121, "max": 0.45323318243, "dmean2": 0.0388506166637, "median": 0.134243458509, "dvar": 0.000709626707248}, "spectral_entropy": {"dvar2": 0.0996828898787, "var": 0.271787762642, "min": 5.21472883224, "dmean": 0.244049757719, "mean": 7.63200807571, "max": 9.81667709351, "dmean2": 0.32671046257, "median": 7.61237812042, "dvar": 0.0622249543667}, "pitch_salience": {"dvar2": 0.0129492999986, "var": 0.0175777338445, "min": 0.0655171275139, "dmean": 0.0804371833801, "mean": 0.513916134834, "max": 0.989999651909, "dmean2": 0.122872970998, "median": 0.51394033432, "dvar": 0.00582922063768}, "erbbands_spread": {"dvar2": 430.364776611, "var": 739.429931641, "min": 1.70810735226, "dmean": 13.5527305603, "mean": 46.2769050598, "max": 172.694839478, "dmean2": 19.3957099915, "median": 40.1872749329, "dvar": 220.063964844}, "dynamic_complexity": 3.85277938843, "spectral_contrast_valleys": {"dvar2": [0.418213844299, 0.457757264376, 0.329002469778, 0.300043582916, 0.29532751441, 0.388033360243], "var": [3.51067733765, 2.92615842819, 2.97845482826, 2.79155945778, 2.79582691193, 2.84296655655], "min": [-28.2239017487, -27.8341026306, -27.6020812988, -27.6079463959, -27.5949726105, -27.4405822754], "dmean": [0.479733407497, 0.470138460398, 0.428144901991, 0.410987854004, 0.402186363935, 0.503407597542], "mean": [-7.63564634323, -7.23975563049, -7.85812187195, -8.14602661133, -7.93920850754, -9.82815170288], "max": [-5.10534143448, -4.68898916245, -5.31736183167, -5.83547019958, -5.44882488251, -7.12216901779], "dmean2": [0.716760277748, 0.729233682156, 0.638437151909, 0.599317371845, 0.558060288429, 0.617390453815], "median": [-7.23767805099, -6.97225189209, -7.63735103607, -7.93635225296, -7.72786569595, -9.67090606689], "dvar": [0.232525125146, 0.217251911759, 0.174793064594, 0.171951457858, 0.171696200967, 0.24197755754]}, "hfc": {"dvar2": 572.619567871, "var": 709.979003906, "min": 1.05440441367e-16, "dmean": 11.2268505096, "mean": 25.3433113098, "max": 276.469390869, "dmean2": 15.6574716568, "median": 17.2939224243, "dvar": 297.100006104}, "spectral_kurtosis": {"dvar2": 6.93076038361, "var": 8.8564491272, "min": -1.30645918846, "dmean": 1.46979045868, "mean": 3.52378177643, "max": 40.3980178833, "dmean2": 2.14191007614, "median": 3.09446430206, "dvar": 2.87535643578}, "mfcc": {"mean": [-653.361694336, 105.924972534, 16.9190826416, 15.0667896271, 10.3561019897, 3.37309837341, -0.731136262417, 7.55742645264, 1.41652929783, 6.36148500443, 3.0612680912, -0.400317668915, -0.728578448296], "cov": [[9899.33300781, 290.072998047, -300.488128662, 46.6835021973, -94.2411727905, 34.984790802, -49.2705993652, -1.31764507294, 174.377304077, 207.856277466, 46.6977272034, -65.1266479492, -147.230178833], [290.072998047, 1650.19934082, -342.589752197, 35.4106063843, -36.401676178, -66.1820907593, 47.6503944397, 30.2381896973, -61.2425956726, -1.35736072063, 63.0742416382, -1.33499085903, -11.2087507248], [-300.488128662, -342.589752197, 998.862365723, 189.703308105, 203.410507202, 121.821136475, 61.4289054871, 103.378318787, 11.2920331955, 43.5763778687, -58.3733139038, 23.4368076324, 56.2044754028], [46.6835021973, 35.4106063843, 189.703308105, 490.935180664, 195.19102478, 63.2231521606, 20.6538715363, 25.0824871063, 58.266418457, 55.5095100403, -35.5710411072, 1.11517548561, 43.2078132629], [-94.2411727905, -36.401676178, 203.410507202, 195.19102478, 325.544281006, 83.7498550415, 12.7835664749, 37.7672309875, 25.9514102936, 57.5695075989, -21.8546028137, 12.9188728333, 29.4859466553], [34.984790802, -66.1820907593, 121.821136475, 63.2231521606, 83.7498550415, 200.092315674, 98.0115509033, 55.5564880371, 66.3147201538, 54.9603347778, 29.3474273682, 28.8057003021, 9.95730686188], [-49.2705993652, 47.6503944397, 61.4289054871, 20.6538715363, 12.7835664749, 98.0115509033, 244.64453125, 106.264785767, 33.3785400391, 38.8098907471, 38.5962371826, 37.9713058472, 15.6830596924], [-1.31764507294, 30.2381896973, 103.378318787, 25.0824871063, 37.7672309875, 55.5564880371, 106.264785767, 176.342712402, 69.3662948608, 45.7743797302, 32.5789871216, 36.7963523865, 22.4757003784], [174.377304077, -61.2425956726, 11.2920331955, 58.266418457, 25.9514102936, 66.3147201538, 33.3785400391, 69.3662948608, 184.165359497, 94.0873184204, 25.8458595276, 25.6031246185, 3.88748693466], [207.856277466, -1.35736072063, 43.5763778687, 55.5095100403, 57.5695075989, 54.9603347778, 38.8098907471, 45.7743797302, 94.0873184204, 180.125930786, 58.4330101013, 12.1148166656, 0.729473590851], [46.6977272034, 63.0742416382, -58.3733139038, -35.5710411072, -21.8546028137, 29.3474273682, 38.5962371826, 32.5789871216, 25.8458595276, 58.4330101013, 134.464859009, 47.5775680542, 0.453413188457], [-65.1266479492, -1.33499085903, 23.4368076324, 1.11517548561, 12.9188728333, 28.8057003021, 37.9713058472, 36.7963523865, 25.6031246185, 12.1148166656, 47.5775680542, 113.846817017, 46.5975608826], [-147.230178833, -11.2087507248, 56.2044754028, 43.2078132629, 29.4859466553, 9.95730686188, 15.6830596924, 22.4757003784, 3.88748693466, 0.729473590851, 0.453413188457, 46.5975608826, 113.232307434]], "icov": [[0.000108440508484, -1.76572975761e-05, 2.43935664912e-05, -2.52322333836e-05, 5.70703305129e-05, -4.00648568757e-05, 5.00565547554e-05, -9.90039279714e-06, -4.38783790742e-05, -0.000129709966131, 4.39968353021e-05, 2.77645403912e-06, 0.000121489327285], [-1.76572975761e-05, 0.000720534706488, 0.000289636198431, -0.000224447896471, -2.54264414252e-05, 0.000212869475945, -0.000142926961416, -0.000369349378161, 0.000464841607027, -6.78337091813e-05, -0.000265760783805, 5.71079035581e-05, 3.3298983908e-05], [2.43935664912e-05, 0.000289636198431, 0.0014762179926, -0.000312902178848, -0.000334961776389, -0.000608095957432, 0.000182022442459, -0.00101085798815, 0.000859337626025, -0.000470999540994, 0.00080887513468, -0.000237726970227, -0.000168696657056], [-2.52322333836e-05, -0.000224447896471, -0.000312902178848, 0.0030027742032, -0.0015090078814, 4.2630264943e-05, -0.000289135234198, 0.000634035444818, -0.00103253708221, -0.000113626636448, 0.000536651583388, 0.000456667476101, -0.000896028825082], [5.70703305129e-05, -2.54264414252e-05, -0.000334961776389, -0.0015090078814, 0.00501588685438, -0.00176292390097, 0.00105654809158, -0.0008974497905, 0.00124514673371, -0.00159689981956, 0.00125656090677, -0.000678449112456, -6.3849176513e-05], [-4.00648568757e-05, 0.000212869475945, -0.000608095957432, 4.2630264943e-05, -0.00176292390097, 0.00831133406609, -0.00309053016827, 0.00104380794801, -0.00240512914024, 0.000342374056345, -0.00144319201354, -0.000139679425047, 0.000347231893102], [5.00565547554e-05, -0.000142926961416, 0.000182022442459, -0.000289135234198, 0.00105654809158, -0.00309053016827, 0.00692452164367, -0.0037665956188, 0.00159951148089, -0.000770656741224, 0.000147102502524, -0.00083860050654, 0.000150695399498], [-9.90039279714e-06, -0.000369349378161, -0.00101085798815, 0.000634035444818, -0.0008974497905, 0.00104380794801, -0.0037665956188, 0.0100700482726, -0.00370413693599, 0.000655169016682, -0.00128586974461, -0.000312882155413, -0.000867991650011], [-4.38783790742e-05, 0.000464841607027, 0.000859337626025, -0.00103253708221, 0.00124514673371, -0.00240512914024, 0.00159951148089, -0.00370413693599, 0.0100479908288, -0.00461374595761, 0.00181265524589, -0.00191927351989, 0.000824702729005], [-0.000129709966131, -6.78337091813e-05, -0.000470999540994, -0.000113626636448, -0.00159689981956, 0.000342374056345, -0.000770656741224, 0.000655169016682, -0.00461374595761, 0.0100393202156, -0.00469481525943, 0.00223454181105, -0.000342843035469], [4.39968353021e-05, -0.000265760783805, 0.00080887513468, 0.000536651583388, 0.00125656090677, -0.00144319201354, 0.000147102502524, -0.00128586974461, 0.00181265524589, -0.00469481525943, 0.0123816849664, -0.00527721410617, 0.00154930562712], [2.77645403912e-06, 5.71079035581e-05, -0.000237726970227, 0.000456667476101, -0.000678449112456, -0.000139679425047, -0.00083860050654, -0.000312882155413, -0.00191927351989, 0.00223454181105, -0.00527721410617, 0.0139039903879, -0.00532895606011], [0.000121489327285, 3.3298983908e-05, -0.000168696657056, -0.000896028825082, -6.3849176513e-05, 0.000347231893102, 0.000150695399498, -0.000867991650011, 0.000824702729005, -0.000342843035469, 0.00154930562712, -0.00532895606011, 0.0117164934054]]}, "silence_rate_20dB": {"dvar2": 0, "var": 0, "min": 1, "dmean": 0, "mean": 1, "max": 1, "dmean2": 0, "median": 1, "dvar": 0}, "melbands_kurtosis": {"dvar2": 1989.67651367, "var": 2229.74829102, "min": -1.94108653069, "dmean": 15.3846759796, "mean": 26.7071018219, "max": 722.321594238, "dmean2": 22.3992176056, "median": 10.2008247375, "dvar": 959.403869629}, "barkbands_spread": {"dvar2": 262.137786865, "var": 357.640716553, "min": 0.204629704356, "dmean": 8.85212421417, "mean": 24.2810554504, "max": 130.327407837, "dmean2": 12.8259820938, "median": 18.8899402618, "dvar": 135.903259277}, "erbbands_skewness": {"dvar2": 0.409987568855, "var": 0.786891400814, "min": -4.80518865585, "dmean": 0.46009477973, "mean": 0.44275611639, "max": 4.63154315948, "dmean2": 0.664964497089, "median": 0.461383998394, "dvar": 0.213851571083}, "average_loudness": 0.905777037144, "spectral_centroid": {"dvar2": 334279.4375, "var": 1021795.25, "min": 147.05430603, "dmean": 326.422729492, "mean": 1329.76086426, "max": 11735.8007812, "dmean2": 467.784912109, "median": 1102.1060791, "dvar": 195859.4375}, "dissonance": {"dvar2": 0.00118129618932, "var": 0.00127638492268, "min": 0.200637280941, "dmean": 0.0226576644927, "mean": 0.451276212931, "max": 0.5, "dmean2": 0.0364110767841, "median": 0.459334343672, "dvar": 0.00049057538854}, "erbbands_flatness_db": {"dvar2": 0.000798531691544, "var": 0.00199321145192, "min": 0.0421424135566, "dmean": 0.0217704065144, "mean": 0.141816154122, "max": 0.38043653965, "dmean2": 0.0300328731537, "median": 0.136648327112, "dvar": 0.000434816844063}, "spectral_strongpeak": {"dvar2": 1.69871783257, "var": 1.55497717857, "min": 0, "dmean": 0.493603914976, "mean": 0.937071919441, "max": 14.677532196, "dmean2": 0.821601390839, "median": 0.473168194294, "dvar": 0.746235191822}, "spectral_rms": {"dvar2": 2.30894329434e-06, "var": 6.19645152256e-06, "min": 3.11369701723e-12, "dmean": 0.000962390971836, "mean": 0.00523062841967, "max": 0.0125699192286, "dmean2": 0.00139437196776, "median": 0.00539029296488, "dvar": 1.16785895443e-06}, "silence_rate_60dB": {"dvar2": 0.0767294764519, "var": 0.0840024873614, "min": 0, "dmean": 0.0358887948096, "mean": 0.0925785526633, "max": 1, "dmean2": 0.0717836394906, "median": 0, "dvar": 0.0345956794918}, "melbands": {"dvar2": [3.58428333129e-05, 1.42317749123e-05, 1.04053815448e-05, 1.80544930117e-06, 4.04449536973e-07, 2.73266238082e-07, 4.4210085548e-07, 4.11407398815e-07, 5.11181553975e-07, 6.32076591955e-07, 1.86804641089e-07, 4.71834660232e-08, 6.37950989812e-08, 3.26188107636e-08, 1.48864351956e-08, 1.45339109636e-08, 2.54350762674e-08, 2.08502228816e-08, 1.11802274105e-08, 4.52219151015e-09, 2.52478571383e-09, 3.40517969377e-09, 2.37582686857e-09, 6.3180216614e-10, 6.57484511279e-10, 4.89235985057e-10, 3.51962042844e-10, 2.13317266629e-10, 2.83200601858e-10, 2.40398395635e-10, 1.3756078221e-10, 1.18720144826e-10, 8.68748475935e-11, 1.48034876024e-10, 1.91113000425e-10, 1.26781099508e-10, 8.30644095173e-11, 6.26190002628e-11, 5.68161212522e-11, 3.05124536748e-11], "var": [2.2488866307e-05, 1.42127100844e-05, 5.01443946632e-06, 1.42350404531e-06, 3.62884463811e-07, 2.22869829258e-07, 5.72665328491e-07, 7.09129608367e-07, 7.16837917025e-07, 9.36013805131e-07, 2.15412669036e-07, 4.00889703656e-08, 6.28527274671e-08, 2.48641338629e-08, 2.10292085967e-08, 2.04241263901e-08, 2.63832724556e-08, 1.66006568492e-08, 1.00625747734e-08, 4.0978163085e-09, 2.22949902984e-09, 2.89673729448e-09, 2.09918527005e-09, 5.23807441866e-10, 5.09503106372e-10, 3.97396698881e-10, 2.36963365596e-10, 1.46605907969e-10, 1.76224826398e-10, 1.42694481231e-10, 1.08901818119e-10, 1.1744939743e-10, 9.82053952048e-11, 1.23028226495e-10, 1.14503267978e-10, 9.13584763396e-11, 7.43372516321e-11, 5.22533370739e-11, 3.99158241182e-11, 2.17400385888e-11], "min": [2.47449297104e-24, 2.34772637623e-24, 1.46957558705e-24, 1.12351719768e-24, 1.72999484212e-24, 2.41011600472e-24, 3.37897366927e-24, 3.26387255231e-24, 3.07538922736e-24, 1.27508636821e-24, 3.83184017672e-24, 3.24519508708e-24, 3.84877899251e-24, 3.70039780611e-24, 2.4703153609e-24, 4.02783779622e-24, 3.88677290029e-24, 3.32929594262e-24, 4.78592089879e-24, 5.31441392351e-24, 2.81564513862e-24, 4.31270177998e-24, 4.44916564469e-24, 4.5086323463e-24, 4.79462597888e-24, 4.72380875213e-24, 5.16549591727e-24, 4.48780641841e-24, 5.79555399467e-24, 5.3852264171e-24, 3.38139704997e-24, 4.04980836129e-24, 6.07482534905e-24, 6.33199873731e-24, 4.60747504001e-24, 5.95699398449e-24, 5.82153236757e-24, 5.91366619371e-24, 7.75845331374e-24, 6.23324360717e-24], "dmean": [0.00188764650375, 0.00141235080082, 0.00102002127096, 0.000436423957581, 0.000198783483938, 0.000163256874657, 0.000169321414432, 0.000183621086762, 0.000201829199796, 0.000186910227058, 0.000101136800367, 5.79264742555e-05, 5.63075627724e-05, 3.66395761375e-05, 3.18893835356e-05, 3.18420497933e-05, 3.98358642997e-05, 3.00615974993e-05, 2.72888391919e-05, 1.71359552041e-05, 1.52922220877e-05, 1.4666647985e-05, 1.15697685033e-05, 8.22670699563e-06, 7.57223779146e-06, 6.96972801961e-06, 4.91327637064e-06, 4.7042613005e-06, 4.04800948672e-06, 3.48724961441e-06, 3.27121256305e-06, 3.20929234476e-06, 2.66368419943e-06, 3.67801430912e-06, 4.15511658503e-06, 3.73715192836e-06, 2.87788111564e-06, 2.94487495012e-06, 2.6251170766e-06, 1.90055584426e-06], "mean": [0.00273117353208, 0.00277457665652, 0.00150686129928, 0.000722717610188, 0.000323004875099, 0.000262268993538, 0.000305206689518, 0.000340239406796, 0.000384508864954, 0.000367576285498, 0.000176151661435, 8.64173925947e-05, 9.14774063858e-05, 5.72693752474e-05, 5.38434032933e-05, 5.64635847695e-05, 6.61145386402e-05, 4.69232618343e-05, 3.92700567318e-05, 2.66199513135e-05, 2.35026473092e-05, 2.23699371418e-05, 1.7248237782e-05, 1.23755044115e-05, 1.09134307422e-05, 1.02015565062e-05, 7.08773268343e-06, 6.24195536147e-06, 5.3250532801e-06, 4.63771903014e-06, 4.43676663053e-06, 4.49861499874e-06, 4.03772810387e-06, 4.74357239e-06, 4.46231888418e-06, 4.15375598095e-06, 3.80611140827e-06, 3.65072173736e-06, 3.04374611915e-06, 2.23839128921e-06], "max": [0.0386351197958, 0.0368911772966, 0.0245827231556, 0.0141375940293, 0.015731709078, 0.00760006392375, 0.0117950635031, 0.013304291293, 0.0124812731519, 0.0137816891074, 0.00868527311832, 0.00431824941188, 0.00626191589981, 0.0042742099613, 0.00202970020473, 0.00268056499772, 0.00315809925087, 0.00243260432035, 0.00218130159192, 0.00172080146149, 0.000754125765525, 0.00178143009543, 0.0014936105581, 0.000631414994132, 0.000831617915537, 0.000430152838817, 0.00034210603917, 0.000209295729292, 0.000288014707621, 0.000276977603789, 0.000246947718551, 0.000280349166133, 0.000293195393169, 0.00027546522324, 0.000288417475531, 0.000165757010109, 0.000229135461268, 0.000102889331174, 8.65624679136e-05, 7.1206020948e-05], "dmean2": [0.00274940556847, 0.00219074869528, 0.00173135963269, 0.000725859135855, 0.000317565427395, 0.000248727796134, 0.000257255625911, 0.000272462202702, 0.000297115882859, 0.000281735468889, 0.000156825975864, 9.07963767531e-05, 8.88040085556e-05, 5.65174523217e-05, 4.9530830438e-05, 4.90273778269e-05, 6.16561810602e-05, 4.65975790576e-05, 4.13662746723e-05, 2.62053636106e-05, 2.35815532506e-05, 2.29194138228e-05, 1.803394116e-05, 1.26477034428e-05, 1