{"tonal": {"thpcp": [1, 0.674015343189, 0.388964295387, 0.259660840034, 0.231823772192, 0.472821861506, 0.632782995701, 0.448613792658, 0.276188284159, 0.233872324228, 0.228158742189, 0.371983587742, 0.532183647156, 0.550025165081, 0.687887847424, 0.681538283825, 0.395885974169, 0.259483844042, 0.273565679789, 0.293853849173, 0.506422519684, 0.73766285181, 0.544100284576, 0.279094576836, 0.206793889403, 0.22830350697, 0.378932207823, 0.427669525146, 0.297534346581, 0.231746122241, 0.214764386415, 0.204758688807, 0.299838840961, 0.381642609835, 0.36932104826, 0.728400886059], "hpcp": {"dmean2": [0.293534845114, 0.251222133636, 0.204894423485, 0.220100581646, 0.232852756977, 0.252700597048, 0.284842759371, 0.267853498459, 0.225658103824, 0.179654657841, 0.17358957231, 0.198599234223, 0.194457530975, 0.162165924907, 0.137387737632, 0.121838219464, 0.131186082959, 0.158142358065, 0.188348323107, 0.211933210492, 0.299272865057, 0.339889764786, 0.269983232021, 0.233012109995, 0.182822167873, 0.169465243816, 0.250467330217, 0.297650396824, 0.254332125187, 0.201217249036, 0.172933101654, 0.159295916557, 0.201898112893, 0.250934898853, 0.297535866499, 0.332823097706], "median": [0.110551312566, 0.0597412437201, 0.0367469973862, 0.0274386424571, 0.0310163646936, 0.0885699614882, 0.131459146738, 0.085464335978, 0.0315096080303, 0.0218341052532, 0.0297270212322, 0.0466649569571, 0.0538219101727, 0.0522357039154, 0.046477753669, 0.0382555127144, 0.0323336794972, 0.0537065826356, 0.0599466562271, 0.0707894861698, 0.176817283034, 0.266596645117, 0.162905737758, 0.0540756843984, 0.0340280793607, 0.0343756265938, 0.076353944838, 0.0967994406819, 0.0617046877742, 0.0324541479349, 0.0252462662756, 0.0284072160721, 0.0668831914663, 0.0853488594294, 0.114825837314, 0.147607073188], "min": [0, 0, 0, 0, 0, 0, 0, 0, 0, 0, 0, 0, 0, 0, 0, 0, 0, 0, 0, 0, 0, 0, 0, 0, 0, 0, 0, 0, 0, 0, 0, 0, 0, 0, 0, 0], "dvar2": [0.129476428032, 0.121789649129, 0.108875252306, 0.12418230623, 0.126435175538, 0.111574672163, 0.1208300367, 0.127211049199, 0.134001120925, 0.107916995883, 0.0924807861447, 0.09878770262, 0.0933903381228, 0.0714870169759, 0.0607680641115, 0.0488309189677, 0.0620329193771, 0.0620337016881, 0.0818501710892, 0.0815344154835, 0.111505568027, 0.122801609337, 0.095535159111, 0.103745944798, 0.0814242139459, 0.0760762244463, 0.111879602075, 0.154259547591, 0.126150935888, 0.111326612532, 0.0988288074732, 0.0804165378213, 0.0850275233388, 0.103836141527, 0.122145399451, 0.139923170209], "dvar": [0.0508272051811, 0.0423593893647, 0.0379982888699, 0.0444343537092, 0.0466024242342, 0.041475944221, 0.0493374615908, 0.0468573793769, 0.046654406935, 0.0380124151707, 0.0329883471131, 0.037695325911, 0.0357816331089, 0.0251820273697, 0.0213730912656, 0.0178313869983, 0.0220932886004, 0.0231425985694, 0.031467769295, 0.0289645120502, 0.0428216047585, 0.0518971942365, 0.0361598618329, 0.0383848398924, 0.0293434262276, 0.0275946445763, 0.0433608517051, 0.0599324628711, 0.0472026914358, 0.0399269908667, 0.0358945094049, 0.0294828023762, 0.0309127904475, 0.0414348244667, 0.0447209887207, 0.0506189987063], "dmean": [0.168486565351, 0.140717044473, 0.112234912813, 0.119893737137, 0.129402533174, 0.146129459143, 0.166421338916, 0.153362870216, 0.123536072671, 0.0983746424317, 0.0957385003567, 0.113835498691, 0.111273668706, 0.0921928361058, 0.07773142308, 0.0697058066726, 0.0743932649493, 0.091377876699, 0.108630843461, 0.121827818453, 0.178600072861, 0.202382177114, 0.160333827138, 0.132848441601, 0.102662846446, 0.0947898030281, 0.148378103971, 0.173953339458, 0.144050136209, 0.112679712474, 0.0963556617498, 0.0891899690032, 0.114736072719, 0.143754571676, 0.17132756114, 0.191680654883], "max": [1, 1, 1, 1, 1, 1, 1, 1, 1, 1, 1, 1, 1, 1, 1, 1, 1, 1, 1, 1, 1, 1, 1, 1, 1, 1, 1, 1, 1, 1, 1, 1, 1, 1, 1, 1], "var": [0.101084984839, 0.0463265106082, 0.0305963344872, 0.041341163218, 0.0424703732133, 0.0568702034652, 0.107151784003, 0.0711540430784, 0.0381649136543, 0.0279916897416, 0.0275363083929, 0.0562549121678, 0.0690172687173, 0.0296449679881, 0.0191637333483, 0.019182510674, 0.0206294134259, 0.0286227110773, 0.0501317717135, 0.0359957404435, 0.0795420706272, 0.121978752315, 0.0724836587906, 0.0497500225902, 0.0285183936357, 0.0248048901558, 0.0599317252636, 0.0989085882902, 0.0626952126622, 0.037513460964, 0.0322827920318, 0.0288118608296, 0.0381709337234, 0.0746877267957, 0.0626259967685, 0.0827807709575], "mean": [0.268068194389, 0.155713096261, 0.102062299848, 0.107601091266, 0.115580990911, 0.199190229177, 0.290143579245, 0.214009955525, 0.10977575928, 0.0813378617167, 0.0897981971502, 0.149044707417, 0.168214470148, 0.117028638721, 0.0911522731185, 0.0844728797674, 0.0805373564363, 0.117935054004, 0.150110781193, 0.14526437223, 0.286500573158, 0.393328160048, 0.265109211206, 0.152990609407, 0.102131925523, 0.0911828204989, 0.185974150896, 0.248891368508, 0.176452443004, 0.108632624149, 0.0919885709882, 0.0897412598133, 0.146311625838, 0.209322825074, 0.216340377927, 0.270565658808]}, "tuning_equal_tempered_deviation": 0.0810457617044, "chords_changes_rate": 0.0599291734397, "key_key": "A", "tuning_diatonic_strength": 0.667361855507, "key_scale": "major", "chords_number_rate": 0.00299645867199, "tuning_frequency": 441.017791748, "tuning_nontempered_energy_ratio": 0.713122189045, "chords_histogram": [23.8899478912, 8.00871658325, 31.2993736267, 2.0157995224, 5.96567678452, 1.52546989918, 1.11686193943, 0.817216038704, 0.844456553459, 0.599291741848, 0.108962133527, 0, 0.190683737397, 0.92617815733, 0.108962133527, 0.163443207741, 0, 10.1334781647, 0, 4.35848522186, 0.0272405333817, 1.77063465118, 0, 6.12912034988], "key_strength": 0.838821530342, "chords_key": "E", "chords_strength": {"dmean2": 0.0108650447801, "median": 0.502749681473, "min": -1, "dvar2": 0.00117066886742, "dvar": 0.000587481714319, "dmean": 0.00999770499766, "max": 0.785483360291, "var": 0.0136814154685, "mean": 0.502051174641}, "chords_scale": "major", "hpcp_entropy": {"dmean2": 1.03766453266, "median": 2.07100987434, "min": 0, "dvar2": 0.777717769146, "dvar": 0.281593561172, "dmean": 0.619717240334, "max": 4.44123506546, "var": 0.595712959766, "mean": 2.04952025414}}, "metadata": {"audio_properties": {"equal_loudness": 0, "codec": "flac", "downmix": "mix", "sample_rate": 44100, "analysis_sample_rate": 44100, "bit_rate": 0, "md5_encoded": "4275370e8d8276503d730c0ebec84c1d", "length": 170.399993896, "replay_gain": -15.6578063965, "lossless": true}, "version": {"essentia_build_sha": "70f2e5ece6736b2c40cc944ad0e695b16b925413", "essentia": "2.1-beta2", "extractor": "music 1.0", "essentia_git_sha": "v2.1_beta2"}, "tags": {"title": ["Last Dance"], "language": ["eng"], "media": ["12\" Vinyl"], "albumartist": ["Everyone Asked About You"], "tracktotal": ["10"], "musicbrainz_releasegroupid": ["d8c1e565-a083-43da-bcd7-60032c224f4b"], "musicbrainz_recordingid": ["14181818-8769-4f13-b361-2e6479e83e2b"], "album": ["Let's Be Enemies"], "musicbrainz_albumartistid": ["3a05d825-813a-4a00-8b4d-bebfbb0a3241"], "discnumber": ["1"], "bpm": ["0"], "catalognumber": ["25D 003"], "releasecountry": ["US"], "file_name": "06 Last Dance.flac", "compilation": ["0"], "date": ["2012"], "genre": ["Emo"], "disctotal": ["1"], "musicbrainz_artistid": ["3a05d825-813a-4a00-8b4d-bebfbb0a3241"], "originaldate": ["2012"], "musicbrainz_albumid": ["90c92df3-cd63-41e4-b62e-0c34b351c092"], "tracknumber": ["6"], "artistsort": ["Everyone Asked About You"], "artist": ["Everyone Asked About You"], "label": ["25 Diamonds"], "albumartistsort": ["Everyone Asked About You"], "totaldiscs": ["1"], "script": ["Latn"], "totaltracks": ["10"]}}, "rhythm": {"bpm_histogram_first_peak_bpm": {"dmean2": 0, "median": 110, "min": 110, "dvar2": 0, "dvar": 0, "dmean": 0, "max": 110, "var": 0, "mean": 110}, "bpm": 109.432365417, "bpm_histogram_second_peak_spread": {"dmean2": 0, "median": 0.641025662422, "min": 0.641025662422, "dvar2": 0, "dvar": 0, "dmean": 0, "max": 0.641025662422, "var": 0, "mean": 0.641025662422}, "bpm_histogram_first_peak_weight": {"dmean2": 0, "median": 0.189602449536, "min": 0.189602449536, "dvar2": 0, "dvar": 0, "dmean": 0, "max": 0.189602449536, "var": 0, "mean": 0.189602449536}, "onset_rate": 3.0981760025, "beats_position": [0.522448956966, 1.05650794506, 1.59056687355, 2.11301589012, 2.63546490669, 3.1811337471, 3.73841261864, 4.3073015213, 4.8994102478, 5.50312900543, 6.11845779419, 6.73378658295, 7.36072540283, 7.95283412933, 8.54494285583, 9.12544155121, 9.69433116913, 10.2632198334, 10.8321084976, 11.4009971619, 11.9582767487, 12.5155553818, 13.0728340149, 13.6301136017, 14.1873922348, 14.7330608368, 15.2903394699, 15.8476190567, 16.3932876587, 16.9389572144, 17.4846248627, 18.0186843872, 18.5643539429, 19.1100215912, 19.6556911469, 20.2013607025, 20.7354183197, 21.2810878754, 21.8151473999, 22.3608150482, 22.9064846039, 23.4521541595, 23.9862117767, 24.5086612701, 25.0427207947, 25.5767803192, 26.1108379364, 26.6448974609, 27.1789569855, 27.7130146027, 28.2586841583, 28.804353714, 29.3500213623, 29.895690918, 30.4297504425, 30.9638080597, 31.5094776154, 32.0435371399, 32.5775947571, 33.1232643127, 33.6573219299, 34.2262115479, 34.818321228, 35.4104309082, 36.0141487122, 36.6178665161, 37.2099761963, 37.8020858765, 38.3941955566, 38.9979133606, 39.5900230408, 40.1821289062, 40.7742385864, 41.3547401428, 41.9468460083, 42.550567627, 43.1426734924, 43.7231750488, 44.3036727905, 44.8957824707, 45.4878921509, 46.0916099548, 46.683719635, 47.2758255005, 47.8679351807, 48.4600448608, 49.0405426025, 49.6094322205, 50.1899299622, 50.7588195801, 51.3393173218, 51.9082069397, 52.4887046814, 53.0692062378, 53.6380958557, 54.2185935974, 54.7990913391, 55.3912010193, 55.9833106995, 56.5638084412, 57.1326980591, 57.7131958008, 58.305305481, 58.8858032227, 59.4663009644, 60.0468025208, 60.6389122009, 61.2426300049, 61.8347396851, 62.4152374268, 62.9957351685, 63.5762329102, 64.1567306519, 64.7372360229, 65.3177337646, 65.8750076294, 66.4322891235, 66.9779586792, 67.5236282349, 68.0809020996, 68.6265716553, 69.1722412109, 69.7295227051, 70.2635803223, 70.8092498779, 71.3665313721, 71.9122009277, 72.4578704834, 73.0035324097, 73.5375976562, 74.0716552734, 74.6057128906, 75.1281585693, 75.638999939, 76.1498413086, 76.6606826782, 77.1831283569, 77.5778656006, 77.9958267212, 78.4137878418, 78.8201370239, 79.2264862061, 79.6444396973, 80.0624008179, 80.46875, 80.8750991821, 81.2930603027, 81.7110214233, 82.140586853, 82.5585479736, 82.9765090942, 83.3944625854, 83.8124237061, 84.2187728882, 84.6367340088, 85.0430831909, 85.449432373, 85.8673934937, 86.2853469849, 86.691696167, 87.0980453491, 87.5043945312, 87.9107437134, 88.328704834, 88.7466659546, 89.1646270752, 89.5941925049, 90.023765564, 90.4417190552, 90.8596801758, 91.2776412964, 91.6839904785, 92.0903396606, 92.4966888428, 92.9030380249, 93.3209991455, 93.7389526367, 94.1569137573, 94.5864868164, 95.0160522461, 95.4456253052, 95.8751907349, 96.3047637939, 96.8620376587, 97.4077072144, 97.95337677, 98.4990463257, 99.0447158813, 99.590385437, 100.147659302, 100.693328857, 101.250610352, 101.819496155, 102.388389587, 102.957275391, 103.514556885, 104.083442688, 104.652336121, 105.232833862, 105.790107727, 106.347389221, 106.904670715, 107.46194458, 108.007614136, 108.56489563, 109.110565186, 109.66784668, 110.213516235, 110.759178162, 111.304847717, 111.862129211, 112.407798767, 112.953468323, 113.499137878, 114.033195496, 114.567253113, 115.112922668, 115.658592224, 116.20426178, 116.749931335, 117.283988953, 117.81804657, 118.363716125, 118.909385681, 119.455055237, 120.012336731, 120.557998657, 121.092063904, 121.637733459, 122.183395386, 122.729064941, 123.274734497, 123.820404053, 124.366073608, 124.911743164, 125.45741272, 126.003082275, 126.56036377, 127.106025696, 127.651695251, 128.197372437, 128.754638672, 129.323532104, 129.892425537, 130.449707031, 131.030197144, 131.610702515, 132.191192627, 132.643981934, 133.09677124, 133.537963867, 133.955917358, 134.37387085, 134.7918396, 135.233016968, 135.674194336, 136.115371704, 136.556549072, 136.99772644, 137.438903809, 137.880081177, 138.321273804, 138.77406311, 139.226852417, 139.668029785, 140.109207153, 140.538772583, 140.968338013, 141.397918701, 141.827484131, 142.268661499, 142.709838867, 143.151016235, 143.592193604, 144.021759033, 144.439727783, 144.869293213, 145.298858643, 145.740036011, 146.192825317, 146.634017944, 147.075195312, 147.516372681, 147.94593811, 148.37550354, 148.816680908, 149.269470215, 149.722259521, 150.175048828, 150.604629517, 151.045806885, 151.486984253, 151.916549683, 152.346115112, 152.78729248, 153.240081787, 153.692871094, 154.134063721, 154.586837769, 155.039627075, 155.50402832, 155.968429565, 156.432830811, 156.897232056, 157.361633301, 157.918914795, 158.487792969, 159.033462524, 159.590744019, 160.148025513, 160.705307007, 161.262588501, 161.819854736, 162.400360107, 162.980865479, 163.596191406, 164.211517334, 164.826843262, 165.314468384, 165.802078247, 166.289703369, 166.765716553, 167.253326416, 167.740951538, 168.228561401, 168.716186523, 169.203811646, 169.691421509], "beats_loudness": {"dmean2": 0.021807026118, "median": 0.0305530969054, "min": 0, "dvar2": 0.000273373123491, "dvar": 9.46890722844e-05, "dmean": 0.0122199524194, "max": 0.067912645638, "var": 0.00026593124494, "mean": 0.0295273121446}, "danceability": 0.960272669792, "bpm_histogram_second_peak_weight": {"dmean2": 0, "median": 0.0856269076467, "min": 0.0856269076467, "dvar2": 0, "dvar": 0, "dmean": 0, "max": 0.0856269076467, "var": 0, "mean": 0.0856269076467}, "beats_count": 328, "bpm_histogram_second_peak_bpm": {"dmean2": 0, "median": 103, "min": 103, "dvar2": 0, "dvar": 0, "dmean": 0, "max": 103, "var": 0, "mean": 103}, "bpm_histogram_first_peak_spread": {"dmean2": 0, "median": 0.491803228855, "min": 0.491803228855, "dvar2": 0, "dvar": 0, "dmean": 0, "max": 0.491803228855, "var": 0, "mean": 0.491803228855}, "beats_loudness_band_ratio": {"dmean2": [0.297165811062, 0.177747160196, 0.143016442657, 0.156986325979, 0.143124371767, 0.0770954266191], "median": [0.409015387297, 0.135849803686, 0.0896467790008, 0.0947577431798, 0.13080778718, 0.0557723045349], "min": [0, 0, 0, 0, 0, 0], "dvar2": [0.0549567341805, 0.0276266224682, 0.0222213901579, 0.0243078395724, 0.0184141602367, 0.0103982137516], "dvar": [0.0193450432271, 0.00925415381789, 0.00834580883384, 0.0087027316913, 0.0064782067202, 0.00465377187356], "dmean": [0.176056563854, 0.101605862379, 0.0847093090415, 0.0906496942043, 0.0836604461074, 0.0460995584726], "max": [0.929253041744, 0.561357140541, 0.737021446228, 0.735627114773, 0.728244662285, 0.832786023617], "var": [0.0444121211767, 0.0128588527441, 0.0125890923664, 0.0132095599547, 0.0130417263135, 0.00484639778733], "mean": [0.419925361872, 0.162373140454, 0.127130821347, 0.128368154168, 0.148876905441, 0.0659762173891]}}, "lowlevel": {"barkbands_spread": {"dmean2": 8.42505455017, "median": 27.4675712585, "min": 1.91362452507, "dvar2": 73.8835525513, "dvar": 32.0058822632, "dmean": 5.34215354919, "max": 131.598052979, "var": 215.143737793, "mean": 28.4375610352}, "melbands_spread": {"dmean2": 12.3587312698, "median": 30.4242134094, "min": 1.60672426224, "dvar2": 172.307846069, "dvar": 73.5846557617, "dmean": 7.72794866562, "max": 169.372543335, "var": 340.814910889, "mean": 31.4248485565}, "hfc": {"dmean2": 7.3633890152, "median": 19.8862037659, "min": 1.09930185826e-16, "dvar2": 145.668792725, "dvar": 64.8315658569, "dmean": 4.90022659302, "max": 338.292449951, "var": 441.909118652, "mean": 24.1470088959}, "barkbands_kurtosis": {"dmean2": 2.72459554672, "median": 0.0998996496201, "min": -1.81617832184, "dvar2": 22.1839752197, "dvar": 8.8769493103, "dmean": 1.65794563293, "max": 59.6152839661, "var": 20.5387821198, "mean": 1.77411615849}, "gfcc": {"mean": [-8.83858680725, 81.5336914062, -120.252609253, 35.6579780579, -47.6705436707, 15.8824110031, -35.3718719482, 6.71969938278, -19.3540611267, -2.69266462326, -19.0209388733, -2.69815778732, -9.90538597107], "icov": [[0.000151500455104, -0.000319135840982, 0.000205287753488, -0.000236290303292, 5.20857574884e-05, -0.000461980351247, 0.000322989391861, -0.000656925316434, 0.00082758278586, -0.000687905936502, 0.000932553550228, -0.000735918642022, 0.000318717997288], [-0.000319135840982, 0.00231326278299, 0.000268303934718, -0.000132779940031, -0.000137525887112, 0.00069903221447, -0.00115087395534, 0.00170062819961, -0.00328504224308, 0.00314547214657, -0.00355496746488, 0.00318962498568, -0.00160836416762], [0.000205287753488, 0.000268303934718, 0.00212744041346, -0.000981965800747, -0.00023642857559, -0.000937750563025, 0.000275199708994, -0.001083332696, -0.00012358224194, -0.000822194328066, 0.000638191122562, -0.000481170252897, 0.000612795876805], [-0.000236290303292, -0.000132779940031, -0.000981965800747, 0.00353230861947, 0.00013122180826, 0.000124624202726, -0.000806619471405, 0.00135677692015, -0.00151274679229, -0.000153142987983, -0.000869998068083, 0.000830755219795, -0.00083136826288], [5.20857574884e-05, -0.000137525887112, -0.00023642857559, 0.00013122180826, 0.00443417904899, -0.000595228688326, -0.00115624989849, -0.000420812197262, -0.000412221124861, -0.000657736440189, 0.00173709483352, -0.00253235222772, -0.000340832601069], [-0.000461980351247, 0.00069903221447, -0.000937750563025, 0.000124624202726, -0.000595228688326, 0.0101563548669, -0.00299538252875, -0.00183666904923, 0.000518275308423, -1.51127114805e-05, -0.00351351662539, 0.00356140034273, -0.00171704194508], [0.000322989391861, -0.00115087395534, 0.000275199708994, -0.000806619471405, -0.00115624989849, -0.00299538252875, 0.00867402181029, -0.00272639282048, 0.00208691647276, 0.00039121392183, 0.00170404626988, -0.00216393521987, 0.00162618805189], [-0.000656925316434, 0.00170062819961, -0.001083332696, 0.00135677692015, -0.000420812197262, -0.00183666904923, -0.00272639282048, 0.0143363596871, -0.00702117802575, 0.000556644576136, -0.00042522297008, -0.000692939735018, -0.000573735218495], [0.00082758278586, -0.00328504224308, -0.00012358224194, -0.00151274679229, -0.000412221124861, 0.000518275308423, 0.00208691647276, -0.00702117802575, 0.0209682993591, -0.00750307366252, 0.00057628552895, 0.00227231206372, -0.000283032102743], [-0.000687905936502, 0.00314547214657, -0.000822194328066, -0.000153142987983, -0.000657736440189, -1.51127114805e-05, 0.00039121392183, 0.000556644576136, -0.00750307366252, 0.0200426131487, -0.00929921586066, 0.00199346174486, -0.000397754367441], [0.000932553550228, -0.00355496746488, 0.000638191122562, -0.000869998068083, 0.00173709483352, -0.00351351662539, 0.00170404626988, -0.00042522297008, 0.00057628552895, -0.00929921586066, 0.024073023349, -0.00942231342196, 0.00174390303437], [-0.000735918642022, 0.00318962498568, -0.000481170252897, 0.000830755219795, -0.00253235222772, 0.00356140034273, -0.00216393521987, -0.000692939735018, 0.00227231206372, 0.00199346174486, -0.00942231342196, 0.0224417634308, -0.00797270890325], [0.000318717997288, -0.00160836416762, 0.000612795876805, -0.00083136826288, -0.000340832601069, -0.00171704194508, 0.00162618805189, -0.000573735218495, -0.000283032102743, -0.000397754367441, 0.00174390303437, -0.00797270890325, 0.0200188346207]], "cov": [[26295.921875, -64.1469650269, -938.443481445, 599.127075195, 417.017578125, 1014.90057373, 186.299346924, 940.01373291, -664.064697266, 331.91317749, -481.009460449, 603.284179688, 15.1280641556], [-64.1469650269, 1371.39343262, -316.732757568, 159.097991943, -123.989868164, -59.5148658752, 28.9076461792, -133.261383057, 155.762786865, -107.110351562, 102.58253479, -164.662567139, 39.6812667847], [-938.443481445, -316.732757568, 771.904785156, 129.921585083, 83.6884994507, 70.1364746094, 30.8958435059, 79.2829055786, 47.7311668396, 71.4712371826, 12.0703706741, 19.0213356018, -12.9175720215], [599.127075195, 159.097991943, 129.921585083, 395.978790283, 2.7465467453, 46.5307350159, 31.0059909821, 12.9874162674, 42.4945144653, 30.0531730652, 20.5723400116, -12.5966587067, 11.9917192459], [417.017578125, -123.989868164, 83.6884994507, 2.7465467453, 298.028137207, 57.5393753052, 64.0436477661, 63.6992645264, -13.1975727081, 23.6717472076, -20.7226314545, 61.1466789246, 14.0250606537], [1014.90057373, -59.5148658752, 70.1364746094, 46.5307350159, 57.5393753052, 182.080429077, 62.3650779724, 82.4732437134, -17.8824710846, 34.2373809814, -5.45453739166, 25.5086269379, 3.80189108849], [186.299346924, 28.9076461792, 30.8958435059, 31.0059909821, 64.0436477661, 62.3650779724, 164.086700439, 43.620223999, -5.60466003418, -4.73338890076, -4.82124042511, 15.0894231796, 0.31501275301], [940.01373291, -133.261383057, 79.2829055786, 12.9874162674, 63.6992645264, 82.4732437134, 43.620223999, 154.397293091, 0.549106538296, 41.1521606445, -17.9321460724, 43.1986885071, 1.07181882858], [-664.064697266, 155.762786865, 47.7311668396, 42.4945144653, -13.1975727081, -17.8824710846, -5.60466003418, 0.549106538296, 112.174537659, 17.3800487518, 35.8812599182, -39.6593666077, 5.11388063431], [331.91317749, -107.110351562, 71.4712371826, 30.0531730652, 23.6717472076, 34.2373809814, -4.73338890076, 41.1521606445, 17.3800487518, 94.4491424561, 19.8013935089, 22.5490894318, -0.548281908035], [-481.009460449, 102.58253479, 12.0703706741, 20.5723400116, -20.7226314545, -5.45453739166, -4.82124042511, -17.9321460724, 35.8812599182, 19.8013935089, 82.1846237183, -1.13145148754, 8.73253536224], [603.284179688, -164.662567139, 19.0213356018, -12.5966587067, 61.1466789246, 25.5086269379, 15.0894231796, 43.1986885071, -39.6593666077, 22.5490894318, -1.13145148754, 103.015563965, 20.3145332336], [15.1280641556, 39.6812667847, -12.9175720215, 11.9917192459, 14.0250606537, 3.80189108849, 0.31501275301, 1.07181882858, 5.11388063431, -0.548281908035, 8.73253536224, 20.3145332336, 61.7547950745]]}, "spectral_energyband_middle_low": {"dmean2": 0.00683689722791, "median": 0.00651796162128, "min": 1.80398554585e-22, "dvar2": 0.000121391305584, "dvar": 4.72110696137e-05, "dmean": 0.00409150496125, "max": 0.0802732184529, "var": 6.8803288741e-05, "mean": 0.00895783770829}, "melbands_crest": {"dmean2": 4.97357559204, "median": 11.6273555756, "min": 1.75784194469, "dvar2": 18.4485397339, "dvar": 7.1697268486, "dmean": 2.99721026421, "max": 32.9551887512, "var": 19.1090145111, "mean": 12.2485437393}, "spectral_kurtosis": {"dmean2": 1.93507790565, "median": 3.78050541878, "min": -1.25608074665, "dvar2": 6.46917819977, "dvar": 2.5134267807, "dmean": 1.1585278511, "max": 48.2110481262, "var": 8.50987243652, "mean": 4.14875650406}, "spectral_rms": {"dmean2": 0.00107774068601, "median": 0.00466579198837, "min": 3.11920259587e-12, "dvar2": 1.72725958691e-06, "dvar": 7.11248560492e-07, "dmean": 0.000670743407682, "max": 0.00984695460647, "var": 3.8330008465e-06, "mean": 0.00451404647902}, "zerocrossingrate": {"dmean2": 0.01142570097, "median": 0.06640625, "min": 0.00634765625, "dvar2": 0.000150352338096, "dvar": 0.000132911663968, "dmean": 0.00954666733742, "max": 0.77099609375, "var": 0.00438668346033, "mean": 0.0758370608091}, "silence_rate_60dB": {"dmean2": 0.00763150723651, "median": 0, "min": 0, "dvar2": 0.00948142446578, "dvar": 0.00380084733479, "dmean": 0.00381523370743, "max": 1, "var": 0.080270178616, "mean": 0.0880108997226}, "erbbands_kurtosis": {"dmean2": 1.0177283287, "median": 0.0245485305786, "min": -1.65374052525, "dvar2": 1.38870322704, "dvar": 0.609454154968, "dmean": 0.641713023186, "max": 20.937707901, "var": 1.82710063457, "mean": 0.299809455872}, "erbbands": {"dmean2": [0.110219977796, 1.09685111046, 4.12031745911, 6.72373104095, 14.5811805725, 8.52970218658, 7.36376428604, 8.6529083252, 6.2836022377, 7.56898498535, 9.41622161865, 31.8043346405, 30.0706214905, 26.4844493866, 29.8161697388, 25.9268074036, 24.6574554443, 31.538143158, 42.2656364441, 24.4080963135, 44.1763076782, 27.7801208496, 21.4956741333, 13.423456192, 10.3001794815, 6.04932403564, 6.9250497818, 5.75493144989, 3.65080523491, 2.70891499519, 1.95450949669, 1.0274579525, 1.01356220245, 0.942583918571, 0.484986394644, 0.26770350337, 0.0921802595258, 0.0196607150137, 0.00195045396686, 7.74086365709e-05], "median": [0.0774797648191, 0.63957965374, 1.66628754139, 2.97958564758, 4.07811021805, 4.07694864273, 5.66469478607, 6.19741439819, 3.60238265991, 4.4175028801, 5.3505563736, 20.9057846069, 11.6614513397, 10.0031080246, 8.72313785553, 14.155418396, 16.285369873, 17.4224052429, 27.1713867188, 17.4532470703, 28.7785797119, 30.03166008, 24.1571235657, 15.6612291336, 12.9627590179, 7.23664808273, 7.27562046051, 6.7419295311, 4.20653915405, 3.09671211243, 2.42744731903, 1.2806866169, 0.829973161221, 0.454528301954, 0.182411015034, 0.0630922392011, 0.0189856514335, 0.00392131647095, 0.000360479520168, 5.16081490787e-05], "min": [4.86488626984e-23, 4.07469831125e-22, 9.46843314541e-22, 5.51153350201e-21, 1.28923150504e-20, 4.33926670883e-20, 5.76218085984e-20, 9.78094286941e-20, 3.92787670298e-19, 2.6665431081e-19, 2.96639788961e-19, 4.90197570757e-19, 4.79291556272e-19, 8.49091903197e-19, 1.02713860094e-18, 2.02358177012e-18, 2.20839335771e-18, 2.28470676628e-18, 2.72365512141e-18, 2.2621055036e-18, 3.9956463181e-18, 6.03662224894e-18, 6.05697047842e-18, 6.99064397739e-18, 7.78461659707e-18, 9.6159332619e-18, 8.19001202502e-18, 1.11112855579e-17, 1.16125735527e-17, 1.31710413837e-17, 1.15082247184e-17, 1.20968894557e-17, 1.01543641478e-17, 9.46894574859e-18, 5.89717655486e-18, 3.84653584575e-18, 2.36599028955e-18, 9.1363184331e-19, 2.21080898359e-19, 2.64716181399e-20], "dvar2": [0.0423769876361, 3.80187034607, 56.6881790161, 111.057899475, 1016.40466309, 278.895965576, 150.121231079, 250.3412323, 141.646606445, 319.647613525, 740.475341797, 4063.91186523, 6131.40576172, 4610.83251953, 5927.53710938, 3117.72509766, 2104.07250977, 4521.39501953, 6295.97753906, 2529.93115234, 5429.86279297, 1604.01843262, 992.684570312, 399.851745605, 235.925018311, 98.4757461548, 134.259750366, 105.195526123, 95.3012542725, 47.4393920898, 23.414598465, 9.04336071014, 12.0474700928, 10.1994762421, 4.05976438522, 6.58458757401, 0.813190042973, 0.0101793278009, 5.83381624892e-05, 6.33513650428e-08], "dvar": [0.0177051331848, 1.44216310978, 19.1795845032, 41.0717926025, 387.411560059, 100.174682617, 55.3484268188, 105.252662659, 58.8761520386, 125.86882782, 289.636474609, 1687.31225586, 2314.60327148, 1754.75622559, 2281.31884766, 1193.77941895, 881.226989746, 1829.84875488, 2462.55981445, 996.627990723, 2061.49487305, 606.310913086, 388.57208252, 152.793228149, 92.7737579346, 44.0959968567, 53.9422874451, 43.6766777039, 36.9678115845, 18.7914276123, 9.15111923218, 3.41104006767, 5.47319746017, 5.44376134872, 2.12345170975, 2.86329650879, 0.356585502625, 0.00533571653068, 2.99039184029e-05, 3.23915436695e-08], "dmean": [0.0680984556675, 0.64831662178, 2.31418657303, 3.8857562542, 8.58759593964, 4.93754148483, 4.41016435623, 5.31280088425, 3.87186861038, 4.61823892593, 5.91535758972, 20.4530906677, 18.8213729858, 16.4425029755, 18.4925365448, 16.0480613708, 15.4518938065, 19.6739826202, 26.194272995, 15.1917667389, 26.5879764557, 17.0430145264, 13.16152668, 8.24088478088, 6.40105581284, 3.78282403946, 4.27741336823, 3.56818342209, 2.2855079174, 1.71842241287, 1.24759030342, 0.662238121033, 0.674593567848, 0.642705917358, 0.340428650379, 0.1819871068, 0.0638164654374, 0.0138183478266, 0.0013541035587, 5.39841748832e-05], "max": [1.74500584602, 10.9190444946, 41.2720451355, 101.380714417, 219.852157593, 113.752929688, 176.966079712, 276.644775391, 225.642089844, 270.017303467, 372.4324646, 885.166503906, 930.396850586, 1012.37390137, 921.106140137, 648.361206055, 711.294128418, 789.886474609, 1276.35131836, 713.765380859, 1298.67370605, 423.98538208, 604.342346191, 313.200531006, 267.061737061, 186.668304443, 174.151489258, 192.977600098, 220.668380737, 126.9090271, 103.192398071, 71.2278213501, 99.1685180664, 105.491851807, 66.189201355, 93.1617507935, 37.9868354797, 3.72143483162, 0.214290499687, 0.00638161879033], "var": [0.0242027882487, 1.62414228916, 16.4470500946, 45.4396476746, 356.489990234, 99.3508224487, 76.2952346802, 231.238250732, 128.434020996, 246.396881104, 531.750671387, 5575.94433594, 6524.80761719, 4212.02978516, 5502.13427734, 2893.02905273, 3468.77246094, 5087.60107422, 6771.95947266, 2918.80322266, 4716.71777344, 2034.51330566, 1417.65014648, 638.152709961, 339.248474121, 163.631469727, 207.429870605, 147.917816162, 64.5136489868, 33.9066047668, 20.1673374176, 6.8109998703, 11.4165124893, 15.4009580612, 5.40600204468, 4.18844747543, 0.585471749306, 0.0118959844112, 6.23827436357e-05, 7.35063565571e-08], "mean": [0.123255327344, 0.99731785059, 2.92094683647, 5.174036026, 9.60418701172, 7.15975999832, 7.84102964401, 10.1313381195, 6.93677091599, 8.41090393066, 11.4588661194, 46.8292732239, 40.1211700439, 32.001033783, 32.8508987427, 31.2483711243, 36.3844337463, 42.9211158752, 56.1794776917, 33.1302871704, 52.2681274414, 42.1426696777, 34.5424461365, 22.6128997803, 17.4142494202, 10.2356595993, 11.3670654297, 9.83302021027, 5.76063489914, 4.31541204453, 3.42319941521, 1.88878679276, 1.6351596117, 1.35590612888, 0.67999958992, 0.305617541075, 0.106568478048, 0.0230285450816, 0.00211770227179, 0.000109157510451]}, "spectral_strongpeak": {"dmean2": 0.991726696491, "median": 0.319063603878, "min": 0, "dvar2": 2.6694316864, "dvar": 1.04347264767, "dmean": 0.5769059062, "max": 18.6490840912, "var": 1.75508999825, "mean": 0.886837303638}, "spectral_energy": {"dmean2": 0.0120659712702, "median": 0.0223138574511, "min": 9.97265990938e-21, "dvar2": 0.000267254683422, "dvar": 0.000105572828033, "dmean": 0.0073547125794, "max": 0.0993865802884, "var": 0.000289807299851, "mean": 0.0248147714883}, "average_loudness": 0.88373196125, "spectral_rolloff": {"dmean2": 738.466552734, "median": 1722.65625, "min": 86.1328125, "dvar2": 1338407.875, "dvar": 624242.25, "dmean": 445.703094482, "max": 21167.1386719, "var": 5911473.5, "mean": 2028.2298584}, "spectral_centroid": {"dmean2": 360.295166016, "median": 1623.84375, "min": 222.480133057, "dvar2": 150655.546875, "dvar": 69506.6328125, "dmean": 226.463195801, "max": 11492.2802734, "var": 785717.4375, "mean": 1611.39782715}, "pitch_salience": {"dmean2": 0.103510640562, "median": 0.564660429955, "min": 0.218322768807, "dvar2": 0.00821950566024, "dvar": 0.00300393020734, "dmean": 0.0621630698442, "max": 0.871654093266, "var": 0.0087230829522, "mean": 0.561192989349}, "spectral_energyband_middle_high": {"dmean2": 0.00296622794122, "median": 0.00544018857181, "min": 1.37309548206e-21, "dvar2": 1.87860096048e-05, "dvar": 7.62337549531e-06, "dmean": 0.00191799772438, "max": 0.05681271106, "var": 6.32499650237e-05, "mean": 0.00776140904054}, "spectral_contrast_coeffs": {"dmean2": [0.0905305817723, 0.0738930851221, 0.0569212287664, 0.0470521822572, 0.0334878899157, 0.0252144094557], "median": [-0.672585248947, -0.73797172308, -0.764304578304, -0.779147028923, -0.781139492989, -0.751546859741], "min": [-0.973151683807, -0.974883139133, -0.974301755428, -0.969270408154, -0.966293871403, -0.962790668011], "dvar2": [0.00567847909406, 0.00356018007733, 0.00205864640884, 0.00144535547588, 0.000757765141316, 0.000518510118127], "dvar": [0.00213587353937, 0.00133206078317, 0.000791308877524, 0.000589378643781, 0.000307265057927, 0.000229663593927], "dmean": [0.054156396538, 0.0444295965135, 0.0349114574492, 0.0289446879178, 0.0203793961555, 0.0157694090158], "max": [-0.336434394121, -0.421234875917, -0.517305791378, -0.473652243614, -0.541394233704, -0.547724068165], "var": [0.00645495159552, 0.00523992488161, 0.00452454434708, 0.00351597182453, 0.00195606704801, 0.00195783330128], "mean": [-0.663387715816, -0.733783066273, -0.76005089283, -0.776830673218, -0.786927819252, -0.752835452557]}, "melbands_skewness": {"dmean2": 1.0076328516, "median": 2.03328418732, "min": -2.95688247681, "dvar2": 1.20262169838, "dvar": 0.493706613779, "dmean": 0.629306435585, "max": 12.0968027115, "var": 1.83613479137, "mean": 2.19369316101}, "spectral_spread": {"dmean2": 638543.5, "median": 4345791, "min": 1221057, "dvar2": 869576736768, "dvar": 550910361600, "dmean": 438175, "max": 42326056, "var": 8607986352130.0, "mean": 4755486.5}, "dissonance": {"dmean2": 0.0214390195906, "median": 0.480671346188, "min": 0.282648891211, "dvar2": 0.000481179304188, "dvar": 0.000179281792953, "dmean": 0.0126643683761, "max": 0.500000119209, "var": 0.000512482773047, "mean": 0.473964720964}, "spectral_skewness": {"dmean2": 0.255146354437, "median": 1.45494842529, "min": -0.149237781763, "dvar2": 0.0729562118649, "dvar": 0.0306007098407, "dmean": 0.159264832735, "max": 5.01539850235, "var": 0.160225883126, "mean": 1.46969771385}, "spectral_flux": {"dmean2": 0.0334338285029, "median": 0.0757033899426, "min": 6.53790910299e-11, "dvar2": 0.0014607924968, "dvar": 0.000678663956933, "dmean": 0.0212511457503, "max": 0.259633481503, "var": 0.00203315448016, "mean": 0.0781824365258}, "spectral_contrast_valleys": {"dmean2": [0.607884287834, 0.566658616066, 0.49918743968, 0.433891832829, 0.318423599005, 0.288644820452], "median": [-6.85524845123, -6.86503410339, -7.08195495605, -7.13151025772, -6.99972057343, -9.68656349182], "min": [-28.4768390656, -27.9503879547, -27.7658195496, -27.6331577301, -27.5019111633, -27.3771247864], "dvar2": [0.291692078114, 0.244186684489, 0.201989576221, 0.183438211679, 0.133882597089, 0.142549961805], "dvar": [0.130488604307, 0.116536080837, 0.110532708466, 0.103861220181, 0.0853670611978, 0.0907610580325], "dmean": [0.363362193108, 0.345134317875, 0.315562307835, 0.278227359056, 0.211929887533, 0.207173898816], "max": [-5.35150432587, -5.02322292328, -5.08902454376, -5.7468380928, -5.76572418213, -7.59975004196], "var": [4.72781801224, 3.6682331562, 3.95438838005, 3.81395053864, 3.90206122398, 3.40952444077], "mean": [-7.43087005615, -7.23292541504, -7.50496006012, -7.62788248062, -7.55335283279, -10.1910190582]}, "erbbands_flatness_db": {"dmean2": 0.0194374471903, "median": 0.137373834848, "min": 0.0259974282235, "dvar2": 0.000368537381291, "dvar": 0.000189540543943, "dmean": 0.0131828002632, "max": 0.367817133665, "var": 0.00185901788063, "mean": 0.14171873033}, "spectral_energyband_high": {"dmean2": 0.000393256021198, "median": 0.000685241189785, "min": 7.19997796109e-21, "dvar2": 9.8582904684e-07, "dvar": 4.43968986019e-07, "dmean": 0.000272501434665, "max": 0.0266143102199, "var": 1.46443017002e-06, "mean": 0.000933962699492}, "spectral_entropy": {"dmean2": 0.161508694291, "median": 7.8266992569, "min": 5.35630464554, "dvar2": 0.0286796987057, "dvar": 0.0139568643644, "dmean": 0.10521826148, "max": 9.81925964355, "var": 0.143143191934, "mean": 7.76473140717}, "silence_rate_20dB": {"dmean2": 0, "median": 1, "min": 1, "dvar2": 0, "dvar": 0, "dmean": 0, "max": 1, "var": 0, "mean": 1}, "melbands_flatness_db": {"dmean2": 0.0358946323395, "median": 0.154811114073, "min": 0.00368474097922, "dvar2": 0.00125196087174, "dvar": 0.000526814314071, "dmean": 0.0227113179862, "max": 0.399841010571, "var": 0.00329355010763, "mean": 0.166879117489}, "barkbands": {"dmean2": [0.000132745946757, 0.00429006433114, 0.0040353294462, 0.00293338508345, 0.0033134019468, 0.0011011918541, 0.000471164763439, 0.000325189641444, 0.00154018413741, 0.000793511106167, 0.000946314656176, 0.000696025439538, 0.000545003917068, 0.000840294989757, 0.000592617900111, 0.000718743307516, 0.000573356112, 0.000395522249164, 0.000250336452154, 0.000126298778923, 0.000158844035468, 9.62025806075e-05, 6.72841342748e-05, 5.32724661753e-05, 7.12722321623e-05, 5.23228300153e-05, 1.21327930174e-05], "median": [4.21174590883e-05, 0.00294706039131, 0.00143679918256, 0.00103410333395, 0.00134431745391, 0.000796994485427, 0.00030026526656, 0.000107474246761, 0.000875798577908, 0.000258444517385, 0.00018055831606, 0.00029602702125, 0.000288149924017, 0.00036659653415, 0.000356733740773, 0.000441831944045, 0.000478099798784, 0.000397908850573, 0.000280347885564, 0.000145298079588, 0.000189197569853, 0.000109407170385, 8.5157196736e-05, 5.62563509448e-05, 3.2754996937e-05, 1.11970111902e-05, 2.1229561753e-06], "min": [4.63072346114e-25, 2.18286332172e-24, 6.53360141076e-25, 1.63884403528e-24, 1.70374439109e-23, 8.38189718688e-24, 2.18995470795e-23, 1.06498991107e-23, 2.43012262168e-23, 1.17354679573e-23, 2.10290643141e-23, 2.67448932647e-23, 4.34947673989e-23, 4.06495133523e-23, 4.97597618686e-23, 8.13023904075e-23, 8.73155804763e-23, 1.14001684671e-22, 1.17402192665e-22, 1.75353984734e-22, 2.36595036476e-22, 3.44912530252e-22, 3.71095442163e-22, 5.69806373988e-22, 8.97623644713e-22, 1.25724708032e-21, 1.76750866808e-21], "dvar2": [7.1221634812e-08, 5.56223239983e-05, 5.24944516656e-05, 2.21295649681e-05, 5.16485706612e-05, 3.22692494592e-06, 7.35247510875e-07, 8.94715583399e-07, 1.01516352515e-05, 4.29573219662e-06, 6.804739769e-06, 2.87217335426e-06, 1.03123022654e-06, 2.80493918581e-06, 1.26677525714e-06, 1.48492017615e-06, 8.71607312547e-07, 3.27710694137e-07, 1.45219928527e-07, 4.04261726317e-08, 7.11317653668e-08, 7.14346981567e-08, 2.94734618933e-08, 2.53942005202e-08, 6.23509279762e-08, 2.39540582925e-07, 1.94817872945e-09], "dvar": [2.76673759458e-08, 2.2264839572e-05, 1.77727852133e-05, 8.25974984764e-06, 1.94604144781e-05, 1.28988051529e-06, 2.93558230169e-07, 3.64313621048e-07, 4.06424305766e-06, 1.57148372182e-06, 2.60757224169e-06, 1.09703125872e-06, 4.44991940185e-07, 1.15026887215e-06, 5.04814522628e-07, 5.74110629259e-07, 3.25110448784e-07, 1.25630791104e-07, 5.6819146721e-08, 1.79804171552e-08, 3.02027842736e-08, 2.72930176237e-08, 1.16726939225e-08, 1.09198019516e-08, 3.49294673185e-08, 1.08563689594e-07, 1.02509933875e-09], "dmean": [8.10639030533e-05, 0.00260083284229, 0.00228383322246, 0.00169390265364, 0.00194720935542, 0.000668863533065, 0.000292485608952, 0.000196898399736, 0.000986188300885, 0.000492861319799, 0.000586574198678, 0.00043079664465, 0.00033994219848, 0.00051635276759, 0.000372654030798, 0.000435783003923, 0.000348126690369, 0.000241096699028, 0.000154574110638, 7.89368350524e-05, 9.96129965642e-05, 6.03945409239e-05, 4.35260335507e-05, 3.50204245478e-05, 5.05575117131e-05, 3.66033236787e-05, 8.52424182085e-06], "max": [0.00327039370313, 0.0475520603359, 0.0386539027095, 0.038183234632, 0.0418360941112, 0.0313201397657, 0.0149396620691, 0.0178333111107, 0.0322956219316, 0.03183414042, 0.0265919771045, 0.0223698522896, 0.0138749275357, 0.0229859948158, 0.0121653489769, 0.0191824194044, 0.0160306002945, 0.00858186278492, 0.00567357800901, 0.00443142745644, 0.00451432680711, 0.00603771582246, 0.00348699698225, 0.00370627827942, 0.00705007463694, 0.0181447379291, 0.00140655180439], "var": [3.89027441372e-08, 2.85240712401e-05, 1.61046082212e-05, 8.38649611978e-06, 1.81420928129e-05, 2.66077040578e-06, 5.88457282902e-07, 5.65698201171e-07, 1.15944576464e-05, 4.03770991397e-06, 6.05264631304e-06, 2.31616127166e-06, 1.54061694957e-06, 3.47742047779e-06, 1.38010113915e-06, 1.38646589676e-06, 8.29991677165e-07, 4.47603554221e-07, 2.10906691223e-07, 6.30886418662e-08, 1.23122291029e-07, 4.59997231417e-08, 2.42237625514e-08, 2.31635368664e-08, 1.06972088076e-07, 1.82499221069e-07, 2.29840546595e-09], "mean": [0.000121219774883, 0.00435540964827, 0.00278631760739, 0.0019895627629, 0.00251104077324, 0.00126486900263, 0.000521581096109, 0.000288968789391, 0.00214834744111, 0.00095358811086, 0.00096236797981, 0.00075938901864, 0.000716430076864, 0.00105101242661, 0.000753396481741, 0.000832949008327, 0.000756085093599, 0.000594825833105, 0.000409916596254, 0.000205024975003, 0.000285753631033, 0.000150712716277, 0.000120209777378, 9.375015361e-05, 0.000107213410956, 6.13753072685e-05, 1.33054099933e-05]}, "erbbands_skewness": {"dmean2": 0.41655421257, "median": -0.0472503229976, "min": -3.85305953026, "dvar2": 0.144645899534, "dvar": 0.0640541091561, "dmean": 0.267284661531, "max": 2.865698