{"tonal": {"thpcp": [1, 0.830742180347, 0.413678050041, 0.239268451929, 0.18503279984, 0.290599137545, 0.452567875385, 0.433679252863, 0.420936346054, 0.532932162285, 0.591962516308, 0.770053982735, 0.786174237728, 0.526942014694, 0.499162524939, 0.642505764961, 0.530269622803, 0.288018465042, 0.216287493706, 0.220025122166, 0.398283481598, 0.636693835258, 0.534744381905, 0.332944273949, 0.314405143261, 0.261488676071, 0.199144497514, 0.225361123681, 0.265466362238, 0.395233750343, 0.519763410091, 0.372044026852, 0.178869843483, 0.140174224973, 0.186692744493, 0.554739832878], "hpcp": {"dmean2": [0.443473398685, 0.44056943059, 0.34488633275, 0.28342884779, 0.246491506696, 0.191045626998, 0.176174357533, 0.179417520761, 0.227787658572, 0.288431376219, 0.263580352068, 0.209306865931, 0.177970260382, 0.152810364962, 0.129315242171, 0.146016806364, 0.175490170717, 0.235899209976, 0.26408624649, 0.209240078926, 0.130726695061, 0.112725421786, 0.143978610635, 0.278647720814, 0.396956861019, 0.363759040833, 0.273941844702, 0.198964357376, 0.158588260412, 0.187416434288, 0.238820552826, 0.25979706645, 0.286285042763, 0.344514936209, 0.378534376621, 0.403018176556], "median": [0.0513967722654, 0.0405916087329, 0.041727617383, 0.045655105263, 0.0395331606269, 0.0292945951223, 0.0186990201473, 0.020416226238, 0.0536870993674, 0.0848837420344, 0.066407084465, 0.0365516319871, 0.0264366101474, 0.0216239579022, 0.0213022902608, 0.0212145671248, 0.0275167003274, 0.0500853955746, 0.0665413364768, 0.0378378368914, 0.0140865044668, 0.0101593332365, 0.0186686646193, 0.0771180316806, 0.140066310763, 0.123317405581, 0.0446485579014, 0.0160724930465, 0.0128232035786, 0.0244642291218, 0.037728022784, 0.0362045094371, 0.041047282517, 0.0454103574157, 0.0623243674636, 0.0569131858647], "min": [7.08475226929e-06, 2.59062289842e-06, 1.37339475259e-05, 1.87811256183e-05, 2.31225840253e-06, 8.52712730648e-07, 5.41707140655e-06, 2.45832848123e-06, 1.85887547559e-05, 3.74791488866e-05, 3.75962590624e-05, 3.0818664527e-05, 9.99177882477e-06, 3.0306057397e-06, 4.65679977424e-06, 1.17886440876e-06, 0, 1.13919149953e-05, 1.55306042871e-05, 1.06167726699e-05, 2.50655966738e-06, 3.88882277491e-08, 1.13518844955e-05, 1.28871442939e-05, 1.4991432181e-05, 1.63216543569e-06, 2.72822762781e-06, 6.98677422406e-06, 3.66422364095e-06, 1.16800938486e-05, 1.44120685945e-05, 1.37827437356e-05, 3.41234840562e-06, 4.9791924539e-06, 4.81470897284e-06, 1.08058184196e-05], "dvar2": [0.216735690832, 0.2677488029, 0.204269587994, 0.151711776853, 0.130581885576, 0.105676323175, 0.112190321088, 0.105803892016, 0.110038802028, 0.130783706903, 0.120437055826, 0.106411240995, 0.0923885479569, 0.0808021053672, 0.0608760006726, 0.0764982178807, 0.0818161070347, 0.0995611995459, 0.107985362411, 0.0964669659734, 0.0612850449979, 0.049096968025, 0.0604301989079, 0.106169581413, 0.167372450233, 0.143360763788, 0.128509402275, 0.102976076305, 0.0879774093628, 0.0950904712081, 0.120607331395, 0.141167908907, 0.165954068303, 0.197249472141, 0.195735633373, 0.198512628675], "dvar": [0.104667849839, 0.0930685028434, 0.0722060278058, 0.0576372519135, 0.0470992177725, 0.0361106656492, 0.0385007448494, 0.0369039177895, 0.0406940765679, 0.0531018748879, 0.0466069802642, 0.0384892188013, 0.0354312807322, 0.0301039144397, 0.0214010942727, 0.0281317625195, 0.0310447514057, 0.0385493561625, 0.0450201258063, 0.036910135299, 0.0218217503279, 0.0170139204711, 0.0207407735288, 0.0401986017823, 0.0788344293833, 0.060759358108, 0.0468678288162, 0.036651879549, 0.0301593728364, 0.0341045483947, 0.049587558955, 0.0533179454505, 0.0594257339835, 0.0731721892953, 0.0727684125304, 0.0908310860395], "dmean": [0.249081864953, 0.234430983663, 0.187180131674, 0.159564644098, 0.138780862093, 0.104411385953, 0.0937100723386, 0.0954829007387, 0.128469437361, 0.167906433344, 0.152295470238, 0.116918347776, 0.10076136142, 0.0865896642208, 0.0713139772415, 0.0810044035316, 0.0975239351392, 0.133255377412, 0.151945486665, 0.119689807296, 0.0717871785164, 0.0609608702362, 0.0780481919646, 0.163060516119, 0.235922083259, 0.217440009117, 0.152548164129, 0.106684505939, 0.0843735411763, 0.103945478797, 0.136931031942, 0.147186145186, 0.157737001777, 0.192041575909, 0.212250381708, 0.23579646647], "max": [1, 1, 1, 1, 1, 1, 1, 1, 1, 1, 1, 1, 1, 1, 1, 1, 1, 1, 1, 1, 1, 1, 1, 1, 1, 1, 1, 1, 1, 1, 1, 1, 1, 1, 1, 1], "var": [0.12237996608, 0.0712016299367, 0.063471712172, 0.0949127152562, 0.0699417218566, 0.0265951789916, 0.0233956575394, 0.0228024199605, 0.0363185405731, 0.0739914700389, 0.0558842755854, 0.0319236814976, 0.0382971912622, 0.0301449894905, 0.0156609658152, 0.0219864118844, 0.025347692892, 0.0368568971753, 0.0585740879178, 0.040389418602, 0.0163214169443, 0.0111075816676, 0.013928427361, 0.0479792430997, 0.125434681773, 0.0897077322006, 0.0402445159853, 0.02509711124, 0.0190494917333, 0.0291356965899, 0.060785766691, 0.0534764565527, 0.0492488220334, 0.070460960269, 0.0716934502125, 0.113422043622], "mean": [0.248709246516, 0.166700139642, 0.157911986113, 0.203259170055, 0.167752847075, 0.0911157503724, 0.0684233829379, 0.0696057975292, 0.12599851191, 0.201420545578, 0.169168442488, 0.105328202248, 0.0994632840157, 0.0827229470015, 0.0630001276731, 0.0712938606739, 0.0839813053608, 0.125033721328, 0.164429157972, 0.117697559297, 0.0565861649811, 0.0443446561694, 0.0590609684587, 0.175494089723, 0.316353857517, 0.26280850172, 0.130868643522, 0.0756934955716, 0.0585358403623, 0.0919321551919, 0.143171593547, 0.137196108699, 0.133164837956, 0.168595150113, 0.187269628048, 0.243609547615]}, "tuning_equal_tempered_deviation": 0.073627717793, "chords_changes_rate": 0.0673829391599, "key_key": "A#", "tuning_diatonic_strength": 0.605066239834, "key_scale": "major", "chords_number_rate": 0.00119379232638, "tuning_frequency": 436.708374023, "tuning_nontempered_energy_ratio": 0.771844506264, "chords_histogram": [3.64769864082, 3.01100945473, 28.027589798, 0, 0, 0, 0.0795861557126, 0, 0, 0, 0, 0, 0, 0, 0, 0, 0, 13.3174161911, 1.51213693619, 19.8169517517, 11.7787504196, 5.79652452469, 12.2960605621, 0.716275393963], "key_strength": 0.639383077621, "chords_key": "F", "chords_strength": {"dmean2": 0.0134756499901, "median": 0.560628890991, "min": 0.281401365995, "dvar2": 0.000139545256388, "dvar": 9.34060080908e-05, "dmean": 0.0123514058068, "max": 0.852035522461, "var": 0.0134975584224, "mean": 0.563465535641}, "chords_scale": "major", "hpcp_entropy": {"dmean2": 1.42969453335, "median": 2.31310725212, "min": 0.0414309129119, "dvar2": 1.21816396713, "dvar": 0.410572767258, "dmean": 0.828572332859, "max": 4.60546445847, "var": 0.670578896999, "mean": 2.29060029984}}, "metadata": {"audio_properties": {"equal_loudness": 0, "codec": "flac", "downmix": "mix", "sample_rate": 44100, "analysis_sample_rate": 44100, "bit_rate": 0, "md5_encoded": "0942382fb952faa59cca47d28dcb2a72", "length": 350.040802002, "replay_gain": -12.7254276276, "lossless": true}, "version": {"essentia_build_sha": "ca57ba49d9b1854bd80e60cf9ccf267278fb7d6b", "essentia": "2.1-beta1", "extractor": "music 1.0", "essentia_git_sha": "v2.1_beta1-28-g21ef5f4-dirty"}, "tags": {"title": ["Caf\u00e9 del Mar (Three 'n One remix)"], "barcode": ["0602527212876"], "media": ["CD"], "albumartist": ["Various Artists"], "tracktotal": ["18"], "albumartistsort": ["Various Artists"], "releasetype": ["album", "compilation"], "discid": ["0c129912"], "mood": ["Funky; Chill; Groovy; Eclectic"], "musicbrainz_recordingid": ["142cf2ad-0a75-40f2-854e-a72af4bb1454"], "musicbrainz_discid": ["b_zd1DBkL_htfOixhhmJDyRLVwg-"], "originalyear": ["2009"], "musicbrainz_releasegroupid": ["fa55b9ef-eb61-3fde-9bcb-42a8622b2a2e"], "discnumber": ["2"], "catalognumber": ["MOSA106"], "releasecountry": ["AU"], "file_name": "Disc 2 - 14_-_Caf\u00e9_del_Mar__Three__n_One_remix_.flac", "compilation": ["1"], "musicbrainz_albumartistid": ["89ad4ac3-39f7-470e-963a-56509c546377"], "artists": ["Energy 52"], "date": ["2009"], "genre": ["Trance; House"], "musicbrainz_albumid": ["0b20bbcb-9c28-4d06-8b8b-1b15c56b638d"], "disctotal": ["3"], "musicbrainz_artistid": ["067f26c1-d678-410e-8217-e554a3418143"], "originaldate": ["2008-11-17"], "grouping": ["Trance"], "musicbrainz_releasetrackid": ["7649cc70-0663-34bf-9072-2732fd16a818"], "artist": ["Energy 52"], "tracknumber": ["14"], "artistsort": ["Energy 52"], "album": ["Ministry of Sound: Anthems II: 1991-2009"], "label": ["Ministry of Sound (Australia)"], "releasestatus": ["official"], "totaldiscs": ["3"], "script": ["Latn"], "totaltracks": ["18"]}}, "rhythm": {"bpm_histogram_first_peak_bpm": {"dmean2": 0, "median": 133, "min": 133, "dvar2": 0, "dvar": 0, "dmean": 0, "max": 133, "var": 0, "mean": 133}, "bpm": 131.217056274, "bpm_histogram_second_peak_spread": {"dmean2": 0, "median": 0.017647087574, "min": 0.017647087574, "dvar2": 0, "dvar": 0, "dmean": 0, "max": 0.017647087574, "var": 0, "mean": 0.017647087574}, "bpm_histogram_first_peak_weight": {"dmean2": 0, "median": 0.353420197964, "min": 0.353420197964, "dvar2": 0, "dvar": 0, "dmean": 0, "max": 0.353420197964, "var": 0, "mean": 0.353420197964}, "onset_rate": 5.89054632187, "beats_position": [0.46439909935, 0.9287981987, 1.39319729805, 1.8575963974, 2.31038546562, 2.76317453384, 3.22757363319, 3.68036270142, 4.13315200806, 4.59755086899, 5.05034017563, 5.50312900543, 5.9675283432, 6.420317173, 6.88471651077, 7.33750534058, 7.80190467834, 8.25469398499, 8.70748329163, 9.17188167572, 9.62467098236, 10.077460289, 10.5418596268, 10.9946479797, 11.4474372864, 11.9118366241, 12.3762359619, 12.8290243149, 13.2818136215, 13.7462129593, 14.1990022659, 14.6517915726, 15.1161899567, 15.5689792633, 16.0217685699, 16.4861679077, 16.9505672455, 17.4033565521, 17.8561439514, 18.3089332581, 18.7733325958, 19.2261219025, 19.6905212402, 20.1433105469, 20.5960998535, 21.0604991913, 21.5132884979, 21.9660758972, 22.430475235, 22.8832645416, 23.3360538483, 23.800453186, 24.2648525238, 24.7176418304, 25.1704311371, 25.6348285675, 26.0876178741, 26.5404071808, 27.0048065186, 27.4575958252, 27.9103851318, 28.3747844696, 28.8275737762, 29.2803630829, 29.7447605133, 30.1975498199, 30.6503391266, 31.1147384644, 31.5791378021, 32.0319252014, 32.4847145081, 32.9491157532, 33.4019050598, 33.8546943665, 34.3190917969, 34.7718811035, 35.2246704102, 35.6890678406, 36.1418571472, 36.5946464539, 37.059047699, 37.5234451294, 37.976234436, 38.4290237427, 38.8934249878, 39.3462142944, 39.7989997864, 40.2634010315, 40.7161903381, 41.1689796448, 41.6333770752, 42.0861663818, 42.5389556885, 43.0033569336, 43.4561424255, 43.9089317322, 44.3733329773, 44.8261222839, 45.2905197144, 45.743309021, 46.2077102661, 46.6604995728, 47.1132888794, 47.5660743713, 48.0304756165, 48.4832649231, 48.9476623535, 49.4004516602, 49.8532409668, 50.3176422119, 50.7820396423, 51.234828949, 51.6876182556, 52.152015686, 52.6048049927, 53.0575942993, 53.5219955444, 53.9747848511, 54.4275741577, 54.8919715881, 55.3563690186, 55.8323783875, 56.3083877563, 56.8076171875, 57.3068466187, 57.8176841736, 58.305305481, 58.7697029114, 59.2341041565, 59.6868934631, 60.1396827698, 60.6040802002, 61.0568695068, 61.5096588135, 61.9740562439, 62.438457489, 62.8912467957, 63.3440361023, 63.8084335327, 64.2612228394, 64.714012146, 65.1784133911, 65.6312026978, 66.0839920044, 66.5483856201, 67.0011749268, 67.4539642334, 67.9183654785, 68.3711547852, 68.8239440918, 69.2883453369, 69.7527389526, 70.2055282593, 70.6583175659, 71.122718811, 71.5755081177, 72.0282974243, 72.4926986694, 72.9454879761, 73.3982772827, 73.8626708984, 74.3154602051, 74.7682495117, 75.2326507568, 75.6854400635, 76.1382293701, 76.6026306152, 77.0554199219, 77.5082092285, 77.9726028442, 78.4253921509, 78.8781814575, 79.3425827026, 79.8069839478, 80.2597732544, 80.712562561, 81.1769561768, 81.6297454834, 82.08253479, 82.5469360352, 82.9997253418, 83.4525146484, 83.9169158936, 84.3813171387, 84.8573226929, 85.3449401855, 85.8441696167, 86.3201828003, 86.7961883545, 87.3070297241, 87.7946472168, 88.2590484619, 88.7118377686, 89.1646270752, 89.6290206909, 90.0818099976, 90.5345993042, 90.9990005493, 91.451789856, 91.9045791626, 92.3689804077, 92.8333740234, 93.2861633301, 93.7389526367, 94.2033538818, 94.6561431885, 95.1089324951, 95.5733337402, 96.0261230469, 96.4789123535, 96.9433059692, 97.3960952759, 97.8488845825, 98.3132858276, 98.7660751343, 99.2188644409, 99.683265686, 100.147659302, 100.600448608, 101.053237915, 101.506027222, 101.958816528, 102.423217773, 102.887619019, 103.340408325, 103.793197632, 104.257591248, 104.721992493, 105.174781799, 105.627571106, 106.080360413, 106.533149719, 106.997550964, 107.46194458, 107.914733887, 108.367523193, 108.831924438, 109.284713745, 109.737503052, 110.201904297, 110.654693604, 111.10748291, 111.571876526, 112.024665833, 112.477455139, 112.941856384, 113.394645691, 113.847434998, 114.311836243, 114.776237488, 115.229019165, 115.681808472, 116.146209717, 116.598999023, 117.05178833, 117.516189575, 117.968978882, 118.421768188, 118.886169434, 119.338951111, 119.791740417, 120.256141663, 120.708930969, 121.161720276, 121.626121521, 122.090522766, 122.543312073, 122.99609375, 123.448883057, 123.901672363, 124.366073608, 124.830474854, 125.28326416, 125.736053467, 126.200454712, 126.653244019, 127.106025696, 127.570426941, 128.023223877, 128.476013184, 128.94039917, 129.404800415, 129.857589722, 130.310379028, 130.763168335, 131.22756958, 131.680358887, 132.144760132, 132.597549438, 133.050338745, 133.51473999, 133.967529297, 134.420318604, 134.884719849, 135.337509155, 135.790298462, 136.254684448, 136.719085693, 137.171875, 137.624664307, 138.077453613, 138.53024292, 138.994644165, 139.45904541, 139.911834717, 140.364624023, 140.829025269, 141.281814575, 141.734603882, 142.199005127, 142.651794434, 143.10458374, 143.568969727, 144.033370972, 144.486160278, 144.938949585, 145.391738892, 145.844528198, 146.308929443, 146.773330688, 147.226119995, 147.678909302, 148.143310547, 148.607711792, 149.060501099, 149.513290405, 149.97769165, 150.418869019, 150.883255005, 151.34765625, 151.800445557, 152.253234863, 152.70602417, 153.158813477, 153.623214722, 154.087615967, 154.540405273, 154.99319458, 155.457595825, 155.910385132, 156.363174438, 156.827575684, 157.291976929, 157.744766235, 158.197555542, 158.661941528, 159.114730835, 159.567520142, 160.031921387, 160.496322632, 160.9375, 161.390289307, 161.843078613, 162.307479858, 162.760269165, 163.213058472, 163.677459717, 164.141860962, 164.594650269, 165.047439575, 165.51184082, 165.964630127, 166.417419434, 166.88180542, 167.334594727, 167.787384033, 168.251785278, 168.704574585, 169.157363892, 169.621765137, 170.074554443, 170.52734375, 170.991744995, 171.45614624, 171.908935547, 172.373336792, 172.837722778, 173.313735962, 173.952285767, 174.579223633, 175.229385376, 175.995635986, 176.924438477, 177.841629028, 178.75881958, 179.676010132, 180.581588745, 181.498779297, 182.41595459, 183.333145142, 184.250335693, 185.155914307, 186.073104858, 186.99029541, 187.895874023, 188.813064575, 189.730239868, 190.64743042, 191.564620972, 192.470199585, 193.387390137, 194.304580688, 195.22177124, 196.138946533, 197.044525146, 197.95010376, 198.867294312, 199.784484863, 200.701675415, 201.618865967, 202.52444458, 203.441635132, 204.358810425, 205.264389038, 206.18157959, 207.098770142, 208.015960693, 208.933151245, 209.838729858, 210.75592041, 211.673095703, 212.578674316, 213.495864868, 214.41305542, 215.330245972, 216.247436523, 217.153015137, 218.05859375, 218.964172363, 219.869750977, 220.77532959, 221.680908203, 222.586486816, 223.49206543, 224.409240723, 225.326431274, 226.232009888, 227.137588501, 228.043167114, 228.948745728, 229.854324341, 230.759902954, 231.665481567, 232.571060181, 233.372146606, 234.173233032, 234.846618652, 235.519989014, 236.193374634, 236.878356934, 237.563354492, 238.236724854, 238.921722412, 239.606704712, 240.280090332, 240.965072632, 241.65007019, 242.323440552, 243.00843811, 243.69342041, 244.366790771, 245.05178833, 245.73677063, 246.41015625, 247.083526611, 247.76852417, 248.441894531, 249.12689209, 249.81187439, 250.496871948, 251.17024231, 251.855239868, 252.540222168, 253.213607788, 253.886978149, 254.571975708, 255.256958008, 255.941940308, 256.626922607, 257.300323486, 257.996917725, 258.670288086, 259.355285645, 260.040252686, 260.713653564, 261.387023926, 262.072021484, 262.756988525, 263.430389404, 264.103759766, 264.788757324, 265.473724365, 266.147125244, 266.832092285, 267.517089844, 268.190460205, 268.875457764, 269.560455322, 270.233825684, 270.907196045, 271.592193604, 272.277191162, 272.950561523, 273.635559082, 274.320526123, 274.993927002, 275.678894043, 276.363891602, 277.037261963, 277.710662842, 278.395629883, 279.080627441, 279.753997803, 280.438995361, 281.12399292, 281.808959961, 282.49395752, 283.167327881, 283.84072876, 284.525695801, 285.210693359, 285.884063721, 286.5574646, 287.242431641, 287.927429199, 288.600799561, 289.285797119, 289.970794678, 290.644165039, 291.329162598, 292.014129639, 292.687530518, 293.372497559, 294.057495117, 294.730865479, 295.415863037, 296.100860596, 296.774230957, 297.459228516, 298.144226074, 298.817596436, 299.490966797, 300.175964355, 300.860961914, 301.534332275, 302.219299316, 302.904296875, 303.577667236, 304.251068115, 304.936035156, 305.621032715, 306.306030273, 306.991027832, 307.664398193, 308.337768555, 309.022766113, 309.707763672, 310.381134033, 311.066131592, 311.751098633, 312.424468994, 313.109466553, 313.794464111, 314.467834473, 315.152832031, 315.83782959, 316.511199951, 317.19619751, 317.881164551, 318.55456543, 319.227935791, 319.91293335, 320.597900391, 321.27130127, 321.956268311, 322.641265869, 323.31463623, 323.999633789, 324.684631348, 325.358001709, 326.03137207, 326.716369629, 327.401367188, 328.074737549, 328.759735107, 329.444702148, 330.118103027, 330.803070068, 331.488067627, 332.161437988, 332.846435547, 333.531433105, 334.204803467, 334.878173828, 335.574768066, 336.248168945, 336.921539307, 337.594909668, 338.279907227, 338.964904785, 339.649871826, 340.334869385, 341.008239746, 341.681640625, 342.366607666, 343.051605225, 343.724975586, 344.409973145, 345.094970703, 345.768341064, 346.453338623, 347.138305664, 347.811706543, 348.496673584, 349.181671143], "beats_loudness": {"dmean2": 0.0474135987461, "median": 0.062520980835, "min": 0.000855081016198, "dvar2": 0.00119698781054, "dvar": 0.00035091114114, "dmean": 0.0248733367771, "max": 0.148363620043, "var": 0.00121675280388, "mean": 0.0572213828564}, "danceability": 1.75061070919, "bpm_histogram_second_peak_weight": {"dmean2": 0, "median": 0.271986961365, "min": 0.271986961365, "dvar2": 0, "dvar": 0, "dmean": 0, "max": 0.271986961365, "var": 0, "mean": 0.271986961365}, "beats_count": 615, "bpm_histogram_second_peak_bpm": {"dmean2": 0, "median": 88, "min": 88, "dvar2": 0, "dvar": 0, "dmean": 0, "max": 88, "var": 0, "mean": 88}, "bpm_histogram_first_peak_spread": {"dmean2": 0, "median": 0.402203857899, "min": 0.402203857899, "dvar2": 0, "dvar": 0, "dmean": 0, "max": 0.402203857899, "var": 0, "mean": 0.402203857899}, "beats_loudness_band_ratio": {"dmean2": [0.509690523148, 0.150975957513, 0.185266166925, 0.144691050053, 0.0761114284396, 0.113022200763], "median": [0.642727315426, 0.0860160216689, 0.0735368654132, 0.0674539059401, 0.0388575568795, 0.0220865346491], "min": [0.0090837161988, 0.00401558913291, 0.000872677308507, 0.00015687274572, 4.00935568905e-05, 1.5630002963e-05], "dvar2": [0.072942353785, 0.0251158904284, 0.0163396857679, 0.0159166492522, 0.00266197579913, 0.0224850941449], "dvar": [0.0225760936737, 0.00772157078609, 0.00514478515834, 0.00487482175231, 0.000818948959932, 0.00651405286044], "dmean": [0.259414851665, 0.0832657292485, 0.098220102489, 0.0762751922011, 0.0400330126286, 0.05852657184], "max": [0.993459701538, 0.914246320724, 0.532162189484, 0.695964813232, 0.230241626501, 0.564036726952], "var": [0.10047763586, 0.0334870032966, 0.00996284279972, 0.00915442872792, 0.00144482217729, 0.0127317225561], "mean": [0.575449168682, 0.156551390886, 0.100067600608, 0.0856402218342, 0.0402426160872, 0.0704730674624]}}, "lowlevel": {"barkbands_spread": {"dmean2": 12.2872018814, "median": 18.9445362091, "min": 0.077848739922, "dvar2": 208.623077393, "dvar": 103.270996094, "dmean": 8.00010299683, "max": 112.62399292, "var": 464.497192383, "mean": 25.8096618652}, "melbands_spread": {"dmean2": 13.9929561615, "median": 18.3152122498, "min": 0.23746137321, "dvar2": 318.316833496, "dvar": 147.120147705, "dmean": 8.90439033508, "max": 187.343460083, "var": 466.325927734, "mean": 23.4103622437}, "hfc": {"dmean2": 19.2961425781, "median": 10.386505127, "min": 0.00943822227418, "dvar2": 747.725830078, "dvar": 336.360137939, "dmean": 13.3963184357, "max": 206.355377197, "var": 666.370666504, "mean": 20.7977352142}, "barkbands_kurtosis": {"dmean2": 13.3530035019, "median": 1.84145736694, "min": -1.90916824341, "dvar2": 1293.65734863, "dvar": 639.895507812, "dmean": 8.89469528198, "max": 725.841552734, "var": 1715.26123047, "mean": 14.0453701019}, "gfcc": {"mean": [-28.5606651306, 77.8347396851, -95.0665893555, 23.0155696869, -50.0634765625, 16.5224170685, -32.1297454834, -0.604446649551, -24.1247463226, 1.62473118305, -10.8839025497, -0.848832607269, -7.85838365555], "icov": [[0.000214480736759, 0.000386035972042, 1.62151798122e-06, 0.000138650328154, -0.000211926002521, -0.00027020854759, 0.000479262846056, -4.42092095909e-05, -0.000306908390485, 0.000354992225766, 0.000287222472252, 0.000690341868903, -0.000903769570868], [0.000386035972042, 0.00199274648912, -0.000276638602372, 0.001268458087, -0.00138446572237, 0.000632947660051, -0.000488713965751, 0.00140118435957, -0.00221352768131, 0.0017438250361, -0.00079984421609, 0.00354517879896, -0.00281741726212], [1.62151798122e-06, -0.000276638602372, 0.00178910174873, -0.000952260917984, 0.000129475578433, -0.000301039457554, -6.49517387501e-05, -0.00119417509995, 0.000930964073632, -0.00150407990441, 0.000483041920234, -0.000601103936788, 0.00118046742864], [0.000138650328154, 0.001268458087, -0.000952260917984, 0.00496659940109, -0.00181863433681, -0.000555756967515, 0.000668939610478, -0.000856561877299, -0.000454701628769, -0.000327444489812, -0.000928067485802, 0.00326220085844, -0.00137827568687], [-0.000211926002521, -0.00138446572237, 0.000129475578433, -0.00181863433681, 0.00604526000097, -0.00218543293886, -0.00231950776652, 0.00243734568357, -0.00185257778503, -0.00104899751022, 0.00149247457739, -0.00209222268313, 0.00180691119749], [-0.00027020854759, 0.000632947660051, -0.000301039457554, -0.000555756967515, -0.00218543293886, 0.0087251868099, -0.0024605661165, -0.00302748591639, 0.00113891426008, -0.00106255640276, -0.00138521811459, 0.00245065754279, -0.00181061041076], [0.000479262846056, -0.000488713965751, -6.49517387501e-05, 0.000668939610478, -0.00231950776652, -0.0024605661165, 0.015087143518, -0.00581962103024, -0.000749157741666, 0.000618329388089, -0.00105239229742, -0.000568720046431, -0.000419852265622], [-4.42092095909e-05, 0.00140118435957, -0.00119417509995, -0.000856561877299, 0.00243734568357, -0.00302748591639, -0.00581962103024, 0.0188696850091, -0.00850354507565, -0.00219521229155, 0.00271015032195, -0.00150134658907, -7.86197924754e-05], [-0.000306908390485, -0.00221352768131, 0.000930964073632, -0.000454701628769, -0.00185257778503, 0.00113891426008, -0.000749157741666, -0.00850354507565, 0.0236937087029, -0.0086015900597, -0.00673179607838, 0.00491331191733, -0.00492539769039], [0.000354992225766, 0.0017438250361, -0.00150407990441, -0.000327444489812, -0.00104899751022, -0.00106255640276, 0.000618329388089, -0.00219521229155, -0.0086015900597, 0.0218666624278, -0.00480144005269, -0.00183835811913, -0.000337792065693], [0.000287222472252, -0.00079984421609, 0.000483041920234, -0.000928067485802, 0.00149247457739, -0.00138521811459, -0.00105239229742, 0.00271015032195, -0.00673179607838, -0.00480144005269, 0.0218318812549, -0.0127722620964, 0.00244097877294], [0.000690341868903, 0.00354517879896, -0.000601103936788, 0.00326220085844, -0.00209222268313, 0.00245065754279, -0.000568720046431, -0.00150134658907, 0.00491331191733, -0.00183835811913, -0.0127722620964, 0.0326235741377, -0.0162606593221], [-0.000903769570868, -0.00281741726212, 0.00118046742864, -0.00137827568687, 0.00180691119749, -0.00181061041076, -0.000419852265622, -7.86197924754e-05, -0.00492539769039, -0.000337792065693, 0.00244097877294, -0.0162606593221, 0.0278885941952]], "cov": [[14508.0136719, -4385.78515625, 368.016784668, 859.518920898, -304.837768555, 772.915710449, -449.09286499, 404.031311035, -231.963607788, 34.999256134, -441.827178955, -76.7656707764, 71.6620101929], [-4385.78515625, 2851.73925781, -447.724578857, -579.183410645, 332.741577148, -356.458618164, 153.450531006, -295.960235596, 162.28515625, -152.645843506, 99.8589553833, -96.9903259277, 54.5901412964], [368.016784668, -447.724578857, 1017.15057373, 399.120178223, 109.754867554, 251.12852478, 108.459602356, 233.009780884, 86.6007614136, 189.374557495, 44.3244056702, 27.9056396484, -15.1719245911], [859.518920898, -579.183410645, 399.120178223, 506.123413086, 114.105506897, 228.288360596, 54.9644165039, 174.488540649, 65.6617660522, 130.833877563, 20.8498897552, 7.16873598099, 1.74523282051], [-304.837768555, 332.741577148, 109.754867554, 114.105506897, 357.831726074, 122.679702759, 115.157234192, 46.123046875, 109.83052063, 65.3018798828, 44.8981399536, -3.86742734909, 25.3774318695], [772.915710449, -356.458618164, 251.12852478, 228.288360596, 122.679702759, 307.524536133, 88.4411468506, 159.739334106, 76.9552764893, 110.166923523, 32.0647087097, 18.0297832489, 26.1190185547], [-449.09286499, 153.450531006, 108.459602356, 54.9644165039, 115.157234192, 88.4411468506, 154.904785156, 83.6471557617, 85.2419204712, 65.3196640015, 56.779876709, 21.2529182434, 23.1905059814], [404.031311035, -295.960235596, 233.009780884, 174.488540649, 46.123046875, 159.739334106, 83.6471557617, 194.25604248, 90.1378250122, 110.457977295, 41.4663352966, 32.5288848877, 23.7379112244], [-231.963607788, 162.28515625, 86.6007614136, 65.6617660522, 109.83052063, 76.9552764893, 85.2419204712, 90.1378250122, 150.910675049, 91.7147064209, 74.9638137817, 21.8236560822, 41.8009300232], [34.999256134, -152.645843506, 189.374557495, 130.833877563, 65.3018798828, 110.166923523, 65.3196640015, 110.457977295, 91.7147064209, 145.363952637, 69.5845413208, 42.4772109985, 25.0141544342], [-441.827178955, 99.8589553833, 44.3244056702, 20.8498897552, 44.8981399536, 32.0647087097, 56.779876709, 41.4663352966, 74.9638137817, 69.5845413208, 119.017837524, 55.2513771057, 30.9485740662], [-76.7656707764, -96.9903259277, 27.9056396484, 7.16873598099, -3.86742734909, 18.0297832489, 21.2529182434, 32.5288848877, 21.8236560822, 42.4772109985, 55.2513771057, 81.4255981445, 35.7284660339], [71.6620101929, 54.5901412964, -15.1719245911, 1.74523282051, 25.3774318695, 26.1190185547, 23.1905059814, 23.7379112244, 41.8009300232, 25.0141544342, 30.9485740662, 35.7284660339, 70.6985549927]]}, "spectral_energyband_middle_low": {"dmean2": 0.015783322975, "median": 0.00399097055197, "min": 1.56207124746e-06, "dvar2": 0.000981383956969, "dvar": 0.00039024790749, "dmean": 0.00965263694525, "max": 0.150938540697, "var": 0.000335359509336, "mean": 0.0100749665871}, "melbands_crest": {"dmean2": 6.43910598755, "median": 15.5365095139, "min": 2.78378009796, "dvar2": 29.4923877716, "dvar": 13.4190530777, "dmean": 4.02258872986, "max": 33.1913414001, "var": 56.0026817322, "mean": 16.8717021942}, "spectral_kurtosis": {"dmean2": 4.48747587204, "median": 3.06364297867, "min": -0.3698554039, "dvar2": 98.509727478, "dvar": 40.5296897888, "dmean": 2.80734324455, "max": 155.761688232, "var": 91.6004180908, "mean": 6.57134151459}, "spectral_rms": {"dmean2": 0.00163769139908, "median": 0.00417284760624, "min": 7.29999519535e-05, "dvar2": 4.37723838331e-06, "dvar": 2.05193282454e-06, "dmean": 0.00119575113058, "max": 0.0127555374056, "var": 6.41894393993e-06, "mean": 0.0043420959264}, "zerocrossingrate": {"dmean2": 0.0183477327228, "median": 0.05029296875, "min": 0.00244140625, "dvar2": 0.000432836764958, "dvar": 0.000364432227798, "dmean": 0.0155265014619, "max": 0.31103515625, "var": 0.00304784066975, "mean": 0.0696017444134}, "silence_rate_60dB": {"dmean2": 0.115430541337, "median": 0, "min": 0, "dvar2": 0.124117858708, "dvar": 0.0543920658529, "dmean": 0.0577114410698, "max": 1, "var": 0.130405008793, "mean": 0.154152289033}, "erbbands_kurtosis": {"dmean2": 2.08901405334, "median": -0.161362528801, "min": -1.74929404259, "dvar2": 23.7805099487, "dvar": 9.18680953979, "dmean": 1.30303812027, "max": 76.861366272, "var": 9.91163825989, "mean": 0.524046242237}, "erbbands": {"dmean2": [0.0978572368622, 1.11788630486, 4.70031833649, 13.6622362137, 30.1404380798, 29.7056045532, 18.2658729553, 22.2127056122, 11.5020723343, 10.7722206116, 19.7572917938, 29.0847797394, 21.8483276367, 28.8609771729, 33.716468811, 21.2463035583, 30.7197570801, 28.5197505951, 21.8962440491, 23.7101840973, 23.952829361, 6.41926860809, 12.5016927719, 13.0688362122, 12.9491643906, 10.9893360138, 9.06008148193, 11.0692682266, 7.42762517929, 6.81211853027, 7.55900144577, 6.10567188263, 4.4879488945, 3.04772782326, 1.63284087181, 0.718504488468, 0.306906551123, 0.0658648684621, 0.0124465040863, 0.000669488916174], "median": [0.0450402349234, 0.293907433748, 0.56407982111, 0.981176733971, 2.32742404938, 3.64383888245, 4.22781610489, 4.09192466736, 2.81340503693, 2.51972150803, 3.18048501015, 4.48197412491, 5.20490980148, 5.42251491547, 7.18620157242, 6.25906276703, 7.03747797012, 8.19065380096, 5.84767818451, 7.2413020134, 5.62975883484, 2.03384828568, 4.08634567261, 4.72762775421, 5.33439731598, 3.55362558365, 2.61447286606, 3.12544298172, 2.55157709122, 2.317248106, 2.00302743912, 1.46438074112, 1.50500011444, 0.739696979523, 0.292460143566, 0.11256532371, 0.0289370659739, 0.00609694467857, 0.000983527861536, 0.000103500817204], "min": [2.67976730584e-07, 3.0453375075e-06, 3.95704319089e-06, 1.82039639185e-05, 9.77818926913e-05, 0.000437601062004, 0.00212034443393, 0.00580738857388, 0.00138154556043, 0.000206968339626, 0.000494065054227, 0.00245541753247, 0.000890041468665, 0.000423851801315, 0.000535796338227, 0.000949024630245, 0.00627639470622, 0.00179064203985, 0.000207009332371, 8.85127155925e-05, 0.000150960258907, 0.000298928411212, 0.000548615993466, 0.000371860573068, 0.000234018327319, 0.000164330107509, 0.000113073925604, 7.86985910963e-05, 7.14798588888e-05, 6.81807723595e-05, 5.30440411239e-05, 6.20685677859e-05, 4.47972561233e-05, 4.72602951049e-05, 4.558436558e-05, 3.68950313714e-05, 2.38461507251e-05, 9.11887400434e-06, 1.50236508034e-06, 2.16221607729e-07], "dvar2": [0.0218581799418, 4.76759576797, 131.25100708, 1406.53625488, 6334.79150391, 4580.16015625, 1064.37243652, 2138.01806641, 393.694946289, 590.18182373, 2401.68188477, 4364.82714844, 1952.51953125, 3783.45141602, 3441.8425293, 1162.41418457, 3021.90356445, 2155.26464844, 1423.63977051, 1410.8885498, 1920.68530273, 123.945228577, 390.654174805, 465.904174805, 463.99029541, 335.058319092, 274.781738281, 310.342468262, 146.377365112, 123.644050598, 155.486755371, 94.5871887207, 49.8691673279, 32.6049919128, 11.8163022995, 2.91586184502, 0.544642448425, 0.0209200885147, 0.000855310936458, 2.26563975048e-06], "dvar": [0.0211309399456, 3.03567576408, 58.4728431702, 517.112976074, 2282.98681641, 1625.09423828, 413.682922363, 825.397338867, 152.626831055, 225.152023315, 935.103027344, 1703.65844727, 818.929626465, 1582.90197754, 1386.40124512, 489.135345459, 1206.21972656, 920.617248535, 618.024169922, 579.007568359, 724.849975586, 47.0805969238, 145.549301147, 176.407043457, 178.612472534, 133.814468384, 109.587677002, 128.748733521, 62.0583839417, 51.9141349792, 70.0484542847, 46.3345756531, 23.3269863129, 13.0116386414, 5.08659362793, 1.26166939735, 0.229074850678, 0.00923405401409, 0.000360465288395, 9.52264258558e-07], "dmean": [0.101338796318, 0.931861460209, 3.06447935104, 7.72645139694, 16.7720298767, 16.7856941223, 10.9795484543, 13.2240657806, 6.91556692123, 6.37795639038, 11.8442630768, 17.5419921875, 13.2937107086, 17.7381916046, 20.5622749329, 13.2330379486, 18.6057853699, 17.6652107239, 13.7892112732, 14.5285682678, 14.0923337936, 3.82719635963, 7.46462917328, 7.83335876465, 7.84816455841, 6.85428380966, 5.5652589798, 6.81916093826, 4.82943248749, 4.37485122681, 4.81977272034, 4.0725274086, 2.95459914207, 1.91725456715, 1.05393135548, 0.469886511564, 0.197335407138, 0.0418661907315, 0.00789652019739, 0.000430366606452], "max": [4.912068367, 18.8881320953, 56.083404541, 172.72869873, 409.79208374, 374.878112793, 239.0990448, 428.052093506, 232.654251099, 233.781188965, 361.373474121, 515.838562012, 503.25970459, 675.096801758, 654.54309082, 256.935394287, 536.274414062, 488.249420166, 376.080688477, 494.106445312, 355.905700684, 78.4102249146, 178.241470337, 135.758865356, 197.794006348, 141.871414185, 215.901824951, 171.74382019, 114.136146545, 121.232200623, 136.121307373, 98.6979217529, 65.3226623535, 69.0420837402, 32.1046028137, 16.8201828003, 5.14479637146, 1.01343238354, 0.208198964596, 0.00893928017467], "var": [0.143587082624, 8.74081802368, 61.0390777588, 340.677764893, 1438.42553711, 1098.32446289, 367.884887695, 722.918029785, 204.238388062, 201.4087677, 771.991271973, 1571.48901367, 1071.3762207, 1900.23266602, 1493.25830078, 693.392211914, 1316.75219727, 1175.4161377, 826.505065918, 780.289123535, 720.22479248, 47.230052948, 190.501495361, 212.116897583, 241.443649292, 191.333084106, 200.265731812, 215.427780151, 126.180046082, 122.962020874, 126.642829895, 85.7764434814, 44.0272331238, 24.1876354218, 8.87875080109, 2.07112956047, 0.264278382063, 0.0107238534838, 0.000371466448996, 9.9769465578e-07], "mean": [0.258975356817, 1.76529705524, 2.9780561924, 5.82293844223, 12.6381969452, 14.278550148, 11.0498247147, 13.3390922546, 8.35282897949, 7.10773611069, 11.4029312134, 17.8123760223, 16.5161533356, 20.2608242035, 22.6131534576, 16.9902095795, 21.3839359283, 21.3988857269, 17.3656997681, 18.3331565857, 16.1173458099, 4.52448511124, 10.0947818756, 10.3371934891, 11.0889844894, 9.5063533783, 7.77011680603, 9.21821403503, 7.2894320488, 6.90337896347, 6.6979432106, 5.59126901627, 4.29615688324, 2.59568285942, 1.34742987156, 0.600571334362, 0.210119992495, 0.0436284355819, 0.00763658480719, 0.000448606675491]}, "spectral_strongpeak": {"dmean2": 0.432071894407, "median": 0.331325232983, "min": 0.0023519822862, "dvar2": 0.476431280375, "dvar": 0.174017444253, "dmean": 0.260859519243, "max": 8.63784503937, "var": 0.186864078045, "mean": 0.446739733219}, "spectral_energy": {"dmean2": 0.0180298611522, "median": 0.0178479738533, "min": 5.46221781406e-06, "dvar2": 0.000778920541052, "dvar": 0.000356173753971, "dmean": 0.0128345405683, "max": 0.166771322489, "var": 0.000728520972189, "mean": 0.0259045232087}, "average_loudness": 0.89659678936, "spectral_rolloff": {"dmean2": 1271.31054688, "median": 1055.12695312, "min": 64.599609375, "dvar2": 3262556.75, "dvar": 1662312.375, "dmean": 802.814575195, "max": 11735.5957031, "var": 4823103, "mean": 1825.18640137}, "spectral_centroid": {"dmean2": 558.828308105, "median": 1198.69433594, "min": 88.5625305176, "dvar2": 367523.25, "dvar": 161931.21875, "dmean": 358.11340332, "max": 4392.27441406, "var": 636079.875, "mean": 1346.77172852}, "pitch_salience": {"dmean2": 0.142622128129, "median": 0.556955218315, "min": 0.0350601114333, "dvar2": 0.0176159255207, "dvar": 0.00841895863414, "dmean": 0.091600574553, "max": 0.948204040527, "var": 0.0353166386485, "mean": 0.502414226532}, "spectral_energyband_middle_high": {"dmean2": 0.00358211551793, "median": 0.0017237670254, "min": 1.11602719244e-06, "dvar2": 2.67623090622e-05, "dvar": 1.25915767057e-05, "dmean": 0.00235914299265, "max": 0.035712659359, "var": 2.22501730605e-05, "mean": 0.00359693076462}, "spectral_contrast_coeffs": {"dmean2": [0.10349585861, 0.0933580026031, 0.0721191316843, 0.0524627864361, 0.0380623936653, 0.0284079033881], "median": [-0.655719637871, -0.756262481213, -0.803996682167, -0.809579432011, -0.798348426819, -0.788086533546], "min": [-0.891228795052, -0.938559114933, -0.944773375988, -0.948898613453, -0.920894861221, -0.902155637741], "dvar2": [0.00857351254672, 0.00571570778266, 0.00363875878975, 0.00178050249815, 0.000990512431599, 0.000595667632297], "dvar": [0.00403884239495, 0.00240342598408, 0.00147125439253, 0.000684579659719, 0.000358526187483, 0.00022194867779], "dmean": [0.0680811777711, 0.0577253997326, 0.0445792190731, 0.0316571295261, 0.0226901657879, 0.0170371141285], "max": [-0.269302606583, -0.388786166906, -0.49029058218, -0.586688876152, -0.636929094791, -0.65742379427], "var": [0.0127253001556, 0.0048543815501, 0.00320683885366, 0.00182963674888, 0.00136211328208, 0.000737197056878], "mean": [-0.635728955269, -0.749364852905, -0.796964347363, -0.80497944355, -0.797047734261, -0.787087082863]}, "melbands_skewness": {"dmean2": 1.74525010586, "median": 2.70841646194, "min": -1.03435814381, "dvar2": 4.52238130569, "dvar": 2.40652871132, "dmean": 1.15946733952, "max": 24.5043258667, "var": 9.89164733887, "mean": 3.72037363052}, "spectral_spread": {"dmean2": 1046008, "median": 5767433.5, "min": 520526.09375, "dvar2": 1123174055940.0, "dvar": 614620332032, "dmean": 704509.75, "max": 12024782, "var": 4712160034820.0, "mean": 5389516}, "dissonance": {"dmean2": 0.0368012711406, "median": 0.473615527153, "min": 0.172422841191, "dvar2": 0.00164747517556, "dvar": 0.000608002825174, "dmean": 0.021783048287, "max": 0.500000119209, "var": 0.00116590666585, "mean": 0.464152187109}, "spectral_skewness": {"dmean2": 0.499305665493, "median": 1.49589753151, "min": 0.495582133532, "dvar2": 0.548208713531, "dvar": 0.235365778208, "dmean": 0.321256995201, "max": 9.78462505341, "var": 0.886740684509, "mean": 1.77957630157}, "spectral_flux": {"dmean2": 0.048898845911, "median": 0.0751816928387, "min": 0.00151561456732, "dvar2": 0.00289901578799, "dvar": 0.00178825797047, "dmean": 0.0354464054108, "max": 0.387923449278, "var": 0.00564703019336, "mean": 0.0939723029733}, "spectral_contrast_valleys": {"dmean2": [0.772686004639, 0.825650751591, 0.791277170181, 0.695423603058, 0.665349006653, 0.67434233427], "median": [-7.27934360504, -6.98137664795, -7.28014469147, -7.53192043304, -7.67121601105, -9.54267311096], "min": [-12.5050373077, -11.7720928192, -11.885799408, -13.091545105, -12.9386663437, -14.3471479416], "dvar2": [0.452511966228, 0.558143973351, 0.509666979313, 0.45547619462, 0.501824080944, 0.588511645794], "dvar": [0.199124142528, 0.237663000822, 0.22420746088, 0.207369074225, 0.228975147009, 0.29356482625], "dmean": [0.499257713556, 0.529887497425, 0.508045256138, 0.453558653593, 0.44370213151, 0.470677495003], "max": [-5.49058437347, -4.92628526688, -5.196164608, -5.52514457703, -5.66061973572, -7.35150432587], "var": [1.56698846817, 0.851780354977, 1.18576705456, 1.59735429287, 2.52933692932, 3.70183968544], "mean": [-7.61213445663, -7.12014484406, -7.4966173172, -7.80730485916, -8.20135307312, -10.2833814621]}, "erbbands_flatness_db": {"dmean2": 0.0297712851316, "median": 0.107825413346, "min": 0.0468838475645, "dvar2": 0.00121534673963, "dvar": 0.000538662774488, "dmean": 0.0196906514466, "max": 0.391336530447, "var": 0.00404417654499, "mean": 0.133711189032}, "spectral_energyband_high": {"dmean2": 0.00137985253241, "median": 0.000446417252533, "min": 5.37085149688e-08, "dvar2": 5.30632996742e-06, "dvar": 2.36219852923e-06, "dmean": 0.000926814915147, "max": 0.0205808561295, "var": 4.9209579629e-06, "mean": 0.00137531012297}, "spectral_entropy": {"dmean2": 0.334163039923, "median": 7.90458106995, "min": 4.45960950851, "dvar2": 0.174952119589, "dvar": 0.0797376409173, "dmean": 0.233933776617, "max": 8.70118999481, "var": 0.550958454609, "mean": 7.6304349899