{"tonal": {"thpcp": [1, 0.556658446789, 0.279289633036, 0.288561105728, 0.353077679873, 0.744254350662, 0.784999847412, 0.333072662354, 0.159122422338, 0.190422847867, 0.249739795923, 0.55104547739, 0.719144225121, 0.616616547108, 0.866539418697, 0.832148432732, 0.368783384562, 0.227053642273, 0.200240179896, 0.215122058988, 0.446861445904, 0.524311244488, 0.274008899927, 0.136000454426, 0.155813530087, 0.275124132633, 0.719863772392, 0.887204885483, 0.537068486214, 0.456011682749, 0.431809812784, 0.247221171856, 0.280960321426, 0.338120937347, 0.303180515766, 0.711552739143], "hpcp": {"dmean2": [0.120063297451, 0.102881588042, 0.0979005992413, 0.106211304665, 0.123363725841, 0.16307425499, 0.158493161201, 0.155991956592, 0.113393619657, 0.110098615289, 0.131469652057, 0.125752434134, 0.156106546521, 0.112695924938, 0.0752171725035, 0.0770430266857, 0.104228660464, 0.13405507803, 0.159473091364, 0.165827512741, 0.157094687223, 0.158048659563, 0.126035735011, 0.0875231176615, 0.0783104076982, 0.089921310544, 0.118188008666, 0.126283168793, 0.0952343866229, 0.0652443319559, 0.080572783947, 0.124625734985, 0.181703194976, 0.203169792891, 0.18856421113, 0.14627198875], "median": [0.00952131859958, 0.00734512601048, 0.0100890137255, 0.0128373410553, 0.0206596516073, 0.0481257587671, 0.0604310557246, 0.0301454607397, 0.00656031724066, 0.00484538543969, 0.010892605409, 0.0280647464097, 0.037103548646, 0.0191077142954, 0.00345372618176, 0.00210292357951, 0.00516371708363, 0.0221732743084, 0.0346338152885, 0.0424585454166, 0.0419222898781, 0.0439243577421, 0.0216924324632, 0.00464652432129, 0.00395627412945, 0.00744324736297, 0.0240940414369, 0.0302533879876, 0.0151533000171, 0.00445147650316, 0.00293239019811, 0.00778723787516, 0.0386468917131, 0.058310225606, 0.0364906787872, 0.0153383947909], "min": [0, 0, 0, 0, 0, 0, 0, 0, 0, 0, 0, 0, 0, 0, 0, 0, 0, 0, 0, 0, 0, 0, 0, 0, 0, 0, 0, 0, 0, 0, 0, 0, 0, 0, 0, 0], "dvar2": [0.0695195049047, 0.0578752420843, 0.0540525056422, 0.05768436566, 0.0660671666265, 0.0749146640301, 0.0765441805124, 0.0748107209802, 0.0704543143511, 0.0714184641838, 0.0701549053192, 0.0588463880122, 0.0715907886624, 0.0547954589128, 0.0520197376609, 0.0501492321491, 0.0635729804635, 0.0665567517281, 0.0794105157256, 0.0689284577966, 0.0740843340755, 0.0643316209316, 0.0529429763556, 0.0496506541967, 0.0459557026625, 0.0490623563528, 0.0555733628571, 0.0551498122513, 0.0424887575209, 0.0341202542186, 0.0482451282442, 0.0705549642444, 0.0983196422458, 0.105551958084, 0.0993857234716, 0.090309008956], "dvar": [0.0267116297036, 0.0213769860566, 0.0200074054301, 0.0210859458894, 0.0231585167348, 0.0280900150537, 0.0327670276165, 0.0274936128408, 0.0256866384298, 0.0264009106904, 0.0255544893444, 0.0247147753835, 0.0288192927837, 0.0202371031046, 0.0181251913309, 0.0181027073413, 0.0235418248922, 0.0259382911026, 0.0307419300079, 0.02663022466, 0.0300634168088, 0.0267923232168, 0.0204598121345, 0.0177112501115, 0.0170414634049, 0.0188751779497, 0.0221092812717, 0.0228567309678, 0.0169543046504, 0.0127219567075, 0.0173965152353, 0.0263768844306, 0.0370232947171, 0.0401728823781, 0.0368185900152, 0.0325206965208], "dmean": [0.0701232850552, 0.0588262453675, 0.0550731271505, 0.0597829818726, 0.0687702670693, 0.0954162999988, 0.0946760028601, 0.0900396108627, 0.0630816072226, 0.0624325796962, 0.0748321712017, 0.0744259133935, 0.0931945070624, 0.0654417797923, 0.0405447073281, 0.0411790348589, 0.0584305897355, 0.078724257648, 0.0935908034444, 0.0985126718879, 0.093743994832, 0.0960109680891, 0.0735140740871, 0.0491079166532, 0.0439493432641, 0.0517973899841, 0.0708095282316, 0.0765011161566, 0.0560624152422, 0.0364637710154, 0.0442643463612, 0.0709327608347, 0.105281636119, 0.118030406535, 0.108580932021, 0.0822877138853], "max": [1, 1, 1, 1, 1, 1, 1, 1, 1, 1, 1, 1, 1, 1, 1, 1, 1, 1, 1, 1, 1, 1, 1, 1, 1, 1, 1, 1, 1, 1, 1, 1, 1, 1, 1, 1], "var": [0.057867474854, 0.0232448801398, 0.0313114374876, 0.0405357591808, 0.0224828589708, 0.0600571781397, 0.126918554306, 0.0445035435259, 0.033432725817, 0.0365271307528, 0.031685359776, 0.0995285287499, 0.0943247824907, 0.0257943291217, 0.0183203294873, 0.0294915400445, 0.0245987549424, 0.0622703246772, 0.0852979794145, 0.0499015152454, 0.107955634594, 0.0933270528913, 0.0272368192673, 0.023645542562, 0.0215404778719, 0.0192526262254, 0.0479974634945, 0.0559433065355, 0.0224579647183, 0.0114070922136, 0.0155575191602, 0.0260464493185, 0.082501038909, 0.101150155067, 0.0450010672212, 0.060227997601], "mean": [0.109026625752, 0.0624202787876, 0.0709389969707, 0.0853713452816, 0.076549321413, 0.179658249021, 0.25248759985, 0.140549361706, 0.070517167449, 0.0728581026196, 0.0891477391124, 0.187914997339, 0.198202729225, 0.0840967148542, 0.0401764400303, 0.0480794087052, 0.0630562007427, 0.139132156968, 0.181575000286, 0.155688032508, 0.218790456653, 0.210107162595, 0.0931132286787, 0.0573282279074, 0.0505581609905, 0.0543156526983, 0.1128269732, 0.13238209486, 0.0691838487983, 0.0343384295702, 0.0393409840763, 0.0694654285908, 0.181756675243, 0.224008232355, 0.135603129864, 0.115137293935]}, "tuning_equal_tempered_deviation": 0.0688394829631, "chords_changes_rate": 0.0506168343127, "key_key": "E", "tuning_diatonic_strength": 0.601389169693, "key_scale": "major", "chords_number_rate": 0.00344702461734, "tuning_frequency": 443.316436768, "tuning_nontempered_energy_ratio": 0.742876410484, "chords_histogram": [23.5667629242, 6.64005804062, 6.31349802017, 3.22931790352, 1.65094339848, 3.1930334568, 1.52394771576, 3.13860678673, 11.7017412186, 5.22496366501, 3.9912917614, 0.217706814408, 1.83236575127, 0.145137876272, 0.19956459105, 1.65094339848, 1.14296078682, 0.435413628817, 1.16110301018, 0.798258364201, 2.10449934006, 2.99346876144, 4.33599424362, 12.8084182739], "key_strength": 0.796513438225, "chords_key": "E", "chords_strength": {"dmean2": 0.00705535244197, "median": 0.546998262405, "min": -1, "dvar2": 0.000673726433888, "dvar": 0.000386248575523, "dmean": 0.00795509014279, "max": 0.884333133698, "var": 0.0248904433101, "mean": 0.539606034756}, "chords_scale": "major", "hpcp_entropy": {"dmean2": 0.842055380344, "median": 1.70303678513, "min": 0, "dvar2": 0.504689633846, "dvar": 0.189916357398, "dmean": 0.500555932522, "max": 3.89109945297, "var": 0.451722443104, "mean": 1.67200171947}}, "metadata": {"audio_properties": {"equal_loudness": 0, "codec": "flac", "downmix": "mix", "sample_rate": 44100, "analysis_sample_rate": 44100, "bit_rate": 0, "md5_encoded": "1368d8a4acdaccf545151888d2de6051", "length": 255.906661987, "replay_gain": -7.17916297913, "lossless": true}, "version": {"essentia_build_sha": "2d9f1f26377add8aeb1075a9c2973f962c4f09fd", "essentia": "2.1-beta2", "extractor": "music 1.0", "essentia_git_sha": "v2.1_beta2-1-ge3940c0"}, "tags": {"title": ["One Day in Your Life"], "barcode": ["0600753129623"], "media": ["CD"], "albumartist": ["Various Artists"], "tracktotal": ["17"], "language": ["English"], "musicbrainz_recordingid": ["1432da74-c6bf-4cd3-9467-a37be3c07cf9"], "artistsort": ["Jackson, Michael"], "mood": ["Very calm"], "musicbrainz_albumid": ["0c89b96b-d58d-46be-a245-c36356ec6b9c"], "musicbrainz_discid": ["hU.OReYkoecsLyTJpCDnI6r8P38-"], "musicbrainz_albumartistid": ["89ad4ac3-39f7-470e-963a-56509c546377"], "lyricist": ["Samuel F. Brown III"], "musicbrainz_releasetrackid": ["718d5026-1f91-30cd-b380-ab394bc4fd03"], "discnumber": ["09"], "album": ["10 Jaar Top 2000 (disc 9)"], "catalognumber": ["531 296-3"], "releasecountry": ["NL"], "file_name": "Michael Jackson - One Day in Your Life.flac", "compilation": ["1"], "acoustid_fingerprint": ["AQADtMk0aVciaD-C4z36HD3-47hxDv1wBFDhCzrxDz-CVxeQW8d_HDpuGfkR67gH4zuEJnqRH0cjOQh_9DnEo0fQ48d_-EUvoz_Mozreo4ej4sN1XAjzjPjxxIfiB62PB8IPmOtxPIJz42l2mDt-7NkBHw9uvMeD87CgY9wIP8tx3Dl-CK9x_LgJPzT-ww-e44F44nCOh0d85PiJD48q6Ed2PIUjC1fCoyROIk8FXfSwJ8cjHj2a8YbeHHnS4zn642IO_0FFJ3iHPzjhZzkOP0fy9MiPJ82DUPOR7HjxHLWO5sJHvCPi7INyND7yU_Avol3wHX_xEsyPpiduHttJBsel40eonbCu4i5-_DgPLQ9urA3aFA8ugcqPESmOH09xUQ7-D_5R-cEjvsHV4kfyzMifI_gD7YIt6WjZIg9-1MeDqkdfuMSHCx-LfseB5uiPHzkfIXyS6Ng0wctw9UF_4Thi_IJ8_A_a6DguyMd-wyd-6D98BmeOqBNJvAfdHW-iI9mLHG_wD5cO7yyekCNyBWSkxIKWE_2O_MKFC4yJeZJ29MLxoE92NFGOF8hzBcmfoX9gfMIF_3hfPHjhiMePInnkIdfxE4-Od8cpfGtC-Etw4Yd3FfK-BL_wHMdxHadw5Ec1Hs0rIhd-HH1qNJt2o3aOMGehE82PUFK2I9-OY48CfepwX2DoB40TebgInVibI-aPPuPQuEZfDvlyJDve5Lh2_Oh-YUpEigoefMvRvEGPKegRMyfkLUGlK8IP7YgdCc9EHVd0OCeuFDmjQxf6H_nwRC-mSqgk0cO54jg3olGJNz-mfEcoJyfkH_lCCo-yGNeR_Ah1NM9SPJF4PNqJmpjy4CS-gseTXkjkI8d03McX8XBooceP40yz4vNxUUe7XCF8KXguxIc2hTJ-NCcpIuwSBeEFNUGO88JhL7mFnjmuLMfz4UwNv3iWozl6XDny41KCaZsu5Md3_LguuBLyQB_iCQ-PHz8-j-B_NMfz4xauYB-FJkwoIYd8xMKTpFNwTj86Kw-eEfkJVczR3mgqpniS40CPB46FafqHWD94h8GHJ8f0LGjO43iyEX8R6yFknQMKH30YC48yhDe8oySFH1doHL0E30en5cJdTDya88hf9Ghe40ZOhbiUZBSqVEf74wfT5XD1Y143uA6ew7F0_GhGKRHxhwj09EgjdriOWcoNDjvOo2SPLy88xcgNMUe44w7yKMEaQT1-hD1cHfl0aKIj5McpHf_B53guYroF5zX64OnR-KgkPSEuHLl-6Ep-hFRDwk8u9NVxXcZ1nHlx6eiPUNah49JljBXuHPqsID3-48nR9GAeHLuSIxZ1QtbTIL9Qws9YdMVf_Md9oXEiGbF5pKqMHtfxo7mMNxOcbJGOo_mjHMd5bOOHOMkmqEf26DF6HUyW4yKDqB7OPTG86RoeHbqFfUnxvHh4lBqaND_4MxD1HVEbFdWPZhqehfijoNGP0DxOBfqLF_oZND9CWTw-vDIqPYIZzvhSOFcG7-gSebhzND364TjyDHqlI6YcnBL6DJuSlfh_fC8O6igfdAmBhEeo73jB0xGDKzfuoKSSDE0lGT_Qn8HHF94BH8WF8ziC98gxkT1-IT-Sky1OHH_hzwl6MzhxOCLyRS8uc0Hj1EKeHZ6OPcKzBz7yDIkbgulxXcIv9JjyHpGLZKKWGj86Hjfag-wjOOLxhvjBZzt67NbxNEj6Ea9wMU-EX8Yz4cpSTPnQ8sgH5koaeE4ehC9-g_xRPUQz6UHkKBfuB2dCPHME15kQHk3aHP-hZ8wEfXWQo2hGGteSefhqODh2Kfhw5Ejc5bhRbBxT4S2-HA6Pw0etS8d74jOJXMH3oyy0PMgVx8Gf4TmaR0H14yGRPEf8xUKPH56VotqyEw95nMfRnPxg9MeHs8ez5EGPT_AZdFQuhA8PH9pKhHJ4-E6GZ9g5XIed40ctHv9Bew7epDidYPePyokefKrg8RqS50W-yEdI8fi5BHqSCs9RMmiORy305Lh0oVHOIJSF3LhwQ3ma4scvhHzQfEefG5SLoxmFf8LPHrtylAusSkevoz8cjgoqHefxBaeNZD7SH514nEdFX4KZJETJC9UlNC9u_BOeJKfQF6X1Ik_xHNd31GnQRCee40ekPwGTH2eVY49yNNVR5rg-GadzHL7xDXkKndHRRMLDRJLwsAl0nUifo11yPBf-bIHPHOfxI5SzFf-FSlGkDLp-5B2ay-izPPiP78XlHk3aBN3x40AuE6ekZ7h4ePmI40d15RAbKcd5TDpyvvgetApOYeKD_6j5Cf5xznB39BGP_RpRHc90PMLzg8mzvLgv3LiYIlk8IbyOJw-q57Dxa3AX-cJxpcbhoyaPfB40Lj1iJ8eLq8cffCEe5HA-6D5yuDO-II07fJkh6sHHwyX0F-ZzAKAMGUwgAwiD1ElKkQBWEECQM4BwQiCkEBCGLFEIKEIoMEAoo6AwxCgxGECeMCAAAFSIhgBhDBmhGBCKNOABMEAJwswgABhAEFMWGCMYoVAhAiCgggAJCDEECSCMMUwwQBBRCDCAKFKEGAsEUAwhBIFREBsADNCECAIVEMAhRggjwCEDGEAAMWAs8QgJgwRRCCAmlQAAOQCIY1RCJxQijgAGQDECAECEsMgBQIBgDloIABcCAEAMIYIAIQVRBjGlABHMgIEEoMAJoggQhjAuEBNGEEqQEkQYRwB2AgEBDJDKiEUU8UoBJZQFShAkgHBASSQRAAgTIIRQyAAgDAUGICcAWUwZppAQCEIBkCCEAWYZAEIIAQQRBjhHMACACMQYAsQJxYRgWgwGhAJSAAY8IAAbgCAQAjChAGBIKMggAAIQIAxwQiohAVDKAQBAAY5IAR8BQAjqhAEIiAsREARwRQSAlDFGAAHGOAQcGAoYIAAwQEFmADHEMoQAgIwA5JAyiiAmmFEGAIQAM44JAghABDCAmFEIGYEUKEYAIQggggAhICDIIAcEEYgpjAxSBAiIAADGAEIANAQQFCxDBAACAAARMEuAEAgAAowCxhFCDAEGACEIgAYQgIgiRgHhBCBSAgkIiwI4KIgQQBimHQSKEUSAg4oA48x4jDHhgEEKAQAFEQbAAohyEDBAEQIKMQsAFAQJxJgFhEiBEBRAGIaQFcwIAQxRhgoEGDNEEAWAEgQcBLwhRCitkQDACMeAAAAQxQACwgglJSECAEWCEAQCIoTggAAHiSJISWOZAsIIQAAQiAggjDCACcuNMcQowpAwzhEhiAIOIAGEAAIYQoAhSCgHCIOASCCAUUQKyQwCQABogUDCIEAgAYAwAQBChAkFDBJGKEAAQUAhYQQQChIhiGEGEAC-QEsAIhATUACHkBQCGSCoAEIQZYgQwAhihAAAAIQRIUACYRSwjmHFCBAAKAUEQ8pQggRAhgEC"], "date": ["1975"], "genre": ["Am\u00e9ricain", "Chanteur", "Compositeur", "Contemporary r&b", "Contemporary rnb", "Cool", "Dance-pop", "Disco", "Funk", "Lyricist", "Michael-jackson", "New jack swing", "Parolier", "Pop", "R&B", "Rnb", "Rock", "Singer", "Soul", "United states"], "composersort": ["Armand, Renee"], "disctotal": ["10"], "musicbrainz_artistid": ["f27ec8db-af05-4f36-916e-3d57f91ecf5e"], "grouping": ["Am\u00e9ricain,Chanteur,Compositeur,Contemporary r&b,Contemporary rnb,Cool,Dance-pop,Disco,Funk,Lyricist,Michael-jackson,New jack swing,Parolier,Pop,R&B,Rnb,Rock,Singer,Soul,United states"], "artist": ["Michael Jackson"], "tracknumber": ["12"], "composer": ["Renee Armand"], "bpm": ["162"], "label": ["USM"], "albumartistsort": ["Various Artists"], "acoustid_id": ["b00f471a-dfc4-43c3-84b5-1b63f4efc032"], "script": ["Latin"], "musicbrainz_releasegroupid": ["0c9588c5-d052-49ea-a623-cfcbdc756ba6"]}}, "rhythm": {"bpm_histogram_first_peak_bpm": {"dmean2": 0, "median": 161, "min": 161, "dvar2": 0, "dvar": 0, "dmean": 0, "max": 161, "var": 0, "mean": 161}, "bpm": 162.872116089, "bpm_histogram_second_peak_spread": {"dmean2": 0, "median": 0, "min": 0, "dvar2": 0, "dvar": 0, "dmean": 0, "max": 0, "var": 0, "mean": 0}, "bpm_histogram_first_peak_weight": {"dmean2": 0, "median": 0.505934715271, "min": 0.505934715271, "dvar2": 0, "dvar": 0, "dmean": 0, "max": 0.505934715271, "var": 0, "mean": 0.505934715271}, "onset_rate": 2.4539039135, "beats_position": [0.394739210606, 0.789478421211, 1.18421769142, 1.57895684242, 1.97369611263, 2.36843538284, 2.75156450272, 3.13469386101, 3.51782298088, 3.90095233917, 4.27247142792, 4.65560102463, 5.0387301445, 5.42185926437, 5.80498838425, 6.18811798096, 6.57124710083, 6.9543762207, 7.33750534058, 7.73224496841, 8.12698364258, 8.51011276245, 8.893242836, 9.26476192474, 9.64789104462, 10.0426301956, 10.4257593155, 10.8088884354, 11.1920175552, 11.5635375977, 11.9350566864, 12.3065757751, 12.6780948639, 13.0496139526, 13.4211339951, 13.8042631149, 14.1757822037, 14.5589113235, 14.9304304123, 15.301949501, 15.6734695435, 16.0449886322, 16.4281177521, 16.8112468719, 17.1827659607, 17.5542850494, 17.9374141693, 18.3205432892, 18.6920623779, 19.0751914978, 19.458322525, 19.8298416138, 20.2129707336, 20.5844898224, 20.9676189423, 21.339138031, 21.7222671509, 22.1053962708, 22.4885253906, 22.8600444794, 23.2315635681, 23.6030826569, 23.9862117767, 24.3577327728, 24.7292518616, 25.1007709503, 25.4722900391, 25.8438091278, 26.2153282166, 26.5984573364, 26.9815864563, 27.3647155762, 27.747844696, 28.1309738159, 28.5141029358, 28.8856239319, 29.2571430206, 29.6402721405, 30.0234012604, 30.4065303802, 30.7896595001, 31.1611785889, 31.5326976776, 31.9042167664, 32.2873458862, 32.6704750061, 33.053604126, 33.4251251221, 33.8082542419, 34.1797714233, 34.5629005432, 34.9460296631, 35.3175506592, 35.6890678406, 36.0722007751, 36.455329895, 36.8268470764, 37.1983680725, 37.5698852539, 37.94140625, 38.3129234314, 38.6960525513, 39.0675735474, 39.4507026672, 39.8454399109, 40.2285690308, 40.6116981506, 40.9948310852, 41.3779602051, 41.7494773865, 42.1326065063, 42.5041275024, 42.8872566223, 43.2703857422, 43.6535148621, 44.0366439819, 44.4197731018, 44.8029022217, 45.1744194031, 45.5343284607, 45.9058494568, 46.2773704529, 46.6488876343, 47.0204086304, 47.3919258118, 47.7634468079, 48.1349639893, 48.5064849854, 48.8780021667, 49.2495231628, 49.6210403442, 49.9925613403, 50.3640823364, 50.7472114563, 51.1303405762, 51.5018577576, 51.8849868774, 52.2681159973, 52.6396369934, 53.0111541748, 53.3942832947, 53.7774124146, 54.1489334106, 54.5204544067, 54.9035835266, 55.2867126465, 55.6698417664, 56.0413589478, 56.4244880676, 56.7960090637, 57.1675262451, 57.5390472412, 57.9105644226, 58.2936935425, 58.6768226624, 59.0483436584, 59.4198646545, 59.8029937744, 60.1861228943, 60.5576400757, 60.9291610718, 61.3006782532, 61.6721992493, 62.0437164307, 62.4152374268, 62.7983665466, 63.1814956665, 63.5530128479, 63.924533844, 64.2960510254, 64.6675720215, 65.0390930176, 65.4106140137, 65.7821273804, 66.1652603149, 66.5251693726, 66.8966903687, 67.2682037354, 67.6397247314, 68.0112457275, 68.3827667236, 68.7542877197, 69.1258010864, 69.4973220825, 69.8688430786, 70.2403640747, 70.6118774414, 70.995010376, 71.3781356812, 71.7496566772, 72.1211776733, 72.4926986694, 72.8642196655, 73.2241287231, 73.5840377808, 73.9555511475, 74.3270721436, 74.6985931396, 75.0701141357, 75.4416275024, 75.824760437, 76.2078933716, 76.5794067383, 76.9625396729, 77.345664978, 77.7404098511, 78.1351470947, 78.5298843384, 78.982673645, 79.4354629517, 79.8882522583, 80.2946014404, 80.7009506226, 81.1072998047, 81.5136489868, 81.9083862305, 82.291519165, 82.6862564087, 83.0809936523, 83.4641265869, 83.8472518921, 84.2303848267, 84.6135101318, 84.9850311279, 85.356552124, 85.7396774292, 86.1111984253, 86.4827194214, 86.8542404175, 87.2257614136, 87.6088867188, 87.9804077148, 88.3519287109, 88.7234420776, 89.0949630737, 89.4548721313, 89.8263931274, 90.1979141235, 90.5810394287, 90.9525604248, 91.3240814209, 91.695602417, 92.0671157837, 92.4386367798, 92.8101577759, 93.181678772, 93.5531921387, 93.9131011963, 94.2846221924, 94.6561431885, 95.0276641846, 95.4107894897, 95.7823104858, 96.1538314819, 96.525352478, 96.8968658447, 97.2683868408, 97.6399078369, 98.011428833, 98.3829498291, 98.7660751343, 99.1375961304, 99.5091171265, 99.8806304932, 100.263763428, 100.646888733, 101.030021667, 101.401542664, 101.77305603, 102.144577026, 102.516098022, 102.887619019, 103.259140015, 103.630653381, 104.002174377, 104.373695374, 104.74521637, 105.116729736, 105.488250732, 105.859771729, 106.231292725, 106.602806091, 106.974327087, 107.345848083, 107.71736908, 108.088890076, 108.460403442, 108.831924438, 109.191833496, 109.551742554, 109.92326355, 110.294784546, 110.666305542, 111.037818909, 111.397727966, 111.757637024, 112.12915802, 112.489067078, 112.848976135, 113.220497131, 113.592018127, 113.963539124, 114.33505249, 114.706573486, 115.078094482, 115.449615479, 115.821128845, 116.181037903, 116.552558899, 116.912467957, 117.272377014, 117.632286072, 118.003807068, 118.363716125, 118.723625183, 119.095146179, 119.466667175, 119.838180542, 120.1980896, 120.557998657, 120.917915344, 121.277824402, 121.649337769, 122.009246826, 122.369155884, 122.729064941, 123.100585938, 123.460494995, 123.820404053, 124.18031311, 124.528617859, 124.900131226, 125.260040283, 125.619949341, 125.979858398, 126.339767456, 126.688072205, 127.047981262, 127.40789032, 127.767799377, 128.127700806, 128.476013184, 128.847518921, 129.207427979, 129.567337036, 129.927261353, 130.28717041, 130.658676147, 131.030197144, 131.390106201, 131.750015259, 132.121536255, 132.481445313, 132.84135437, 133.189651489, 133.549560547, 133.909469604, 134.269378662, 134.62928772, 134.977600098, 135.325897217, 135.674194336, 136.022491455, 136.382400513, 136.74230957, 137.102218628, 137.462127686, 137.822036743, 138.181945801, 138.553466797, 138.924987793, 139.296508789, 139.668029785, 140.039550781, 140.411056519, 140.782577515, 141.154098511, 141.514007568, 141.873916626, 142.245437622, 142.616958618, 142.976867676, 143.336776733, 143.708297729, 144.079818726, 144.439727783, 144.799636841, 145.171157837, 145.542678833, 145.902587891, 146.262496948, 146.622406006, 146.982315063, 147.330612183, 147.702133179, 148.073654175, 148.445159912, 148.805084229, 149.176589966, 149.536499023, 149.90802002, 150.279541016, 150.651062012, 151.010971069, 151.370880127, 151.742401123, 152.113922119, 152.485443115, 152.856964111, 153.228485107, 153.599990845, 153.971511841, 154.343032837, 154.702941895, 155.074462891, 155.434371948, 155.805892944, 156.17741394, 156.548934937, 156.920455933, 157.291976929, 157.663482666, 158.035003662, 158.406524658, 158.778045654, 159.14956665, 159.521087646, 159.892608643, 160.264129639, 160.612426758, 160.983947754, 161.343856812, 161.703765869, 162.075286865, 162.435195923, 162.80670166, 163.166610718, 163.538131714, 163.90965271, 164.269561768, 164.629470825, 165.000991821, 165.372512817, 165.732421875, 166.092330933, 166.45223999, 166.812149048, 167.183670044, 167.55519104, 167.915100098, 168.275009155, 168.634918213, 168.994827271, 169.366348267, 169.726257324, 170.09777832, 170.457687378, 170.817596436, 171.177505493, 171.549026489, 171.920547485, 172.292053223, 172.663574219, 173.035095215, 173.395004272, 173.778137207, 174.17288208, 174.579223633, 174.985580444, 175.426757813, 175.879547119, 176.320724487, 176.761901855, 177.168243408, 177.562988281, 177.957733154, 178.352462769, 178.747207642, 179.153549194, 179.559906006, 179.966262817, 180.349380493, 180.732513428, 181.115646362, 181.487167358, 181.858688354, 182.230194092, 182.613327026, 182.996459961, 183.367980957, 183.739501953, 184.111022949, 184.482528687, 184.854049683, 185.225570679, 185.608703613, 185.980224609, 186.351745605, 186.711654663, 187.083175659, 187.454696655, 187.826202393, 188.197723389, 188.569244385, 188.940765381, 189.312286377, 189.683807373, 190.055328369, 190.426849365, 190.798370361, 191.158279419, 191.529785156, 191.901306152, 192.272827148, 192.632736206, 193.004257202, 193.375778198, 193.758911133, 194.11882019, 194.478729248, 194.838638306, 195.210159302, 195.570068359, 195.929977417, 196.301498413, 196.673019409, 197.044525146, 197.416046143, 197.787567139, 198.159088135, 198.542221069, 198.902130127, 199.273651123, 199.633560181, 199.993469238, 200.364990234, 200.73651123, 201.108016968, 201.479537964, 201.827835083, 202.199356079, 202.570877075, 202.942398071, 203.313919067, 203.685440063, 204.05696106, 204.416870117, 204.788391113, 205.159912109, 205.531417847, 205.914550781, 206.309295654, 206.715637207, 207.121994019, 207.528335571, 207.923080444, 208.375869751, 208.840270996, 209.293060303, 209.792282104, 210.291519165, 210.790740967, 211.371246338, 211.940139771, 212.532241821, 213.124343872, 213.716461182, 214.296951294, 214.889068604, 215.469558716, 215.945571899, 216.421585083, 216.897598267, 217.292327881, 217.687072754, 218.081817627, 218.476547241, 218.859680176, 219.24281311, 219.625930786, 220.009063721, 220.392196655, 220.77532959, 221.146850586, 221.518356323, 221.889877319, 222.261398315, 222.632919312, 223.004440308, 223.364349365, 223.724258423, 224.107391357, 224.490524292, 224.873641968, 225.256774902, 225.639907837, 226.023040771, 226.394546509, 226.766067505, 227.137588501, 227.520721436, 227.90385437, 228.275375366, 228.646896362, 229.0184021, 229.389923096, 229.77305603, 230.156188965, 230.527709961, 230.899230957, 231.270736694, 231.64225769, 232.013778687, 232.385299683, 232.756820679, 233.128341675, 233.499862671, 233.871383667, 234.242904663, 234.6144104, 234.974319458, 235.334228516, 235.705749512, 236.077270508, 236.448791504, 236.8203125, 237.191833496, 237.551742554, 237.911651611, 238.283172607, 238.654693604, 239.014602661, 239.374511719, 239.746032715, 240.117553711, 240.477462769, 240.837371826, 241.208877563, 241.58039856, 241.951919556, 242.323440552, 242.694961548, 243.066482544, 243.426391602, 243.786300659, 244.157821655, 244.517730713, 244.877639771, 245.249160767, 245.620681763, 245.9921875, 246.352111816, 246.712020874, 247.083526611, 247.443435669, 247.803344727, 248.174865723, 248.546386719, 248.917907715, 249.277816772, 249.63772583, 249.997634888, 250.369155884, 250.752288818, 251.135421753, 251.518539429, 251.913284302, 252.308029175, 252.702758789, 253.109115601, 253.515457153, 253.921813965, 254.351379395, 254.780944824, 255.222122192], "beats_loudness": {"dmean2": 0.0649962648749, "median": 0.0369495823979, "min": 0, "dvar2": 0.00463392212987, "dvar": 0.00178159482311, "dmean": 0.0366465039551, "max": 0.349917978048, "var": 0.00227382336743, "mean": 0.0526913180947}, "danceability": 1.1309196949, "bpm_histogram_second_peak_weight": {"dmean2": 0, "median": 0.181008905172, "min": 0.181008905172, "dvar2": 0, "dvar": 0, "dmean": 0, "max": 0.181008905172, "var": 0, "mean": 0.181008905172}, "beats_count": 675, "bpm_histogram_second_peak_bpm": {"dmean2": 0, "median": 167, "min": 167, "dvar2": 0, "dvar": 0, "dmean": 0, "max": 167, "var": 0, "mean": 167}, "bpm_histogram_first_peak_spread": {"dmean2": 0, "median": 0.272921144962, "min": 0.272921144962, "dvar2": 0, "dvar": 0, "dmean": 0, "max": 0.272921144962, "var": 0, "mean": 0.272921144962}, "beats_loudness_band_ratio": {"dmean2": [0.43223375082, 0.162400007248, 0.206664949656, 0.171927809715, 0.0990468263626, 0.0316091552377], "median": [0.591560125351, 0.0609057433903, 0.0909695699811, 0.0641811937094, 0.0333035588264, 0.00554743548855], "min": [0, 0, 0, 0, 0, 0], "dvar2": [0.104224160314, 0.0324805155396, 0.0438742116094, 0.0386663377285, 0.0202261824161, 0.00335194240324], "dvar": [0.0460222400725, 0.0123324776068, 0.0154326241463, 0.0147824333981, 0.00750682456419, 0.00120753142983], "dmean": [0.249358698726, 0.0929674655199, 0.117310136557, 0.102917939425, 0.057744577527, 0.0173529833555], "max": [0.981083452702, 0.836818575859, 0.850618183613, 0.942981660366, 0.741796135902, 0.269812911749], "var": [0.0829465091228, 0.0178327299654, 0.0203404575586, 0.0245606973767, 0.0100687490776, 0.000854761165101], "mean": [0.55069154501, 0.111475743353, 0.14358921349, 0.128779411316, 0.070413261652, 0.0148258898407]}}, "lowlevel": {"barkbands_spread": {"dmean2": 4.55444812775, "median": 14.714673996, "min": 0.864133477211, "dvar2": 29.6906738281, "dvar": 13.3734407425, "dmean": 2.96581172943, "max": 103.419685364, "var": 79.2406311035, "mean": 15.7190151215}, "melbands_spread": {"dmean2": 6.29712963104, "median": 17.159034729, "min": 0.696082115173, "dvar2": 68.0023040771, "dvar": 30.3577461243, "dmean": 4.15718650818, "max": 171.786376953, "var": 284.636962891, "mean": 20.6138801575}, "hfc": {"dmean2": 7.02717161179, "median": 12.5350513458, "min": 1.05512670778e-16, "dvar2": 146.901916504, "dvar": 64.5894012451, "dmean": 4.60400295258, "max": 162.458267212, "var": 340.236541748, "mean": 18.0943260193}, "barkbands_kurtosis": {"dmean2": 3.86464309692, "median": 1.2851369381, "min": -1.76001477242, "dvar2": 103.32749176, "dvar": 42.9423065186, "dmean": 2.48480176926, "max": 189.518783569, "var": 75.2761611938, "mean": 4.05534124374}, "gfcc": {"mean": [-63.7864494324, 126.525413513, -126.761497498, 18.6117897034, -46.0932922363, 18.018661499, -33.5049209595, 13.6571331024, -14.041059494, -0.466883838177, -8.9334192276, -4.60776948929, -5.1295170784], "icov": [[0.000161139148986, -0.000426246697316, 0.000459743838292, -0.000510943064, 0.000271407043329, -0.000548052776139, 0.000501168949995, -0.00043388211634, 0.000553347344976, -0.000298521656077, 0.000208354380447, -0.000281456130324, 0.000173200474819], [-0.000426246697316, 0.00243628025055, -0.00138684676494, 0.00104238290805, -0.00106659112498, 0.00158515037037, -0.00140196376015, 0.00149904808495, -0.0017673606053, 0.00188709050417, -0.0016457119491, 0.0023399523925, -0.00118481193203], [0.000459743838292, -0.00138684676494, 0.00260253692977, -0.00180230219848, -9.62549529504e-06, -0.0016681724228, 0.00157566682901, -0.0017431024462, 0.00170508841984, -0.000639461562969, -2.99189068755e-05, -0.000624946900643, 0.000839129439555], [-0.000510943064, 0.00104238290805, -0.00180230219848, 0.00644326908514, -0.00296291266568, 0.00168941984884, -9.49199893512e-05, 0.00071286119055, -0.00217150291428, 0.000617023441009, 0.000257910665823, -0.000522896065377, -0.000159894407261], [0.000271407043329, -0.00106659112498, -9.62549529504e-06, -0.00296291266568, 0.00597917381674, -0.0014568233164, -0.00114733865485, -0.000139502604725, 0.00119202386122, -0.0010905204108, 0.000688404485118, -0.000152421969688, 0.0003506160283], [-0.000548052776139, 0.00158515037037, -0.0016681724228, 0.00168941984884, -0.0014568233164, 0.00790042430162, -0.00391602469608, 0.00027613187558, 0.000673786795232, -0.00204582116567, -0.00160336261615, 0.00369965517893, -0.00117346004117], [0.000501168949995, -0.00140196376015, 0.00157566682901, -9.49199893512e-05, -0.00114733865485, -0.00391602469608, 0.00823412556201, -0.00171637372114, -0.000965064333286, -0.000590988667682, 0.00141579692718, -0.0023596980609, 0.000525808834936], [-0.00043388211634, 0.00149904808495, -0.0017431024462, 0.00071286119055, -0.000139502604725, 0.00027613187558, -0.00171637372114, 0.00812747795135, -0.0037739481777, 0.00105976860505, -0.000297517486615, -0.00072692183312, 0.000603705935646], [0.000553347344976, -0.0017673606053, 0.00170508841984, -0.00217150291428, 0.00119202386122, 0.000673786795232, -0.000965064333286, -0.0037739481777, 0.0104025127366, -0.00383151439019, 0.00121172878426, -0.000314054865157, -0.00147504953202], [-0.000298521656077, 0.00188709050417, -0.000639461562969, 0.000617023441009, -0.0010905204108, -0.00204582116567, -0.000590988667682, 0.00105976860505, -0.00383151439019, 0.0111055085436, -0.00244782795198, -0.000742864096537, 0.00199164380319], [0.000208354380447, -0.0016457119491, -2.99189068755e-05, 0.000257910665823, 0.000688404485118, -0.00160336261615, 0.00141579692718, -0.000297517486615, 0.00121172878426, -0.00244782795198, 0.00866754539311, -0.00225967308506, -0.000626748078503], [-0.000281456130324, 0.0023399523925, -0.000624946900643, -0.000522896065377, -0.000152421969688, 0.00369965517893, -0.0023596980609, -0.00072692183312, -0.000314054865157, -0.000742864096537, -0.00225967308506, 0.0125948041677, -0.00334114651196], [0.000173200474819, -0.00118481193203, 0.000839129439555, -0.000159894407261, 0.0003506160283, -0.00117346004117, 0.000525808834936, 0.000603705935646, -0.00147504953202, 0.00199164380319, -0.000626748078503, -0.00334114651196, 0.00959785096347]], "cov": [[25183.0078125, 1619.50878906, -1787.37902832, 625.179016113, -407.275695801, 574.32989502, -787.162414551, 89.0651855469, -674.844055176, 61.8813056946, 6.12525510788, -165.80368042, -139.095901489], [1619.50878906, 1399.14331055, 347.975921631, 79.5825958252, 154.827972412, -11.1561737061, -22.5097179413, -108.329269409, -13.1020917892, -160.686264038, 130.421142578, -169.354782104, 96.3146820068], [-1787.37902832, 347.975921631, 1124.82678223, 189.216308594, 264.263305664, 101.401657104, 22.7029895782, 63.0619430542, -18.8682785034, 3.6741206646, 90.2833709717, -54.0247535706, -39.0192604065], [625.179016113, 79.5825958252, 189.216308594, 306.832366943, 140.958938599, 10.6081790924, -15.236530304, 37.6913490295, 13.6105117798, 14.9278354645, -8.67764949799, 15.0064687729, -14.626077652], [-407.275695801, 154.827972412, 264.263305664, 140.958938599, 323.245147705, 85.9525527954, 87.4104690552, 16.4434871674, 12.1817522049, 28.390411377, 12.0996904373, -22.0295467377, -12.3138875961], [574.32989502, -11.1561737061, 101.401657104, 10.6081790924, 85.9525527954, 294.416564941, 89.6843109131, 37.5403060913, -31.9567890167, 85.3001785278, 33.2544517517, -44.0142707825, -30.6106948853], [-787.162414551, -22.5097179413, 22.7029895782, -15.236530304, 87.4104690552, 89.6843109131, 241.947036743, 46.536190033, 72.2725906372, 41.2904281616, -7.0668296814, 14.9194297791, 8.04870033264], [89.0651855469, -108.329269409, 63.0619430542, 37.6913490295, 16.4434871674, 37.5403060913, 46.536190033, 192.685623169, 57.8587684631, 38.5185470581, -8.93721961975, 32.9571914673, -18.7574901581], [-674.844055176, -13.1020917892, -18.8682785034, 13.6105117798, 12.1817522049, -31.9567890167, 72.2725906372, 57.8587684631, 182.48677063, 32.8143310547, -10.7471923828, 25.9249305725, 30.0455150604], [61.8813056946, -160.686264038, 3.6741206646, 14.9278354645, 28.390411377, 85.3001785278, 41.2904281616, 38.5185470581, 32.8143310547, 158.714996338, 18.9309711456, 21.440486908, -35.5100135803], [6.12525510788, 130.421142578, 90.2833709717, -8.67764949799, 12.0996904373, 33.2544517517, -7.0668296814, -8.93721961975, -10.7471923828, 18.9309711456, 155.247024536, 1.98056566715, 17.771697998], [-165.80368042, -169.354782104, -54.0247535706, 15.0064687729, -22.0295467377, -44.0142707825, 14.9194297791, 32.9571914673, 25.9249305725, 21.440486908, 1.98056566715, 131.352355957, 24.9824829102], [-139.095901489, 96.3146820068, -39.0192604065, -14.626077652, -12.3138875961, -30.6106948853, 8.04870033264, -18.7574901581, 30.0455150604, -35.5100135803, 17.771697998, 24.9824829102, 141.047119141]]}, "spectral_energyband_middle_low": {"dmean2": 0.00557254021987, "median": 0.00771861150861, "min": 1.7755484355e-22, "dvar2": 0.000199940783205, "dvar": 7.54200882511e-05, "dmean": 0.00351535039954, "max": 0.171096727252, "var": 0.000117752832011, "mean": 0.0102484943345}, "melbands_crest": {"dmean2": 3.65448617935, "median": 13.8380775452, "min": 1.60945820808, "dvar2": 15.3026828766, "dvar": 6.92323112488, "dmean": 2.34734463692, "max": 35.2444992065, "var": 27.6537017822, "mean": 14.4323921204}, "spectral_kurtosis": {"dmean2": 5.12986183167, "median": 8.31635284424, "min": -1.28725886345, "dvar2": 30.2252388, "dvar": 10.2980966568, "dmean": 2.97870373726, "max": 69.3721160889, "var": 34.9169197083, "mean": 9.73553276062}, "spectral_rms": {"dmean2": 0.0011300961487, "median": 0.00492220930755, "min": 3.1332328225e-12, "dvar2": 4.95187941851e-06, "dvar": 2.25130338549e-06, "dmean": 0.000756295863539, "max": 0.020840395242, "var": 6.95146491125e-06, "mean": 0.00489960843697}, "zerocrossingrate": {"dmean2": 0.00646502990276, "median": 0.0380859375, "min": 0.0029296875, "dvar2": 0.000103667276562, "dvar": 6.17577316007e-05, "dmean": 0.00522759091109, "max": 0.5400390625, "var": 0.00234462833032, "mean": 0.0441966727376}, "silence_rate_60dB": {"dmean2": 0.0170598905534, "median": 0, "min": 0, "dvar2": 0.0189456883818, "dvar": 0.00845856592059, "dmean": 0.00852917134762, "max": 1, "var": 0.0933082699776, "mean": 0.104155324399}, "erbbands_kurtosis": {"dmean2": 1.5013781786, "median": 0.332549929619, "min": -1.83892786503, "dvar2": 4.55578756332, "dvar": 2.06828165054, "dmean": 0.962226569653, "max": 61.2235069275, "var": 6.88440608978, "mean": 1.11232686043}, "erbbands": {"dmean2": [0.215130254626, 2.47202801704, 6.43966245651, 5.46161794662, 4.42973184586, 9.56837177277, 8.71738815308, 9.55281066895, 14.3872976303, 15.0471725464, 15.1188325882, 23.5825424194, 33.8775520325, 30.1876850128, 28.1418037415, 34.6131515503, 37.4456825256, 32.5652961731, 44.5623893738, 19.569644928, 19.5030498505, 22.8232688904, 9.96625423431, 7.5192861557, 3.78576850891, 2.36667442322, 1.79027175903, 1.47039175034, 1.04616498947, 0.928729474545, 0.623212397099, 0.494629025459, 0.335063427687, 0.213287517428, 0.118135020137, 0.0405989699066, 0.00816337391734, 0.00111937813926, 6.74184120726e-05, 2.16504213313e-05], "median": [0.0781112015247, 0.993389725685, 1.55914020538, 2.3713760376, 2.67510986328, 2.90444803238, 3.15430283546, 4.41815376282, 6.70379734039, 8.29063796997, 9.98447418213, 10.7661590576, 12.1486701965, 10.7029857635, 9.36463356018, 9.45945739746, 8.36108207703, 9.32702255249, 11.0284471512, 9.35647392273, 6.36893749237, 6.23405504227, 4.65014028549, 3.61209797859, 1.2893538475, 0.751653969288, 0.707010746002, 0.484762698412, 0.277581453323, 0.194771170616, 0.206860661507, 0.135466694832, 0.0795691311359, 0.0423501878977, 0.0250313021243, 0.00446533085778, 0.000509439967573, 4.76685163449e-05, 1.85342178156e-05, 2.97618025797e-05], "min": [1.21218701725e-22, 7.12264202642e-22, 2.10320909525e-21, 5.45358764217e-21, 1.52569715823e-20, 4.23787698395e-20, 4.31584166474e-20, 1.09400956187e-19, 1.75001341846e-19, 1.19180376527e-19, 1.31416613759e-19, 2.8386781011e-19, 5.20477809549e-19, 7.30692734134e-19, 8.49076083367e-19, 1.28855507487e-18, 1.57496667215e-18, 2.06356685375e-18, 2.17912109019e-18, 2.66610940697e-18, 3.63860373286e-18, 2.86004231517e-18, 3.75220085997e-18, 5.83340796067e-18, 5.63459551403e-18, 7.71152112788e-18, 8.77604963668e-18, 1.04257414272e-17, 1.21700552352e-17, 1.08652365487e-17, 1.20183908427e-17, 1.06369917751e-17, 9.47849058568e-18, 8.04698091658e-18, 5.80980146676e-18, 3.89397424029e-18, 2.52666205853e-18, 9.96217555668e-19, 2.59050763222e-19, 2.65993513054e-20], "dvar2": [0.552643060684, 85.1159362793, 752.853088379, 400.484436035, 205.035614014, 2986.32128906, 740.254211426, 491.247924805, 1523.01525879, 1247.35290527, 1187.95727539, 3898.67553711, 6289.01269531, 4845.56591797, 6418.23828125, 7203.48876953, 10424.5712891, 8906.04492188, 22995.3222656, 2219.93652344, 3193.62060547, 9685.65039063, 510.571868896, 366.209442139, 107.923660278, 45.8414916992, 31.8208065033, 34.4941368103, 26.215051651, 17.7433872223, 7.24443483353, 4.32780218124, 2.26199197769, 1.00516164303, 0.22412545979, 0.0284923706204, 0.00134294258896, 3.36389821314e-05, 9.4084626312e-08, 3.47260886713e-09], "dvar": [0.264316499233, 34.433883667, 266.091522217, 144.201690674, 75.1150131226, 1075.53259277, 287.475128174, 215.534881592, 595.21282959, 644.249755859, 595.626281738, 1799.42675781, 2883.75, 2065.11523438, 2477.21655273, 3131.32666016, 4342.73095703, 4152.43945313, 9831.61425781, 910.082458496, 1288.01367188, 4069.3684082, 217.764511108, 136.54083252, 44.6272163391, 18.5044937134, 14.6127080917, 15.5658559799, 12.15990448, 8.51869297028, 3.42481160164, 2.00067353249, 1.14681255817, 0.4870916605, 0.102550424635, 0.0123813711107, 0.00055470445659, 1.24584457808e-05, 3.51673854482e-08, 1.45380907313e-09], "dmean": [0.145483180881, 1.51100313663, 3.55338740349, 3.14352321625, 2.62729859352, 5.56448030472, 5.42186307907, 6.27369403839, 9.00402641296, 10.6316070557, 11.0000734329, 16.374628067, 22.6675643921, 19.7856063843, 17.7431697845, 22.3605537415, 24.0279045105, 21.4021110535, 28.8196544647, 12.3610706329, 12.1340293884, 14.3327741623, 6.27284002304, 4.61947011948, 2.34494900703, 1.47676110268, 1.17085075378, 0.968760609627, 0.689613580704, 0.611663162708, 0.42042478919, 0.327460110188, 0.225801616907, 0.146009162068, 0.0797125026584, 0.0278691202402, 0.0054781534709, 0.000666995008942, 4.08131127188e-05, 1.40099919008e-05], "max": [6.70021009445, 72.9196777344, 212.970214844, 274.469604492, 217.650970459, 695.014465332, 501.564849854, 513.779052734, 1136.28686523, 734.395202637, 647.787231445, 1372.39770508, 1726.51867676, 1091.99182129, 1321.17810059, 1609.81689453, 1646.32116699, 1951.07714844, 3175.69433594, 848.580322266, 1015.33111572, 4378.83349609, 510.186187744, 285.112640381, 171.685668945, 107.293518066, 94.1313247681, 127.578369141, 134.209869385, 65.4347000122, 49.576423645, 45.1511611938, 53.6961326599, 28.7632007599, 10.2480773926, 3.65666484833, 0.797607958317, 0.0804456248879, 0.00391366658732, 0.000569170864765], "var": [0.339471012354, 31.0363082886, 167.678939819, 125.44683075, 84.9737930298, 781.663391113, 681.229248047, 770.956359863, 1448.18566895, 3410.92358398, 3289.51293945, 5686.41064453, 9310.18359375, 5904.23144531, 7290.60400391, 9308.90234375, 14108.1660156, 16383.9013672, 30999.4882813, 3112.31103516, 4123.37451172, 12922.2373047, 776.124572754, 371.31463623, 115.681503296, 43.4761428833, 32.9436340332, 22.4212722778, 15.2880563736, 10.9778652191, 4.73879146576, 3.07880401611, 2.02544522285, 0.794506132603, 0.153527036309, 0.0164274945855, 0.000621963117737, 9.78004663921e-06, 3.18945971856e-08, 1.95683580451e-09], "mean": [0.268167793751, 2.37232398987, 3.70950865746, 5.17054843903, 5.17071771622, 8.09549617767, 11.5917930603, 14.1027593613, 18.2724819183, 26.3204975128, 28.9017028809, 36.5548057556, 49.0717926025, 41.1896362305, 36.6146240234, 46.5677528381, 51.9777488708, 49.8069953918, 61.2950706482, 27.8857116699, 25.788772583, 29.3822746277, 14.5546150208, 10.2895412445, 5.25827121735, 3.30503368378, 2.58002948761, 1.75300443172, 1.06726694107, 0.887940049171, 0.696995913982, 0.525321364403, 0.358257949352, 0.228738054633, 0.126801088452, 0.0404363498092, 0.00732768047601, 0.00076091097435, 6.44439933239e-05, 3.82583093597e-05]}, "spectral_strongpeak": {"dmean2": 1.08922815323, "median": 0.491290092468, "min": 0, "dvar2": 3.62187671661, "dvar": 1.5092946291, "dmean": 0.644243896008, "max": 23.9473018646, "var": 4.27289533615, "mean": 1.45207357407}, "spectral_energy": {"dmean2": 0.0184936430305, "median": 0.0248338505626, "min": 1.00625770269e-20, "dvar2": 0.00260173762217, "dvar": 0.00108517496847, "dmean": 0.01185269095, "max": 0.445180147886, "var": 0.00138802209403, "mean": 0.0317316874862}, "average_loudness": 0.733443915844, "spectral_rolloff": {"dmean2": 351.586517334, "median": 882.861328125, "min": 21.533203125, "dvar2": 451325.78125, "dvar": 201801.640625, "dmean": 206.240997314, "max": 19875.1464844, "var": 3292794.25, "mean": 1198.17150879}, "spectral_centroid": {"dmean2": 209.686553955, "median": 1018.73937988, "min": 178.502120972, "dvar2": 74816.328125, "dvar": 35695.5234375, "dmean": 136.382400513, "max": 11695.8671875, "var": 1010369.875, "mean": 1118.3125}, "pitch_salience": {"dmean2": 0.0851827338338, "median": 0.487930864096, "min": 0.115208312869, "dvar2": 0.0074122780934, "dvar": 0.00315999356098, "dmean": 0.0542389750481, "max": 0.857451856136, "var": 0.0123124541715, "mean": 0.4