{"tonal": {"thpcp": [1, 0.632137715816, 0.213647216558, 0.138003304601, 0.12625515461, 0.259559422731, 0.370575606823, 0.260712683201, 0.146181091666, 0.127857148647, 0.159319579601, 0.291326761246, 0.359293818474, 0.30088198185, 0.512619674206, 0.797088980675, 0.580702483654, 0.256802290678, 0.127898007631, 0.0872204825282, 0.251992344856, 0.376076936722, 0.233338087797, 0.0987514182925, 0.102708466351, 0.187773361802, 0.45358261466, 0.647790968418, 0.53814291954, 0.554689228535, 0.559288978577, 0.313075631857, 0.185992613435, 0.173312753439, 0.208846986294, 0.627325057983], "hpcp": {"dmean2": [0.264237910509, 0.205547213554, 0.164683416486, 0.158709689975, 0.173590496182, 0.252427965403, 0.30155107379, 0.256896257401, 0.171009019017, 0.129199206829, 0.122023977339, 0.169638931751, 0.211523905396, 0.168901979923, 0.107526369393, 0.101319074631, 0.140274897218, 0.183679670095, 0.196641460061, 0.196599468589, 0.251823604107, 0.29215580225, 0.257582992315, 0.190275743604, 0.110728219151, 0.0785466358066, 0.129389405251, 0.165724948049, 0.130948126316, 0.091158978641, 0.102106124163, 0.163225278258, 0.301298975945, 0.395601034164, 0.353832542896, 0.298194557428], "median": [0.0313725583255, 0.0225098077208, 0.0147430775687, 0.0127809783444, 0.0168998092413, 0.124301113188, 0.226240485907, 0.133168518543, 0.0219115521759, 0.0080503448844, 0.00879782624543, 0.0305554587394, 0.0477017387748, 0.0340109281242, 0.019149037078, 0.0143304355443, 0.0135689470917, 0.0385514050722, 0.0456949621439, 0.0389220304787, 0.0882391929626, 0.122103556991, 0.0778585523367, 0.014490140602, 0.00722057558596, 0.00633965944871, 0.0362581834197, 0.0608303882182, 0.0374855399132, 0.00794431567192, 0.00689793750644, 0.0163617692888, 0.0618076510727, 0.0898499935865, 0.0654171481729, 0.047657776624], "min": [0, 0, 0, 0, 0, 0, 0, 0, 0, 0, 0, 0, 0, 0, 0, 0, 0, 0, 0, 0, 0, 0, 0, 0, 0, 0, 0, 0, 0, 0, 0, 0, 0, 0, 0, 0], "dvar2": [0.143989741802, 0.110769368708, 0.10364203155, 0.0958903282881, 0.0928627848625, 0.0925251469016, 0.116053134203, 0.094615034759, 0.0836482867599, 0.0776707828045, 0.0824261903763, 0.0882446169853, 0.11212836951, 0.0826435908675, 0.0513420850039, 0.0507117509842, 0.0707009062171, 0.0858462154865, 0.0937826260924, 0.0861213132739, 0.101553298533, 0.124517314136, 0.105838477612, 0.103695452213, 0.0539961829782, 0.0377662777901, 0.0478392057121, 0.0611126832664, 0.0530539564788, 0.0513260811567, 0.0613496117294, 0.0979370474815, 0.168816253543, 0.240472793579, 0.18622764945, 0.152407824993], "dvar": [0.0623850636184, 0.0410261489451, 0.0375285223126, 0.0348302684724, 0.0342018119991, 0.0364348739386, 0.0533186905086, 0.0379066765308, 0.0304931942374, 0.0277335457504, 0.0290151126683, 0.0321019515395, 0.043027639389, 0.0300009604543, 0.0181587710977, 0.0184162016958, 0.0260732024908, 0.0320650339127, 0.0362177714705, 0.0327806212008, 0.0390403941274, 0.0567215830088, 0.0452358387411, 0.038169760257, 0.0194220449775, 0.0134422248229, 0.0185498073697, 0.0246610864997, 0.0197638142854, 0.0180726256222, 0.0214640181512, 0.0348052866757, 0.0608698017895, 0.0904173702002, 0.0717070922256, 0.059513669461], "dmean": [0.151674836874, 0.114712588489, 0.0903387516737, 0.0857797786593, 0.0964146032929, 0.151143074036, 0.183052539825, 0.15571513772, 0.0952194854617, 0.070462860167, 0.0654752328992, 0.0961730778217, 0.121061421931, 0.0961931198835, 0.0596359111369, 0.05658493191, 0.0777268111706, 0.104952186346, 0.114259585738, 0.112454727292, 0.14962220192, 0.173937246203, 0.152336016297, 0.106244452298, 0.0608835816383, 0.0432061776519, 0.0755134448409, 0.0991054773331, 0.0759643986821, 0.0492943562567, 0.0549058169127, 0.089070148766, 0.167830243707, 0.219138488173, 0.198932647705, 0.170072466135], "max": [1, 1, 1, 1, 1, 1, 1, 1, 1, 1, 1, 1, 1, 1, 1, 1, 1, 1, 1, 1, 1, 1, 1, 1, 1, 1, 1, 1, 1, 1, 1, 1, 1, 1, 1, 1], "var": [0.112484626472, 0.0422669351101, 0.026708682999, 0.0247752312571, 0.028626717627, 0.0732641816139, 0.138371020555, 0.0706719830632, 0.025508031249, 0.0190047565848, 0.0192678179592, 0.0313583575189, 0.0537892207503, 0.0293265674263, 0.0142864529043, 0.0134572563693, 0.0190021712333, 0.0324658490717, 0.0473870821297, 0.0365940071642, 0.0591248981655, 0.125482797623, 0.0835423991084, 0.0367909856141, 0.0147622860968, 0.00983417592943, 0.026455860585, 0.0437897518277, 0.0207809340209, 0.0125846238807, 0.0135189928114, 0.0256926752627, 0.064417630434, 0.107034675777, 0.0828520879149, 0.089011862874], "mean": [0.215300306678, 0.120519593358, 0.0715985223651, 0.066717363894, 0.0803963989019, 0.241491034627, 0.384953588247, 0.243343681097, 0.0822442620993, 0.0531248673797, 0.0486023724079, 0.0999183282256, 0.142654404044, 0.100362278521, 0.0562729351223, 0.0492190681398, 0.0613306425512, 0.112147279084, 0.138311445713, 0.115825600922, 0.197334781289, 0.306842267513, 0.223543509841, 0.0988569632173, 0.0492347963154, 0.0335758365691, 0.0970053598285, 0.144772171974, 0.089824333787, 0.0380147136748, 0.0395379923284, 0.0722840279341, 0.174608260393, 0.249369457364, 0.207160040736, 0.213529601693]}, "tuning_equal_tempered_deviation": 0.0433999858797, "chords_changes_rate": 0.0469719842076, "key_key": "E", "tuning_diatonic_strength": 0.744691610336, "key_scale": "major", "chords_number_rate": 0.00117429962847, "tuning_frequency": 442.548919678, "tuning_nontempered_energy_ratio": 0.689957618713, "chords_histogram": [39.3390388489, 8.37107849121, 17.3796348572, 0, 0, 0, 0, 0, 1.81177651882, 0, 0, 0, 0, 0, 0, 0, 0, 0.25163564086, 0.402617007494, 2.66733765602, 0, 0.956215381622, 17.1447734833, 11.6758928299], "key_strength": 0.878576099873, "chords_key": "E", "chords_strength": {"dmean2": 0.00990474782884, "median": 0.542737662792, "min": -1, "dvar2": 0.00064919248689, "dvar": 0.000372005917598, "dmean": 0.00920896604657, "max": 0.828072965145, "var": 0.0142866782844, "mean": 0.540316164494}, "chords_scale": "major", "hpcp_entropy": {"dmean2": 1.04612863064, "median": 1.96759223938, "min": 0, "dvar2": 0.712269127369, "dvar": 0.26862218976, "dmean": 0.624406933784, "max": 4.3710269928, "var": 0.582767009735, "mean": 1.94495213032}}, "metadata": {"audio_properties": {"equal_loudness": 0, "codec": "mp3", "downmix": "mix", "sample_rate": 44100, "analysis_sample_rate": 44100, "bit_rate": 195763, "md5_encoded": "71c0868af28c5ebd5180ca7f513b9a66", "length": 276.741210938, "replay_gain": -10.0578956604, "lossless": false}, "version": {"essentia_build_sha": "2d9f1f26377add8aeb1075a9c2973f962c4f09fd", "essentia": "2.1-beta2", "extractor": "music 1.0", "essentia_git_sha": "v2.1_beta2-1-ge3940c0"}, "tags": {"title": ["O\u00f9 es-tu Julian ?"], "barcode": ["5400260912023"], "media": ["CD"], "albumartist": ["Pierre Rapsat"], "musicbrainz_recordingid": ["14355941-a178-4b0b-bcce-1d91d4bc9a74"], "musicbrainz_albumartistid": ["1dd3010e-103d-4d67-864c-40986500ca18"], "discnumber": ["1/1"], "album": ["J'ai besoin de nous"], "catalognumber": ["J'M2 91002-200"], "musicbrainz album release country": ["BE"], "musicbrainz album type": ["album/compilation"], "musicbrainz album status": ["official"], "file_name": "1_04 O\u00f9 es-tu Julian .mp3", "originaldate": ["1991"], "date": ["1991"], "genre": ["Chanson Francaise"], "musicbrainz_releasegroupid": ["44bf9522-a896-369f-98a1-5a28b053932c"], "script": ["Latn"], "asin": ["B000024CEY"], "musicbrainz_albumid": ["4f065892-0d7a-4ece-af0b-7f48c7201240"], "artist": ["Pierre Rapsat"], "artistsort": ["Rapsat, Pierre"], "tracknumber": ["4/18"], "label": ["J'M2"], "albumartistsort": ["Rapsat, Pierre"], "acoustid_id": ["ec3d7708-aec4-4ef8-9143-007ac1af6455"], "musicbrainz_artistid": ["1dd3010e-103d-4d67-864c-40986500ca18"]}}, "rhythm": {"bpm_histogram_first_peak_bpm": {"dmean2": 0, "median": 120, "min": 120, "dvar2": 0, "dvar": 0, "dmean": 0, "max": 120, "var": 0, "mean": 120}, "bpm": 119.545913696, "bpm_histogram_second_peak_spread": {"dmean2": 0, "median": 0.473684191704, "min": 0.473684191704, "dvar2": 0, "dvar": 0, "dmean": 0, "max": 0.473684191704, "var": 0, "mean": 0.473684191704}, "bpm_histogram_first_peak_weight": {"dmean2": 0, "median": 0.708029210567, "min": 0.708029210567, "dvar2": 0, "dvar": 0, "dmean": 0, "max": 0.708029210567, "var": 0, "mean": 0.708029210567}, "onset_rate": 3.82643890381, "beats_position": [0.510838985443, 1.03328800201, 1.54412698746, 2.06657600403, 2.57741498947, 3.11147379875, 3.63392281532, 4.15637159348, 4.69043064117, 5.22448968887, 5.75854873657, 6.26938772202, 6.78022670746, 7.2910656929, 7.80190467834, 8.3011341095, 8.80036258698, 9.29959201813, 9.79882049561, 10.2980499268, 10.7972784042, 11.3081178665, 11.807346344, 12.3065757751, 12.8174142838, 13.3166437149, 13.8158731461, 14.3267116547, 14.8259410858, 15.3251695633, 15.8243989944, 16.3236274719, 16.8344669342, 17.3336963654, 17.8329238892, 18.3321533203, 18.8313827515, 19.3422222137, 19.8414516449, 20.3406791687, 20.8399085999, 21.339138031, 21.8499774933, 22.3492050171, 22.8484344482, 23.3592739105, 23.8585033417, 24.3577327728, 24.8569602966, 25.3561897278, 25.8554191589, 26.3546485901, 26.865486145, 27.3763256073, 27.8755550385, 28.3747844696, 28.8740139008, 29.3732414246, 29.8724708557, 30.3717002869, 30.8825397491, 31.3817672729, 31.8809967041, 32.391834259, 32.8910636902, 33.3902931213, 33.8895225525, 34.3887519836, 34.8995895386, 35.3988189697, 35.8980484009, 36.4088897705, 36.908115387, 37.4073448181, 37.9065742493, 38.4058036804, 38.91664505, 39.4158706665, 39.9151000977, 40.4143295288, 40.91355896, 41.4243965149, 41.923625946, 42.4228553772, 42.9220848083, 43.4213142395, 43.9321517944, 44.4429931641, 44.9422225952, 45.4414520264, 45.9406776428, 46.439907074, 46.9391365051, 47.4383659363, 47.9492073059, 48.4484329224, 48.9476623535, 49.4585037231, 49.9577331543, 50.4569587708, 50.9561882019, 51.4554176331, 51.9662590027, 52.4654884338, 52.9647140503, 53.4755554199, 53.9747848511, 54.4740142822, 54.9732398987, 55.4724693298, 55.971698761, 56.4709281921, 56.9701576233, 57.4693870544, 57.9802246094, 58.491065979, 58.9902954102, 59.4895210266, 59.9887504578, 60.4879798889, 60.9872093201, 61.498046875, 61.9972763062, 62.4965057373, 62.9957351685, 63.5065765381, 64.0058059692, 64.5050354004, 65.0158691406, 65.5150985718, 66.0143280029, 66.5135574341, 67.0127868652, 67.5236282349, 68.022857666, 68.5220870972, 69.0213165283, 69.5205459595, 70.0313796997, 70.5306091309, 71.029838562, 71.5406799316, 72.0399093628, 72.5391387939, 73.0383682251, 73.5375976563, 74.0484313965, 74.5476608276, 75.0468902588, 75.5461196899, 76.0453491211, 76.5561904907, 77.0554199219, 77.554649353, 78.0654830933, 78.5647125244, 79.0639419556, 79.5747833252, 80.0740127563, 80.5732421875, 81.0724716187, 81.5717010498, 82.070930481, 82.5701599121, 83.0809936523, 83.5802230835, 84.0794525146, 84.5902938843, 85.0895233154, 85.5887527466, 86.0879821777, 86.5872116089, 87.0980453491, 87.5972747803, 88.0965042114, 88.5957336426, 89.0949630737, 89.6058044434, 90.1050338745, 90.6042633057, 91.1034927368, 91.602722168, 92.1135559082, 92.6127853394, 93.1120147705, 93.6228561401, 94.1220855713, 94.6213150024, 95.1205444336, 95.6197738647, 96.130607605, 96.6298370361, 97.1290664673, 97.6399078369, 98.1391372681, 98.6383666992, 99.1375961304, 99.6368255615, 100.136054993, 100.635284424, 101.146118164, 101.656959534, 102.156188965, 102.655418396, 103.154647827, 103.653877258, 104.153106689, 104.652336121, 105.151565552, 105.662399292, 106.161628723, 106.672470093, 107.171699524, 107.670928955, 108.170158386, 108.669387817, 109.168617249, 109.66784668, 110.17868042, 110.677909851, 111.177139282, 111.687980652, 112.187210083, 112.686439514, 113.185668945, 113.684898376, 114.195732117, 114.694961548, 115.194190979, 115.705032349, 116.20426178, 116.703491211, 117.202720642, 117.701950073, 118.212783813, 118.712013245, 119.211242676, 119.722084045, 120.221313477, 120.720542908, 121.219772339, 121.71900177, 122.206619263, 122.717460632, 123.216690063, 123.727523804, 124.226753235, 124.737594604, 125.236824036, 125.736053467, 126.235282898, 126.734512329, 127.23374176, 127.7445755, 128.243804932, 128.743041992, 129.242263794, 129.753097534, 130.252334595, 130.751556396, 131.250793457, 131.750015259, 132.260864258, 132.76008606, 133.25932312, 133.77015686, 134.269378662, 134.768615723, 135.267837524, 135.767074585, 136.277908325, 136.777145386, 137.276367188, 137.787200928, 138.286437988, 138.78565979, 139.284896851, 139.784118652, 140.283355713, 140.782577515, 141.293426514, 141.804260254, 142.303482056, 142.802719116, 143.301940918, 143.801177979, 144.30039978, 144.799636841, 145.310470581, 145.82131958, 146.308929443, 146.819763184, 147.319000244, 147.818222046, 148.317459106, 148.816680908, 149.315917969, 149.815139771, 150.32598877, 150.83682251, 151.324447632, 151.835281372, 152.334503174, 152.833740234, 153.344573975, 153.843811035, 154.343032837, 154.842269897, 155.341491699, 155.852325439, 156.3515625, 156.850784302, 157.350021362, 157.849243164, 158.360092163, 158.859313965, 159.358551025, 159.869384766, 160.368606567, 160.867843628, 161.36706543, 161.86630249, 162.37713623, 162.876373291, 163.375595093, 163.874832153, 164.374053955, 164.884887695, 165.384124756, 165.883346558, 166.382583618, 166.88180542, 167.392654419, 167.891876221, 168.391113281, 168.890335083, 169.389572144, 169.900405884, 170.399627686, 170.898864746, 171.398086548, 171.897323608, 172.408157349, 172.919006348, 173.406616211, 173.917449951, 174.416687012, 174.915908813, 175.415145874, 175.914367676, 176.425216675, 176.924438477, 177.423675537, 177.934509277, 178.433731079, 178.93296814, 179.432189941, 179.931427002, 180.430648804, 180.929885864, 181.440719604, 181.951568604, 182.450790405, 182.950012207, 183.449249268, 183.948471069, 184.459320068, 184.95854187, 185.457778931, 185.957000732, 186.456237793, 186.967071533, 187.466293335, 187.965530396, 188.464752197, 188.963989258, 189.46321106, 189.96244812, 190.47328186, 190.972518921, 191.471740723, 191.982574463, 192.481811523, 192.981033325, 193.480270386, 193.979492188, 194.478729248, 194.97795105, 195.488800049, 195.988021851, 196.487258911, 196.998092651, 197.497314453, 197.996551514, 198.495773315, 198.995010376, 199.505844116, 200.016693115, 200.515914917, 201.015136719, 201.502761841, 202.013595581, 202.512832642, 203.012054443, 203.511291504, 204.010513306, 204.509750366, 205.008972168, 205.519821167, 206.030654907, 206.529876709, 207.02911377, 207.528335571, 208.027572632, 208.538406372, 209.037643433, 209.536865234, 210.047698975, 210.546936035, 211.046157837, 211.545394897, 212.044616699, 212.54385376, 213.043075562, 213.553924561, 214.053146362, 214.552383423, 215.063217163, 215.562438965, 216.061676025, 216.560897827, 217.060134888, 217.559356689, 218.05859375, 218.56942749, 219.08026123, 219.579498291, 220.078720093, 220.577957153, 221.077178955, 221.588027954, 222.075637817, 222.586486816, 223.085708618, 223.584945679, 224.095779419, 224.595001221, 225.094238281, 225.593460083, 226.092697144, 226.603530884, 227.102767944, 227.601989746, 228.112823486, 228.612060547, 229.111282349, 229.622131348, 230.109741211, 230.608978271, 231.108200073, 231.619049072, 232.118270874, 232.617507935, 233.128341675, 233.627563477, 234.126800537, 234.626022339, 235.125259399, 235.624481201, 236.123718262, 236.634552002, 237.133789063, 237.633010864, 238.143844604, 238.643081665, 239.142303467, 239.641540527, 240.140762329, 240.651611328, 241.15083313, 241.65007019, 242.160903931, 242.660125732, 243.159362793, 243.658584595, 244.157821655, 244.657043457, 245.156280518, 245.667114258, 246.177947998, 246.677185059, 247.17640686, 247.675643921, 248.174865723, 248.674102783, 249.173324585, 249.672561646, 250.171783447, 250.682632446, 251.181854248, 251.681091309, 252.191925049, 252.691146851, 253.190383911, 253.689605713, 254.188842773, 254.699676514, 255.198913574, 255.698135376, 256.208984375, 256.708190918, 257.207427979, 257.706665039, 258.2059021, 258.71673584, 259.204345703, 259.715179443, 260.214416504, 260.713653564, 261.224487305, 261.723724365, 262.222930908, 262.722167969, 263.221405029, 263.73223877, 264.23147583, 264.730712891, 265.241546631, 265.740753174, 266.239990234, 266.739227295, 267.238464355, 267.737670898, 268.236907959, 268.747741699, 269.258575439, 269.769439697, 270.291870117, 270.814331055, 271.336761475, 271.870819092, 272.404907227, 272.938964844, 273.473022461, 273.995452881, 274.517913818, 275.040344238, 275.574401855, 276.143310547], "beats_loudness": {"dmean2": 0.0426171571016, "median": 0.0788368955255, "min": 0, "dvar2": 0.000989641877823, "dvar": 0.000326002947986, "dmean": 0.0232516899705, "max": 0.127716839314, "var": 0.000734889006708, "mean": 0.0748065710068}, "danceability": 1.36075282097, "bpm_histogram_second_peak_weight": {"dmean2": 0, "median": 0.0182481743395, "min": 0.0182481743395, "dvar2": 0, "dvar": 0, "dmean": 0, "max": 0.0182481743395, "var": 0, "mean": 0.0182481743395}, "beats_count": 549, "bpm_histogram_second_peak_bpm": {"dmean2": 0, "median": 115, "min": 115, "dvar2": 0, "dvar": 0, "dmean": 0, "max": 115, "var": 0, "mean": 115}, "bpm_histogram_first_peak_spread": {"dmean2": 0, "median": 0.265151500702, "min": 0.265151500702, "dvar2": 0, "dvar": 0, "dmean": 0, "max": 0.265151500702, "var": 0, "mean": 0.265151500702}, "beats_loudness_band_ratio": {"dmean2": [0.205056086183, 0.0564413405955, 0.098838172853, 0.0696681141853, 0.0471193380654, 0.0867986008525], "median": [0.800375342369, 0.0284487325698, 0.0324013829231, 0.0217244047672, 0.0211338363588, 0.0501502603292], "min": [0, 0, 0, 0, 0, 0], "dvar2": [0.048227082938, 0.00454544229433, 0.0220968741924, 0.0150409732014, 0.0054454379715, 0.00460413750261], "dvar": [0.0191211476922, 0.00165579107124, 0.00781597569585, 0.00480868062004, 0.00256168819033, 0.00184793758672], "dmean": [0.118965387344, 0.0323610752821, 0.0557981356978, 0.039732247591, 0.0278892610222, 0.0480409599841], "max": [0.996987938881, 0.367359012365, 0.674957633018, 0.6100076437, 0.715547382832, 0.616571307182], "var": [0.044978287071, 0.00210299971513, 0.00658674212173, 0.0062597473152, 0.00645561469719, 0.00340496073477], "mean": [0.752779781818, 0.044273186475, 0.059931088239, 0.0514575988054, 0.0432569012046, 0.0539240501821]}}, "lowlevel": {"barkbands_spread": {"dmean2": 13.0195302963, "median": 27.177072525, "min": 0.159047037363, "dvar2": 306.275115967, "dvar": 121.548370361, "dmean": 7.96034622192, "max": 107.492721558, "var": 314.743225098, "mean": 28.8621139526}, "melbands_spread": {"dmean2": 15.5596237183, "median": 27.1367588043, "min": 0.18726760149, "dvar2": 476.321533203, "dvar": 202.40852356, "dmean": 9.66951560974, "max": 225.528686523, "var": 631.29284668, "mean": 32.726524353}, "hfc": {"dmean2": 15.0368127823, "median": 18.7974815369, "min": 1.0760758178e-16, "dvar2": 808.011352539, "dvar": 300.423431396, "dmean": 9.1302690506, "max": 208.43598938, "var": 604.999511719, "mean": 25.4791469574}, "barkbands_kurtosis": {"dmean2": 6.22502422333, "median": 0.613139152527, "min": -1.94228565693, "dvar2": 968.386108398, "dvar": 440.671142578, "dmean": 3.97710084915, "max": 1124.02172852, "var": 475.946899414, "mean": 4.45801210403}, "gfcc": {"mean": [-14.662976265, 84.9577407837, -117.064315796, 46.3674583435, -61.9268875122, 13.8622560501, -27.25365448, 6.07206821442, -19.8680458069, 5.78779506683, -13.3537492752, 0.43042126298, -12.7695264816], "icov": [[0.000116737457574, -0.000160420458997, 0.000159167058882, -0.000222368718823, 0.000156914553372, -0.000376074021915, 0.000228384684306, -0.000321628845995, 0.000323889194988, -0.000467409205157, 0.000454322813312, -0.00035364946234, 0.000326213106746], [-0.000160420458997, 0.00123329914641, -0.000543664966244, 0.000629558577202, -0.000396499759518, 0.00115953036584, -0.000827270618174, 0.0015071578091, -0.00106059235986, 0.00221919291653, -0.00200545554981, 0.00139239651617, -0.000955344585236], [0.000159167058882, -0.000543664966244, 0.00106803630479, -0.000577162078116, -1.30158068714e-05, -0.000854453654028, 0.000688017753419, -0.000574318051804, 0.000709394633304, -0.00100291869603, 0.00100541580468, -0.00200923462398, 0.00136589130852], [-0.000222368718823, 0.000629558577202, -0.000577162078116, 0.00280413310975, -0.000388512475183, 7.40437326385e-06, 0.00015526828065, 0.000853934325278, -0.00138556153979, 0.00205659214407, -0.000967786705587, 0.000636883836705, -0.00199952488765], [0.000156914553372, -0.000396499759518, -1.30158068714e-05, -0.000388512475183, 0.00354124722071, -0.000219506808207, -0.000834352511447, -0.000796362757683, 0.000220847228775, -0.00223557511345, 0.00163175270427, -0.000348034198396, -0.00087060482474], [-0.000376074021915, 0.00115953036584, -0.000854453654028, 7.40437326385e-06, -0.000219506808207, 0.00706193502992, -0.00236098049209, 0.00136566860601, 0.000132238448714, 0.000848895695526, -0.00297528062947, 0.0030007767491, -0.000495788292028], [0.000228384684306, -0.000827270618174, 0.000688017753419, 0.00015526828065, -0.000834352511447, -0.00236098049209, 0.00743385544047, -0.00298017798923, 0.000145216021338, -0.00140340311918, -7.97893335402e-06, -0.00107655848842, -0.000711150467396], [-0.000321628845995, 0.0015071578091, -0.000574318051804, 0.000853934325278, -0.000796362757683, 0.00136566860601, -0.00298017798923, 0.0112367123365, -0.00325231906027, 0.00199115485884, -0.00179381086491, -6.13401716691e-05, 0.0002978524426], [0.000323889194988, -0.00106059235986, 0.000709394633304, -0.00138556153979, 0.000220847228775, 0.000132238448714, 0.000145216021338, -0.00325231906027, 0.010694809258, -0.00461221532896, -0.000186676945304, 0.000275629485259, 6.17788318777e-05], [-0.000467409205157, 0.00221919291653, -0.00100291869603, 0.00205659214407, -0.00223557511345, 0.000848895695526, -0.00140340311918, 0.00199115485884, -0.00461221532896, 0.0146825350821, -0.0041063958779, 0.00121234741528, -0.000771976308897], [0.000454322813312, -0.00200545554981, 0.00100541580468, -0.000967786705587, 0.00163175270427, -0.00297528062947, -7.97893335402e-06, -0.00179381086491, -0.000186676945304, -0.0041063958779, 0.0154620613903, -0.0039848992601, 0.00130027974956], [-0.00035364946234, 0.00139239651617, -0.00200923462398, 0.000636883836705, -0.000348034198396, 0.0030007767491, -0.00107655848842, -6.13401716691e-05, 0.000275629485259, 0.00121234741528, -0.0039848992601, 0.0148696899414, -0.00359085877426], [0.000326213106746, -0.000955344585236, 0.00136589130852, -0.00199952488765, -0.00087060482474, -0.000495788292028, -0.000711150467396, 0.0002978524426, 6.17788318777e-05, -0.000771976308897, 0.00130027974956, -0.00359085877426, 0.0133378449827]], "cov": [[17376.6367188, -1007.61761475, -752.487548828, 724.266967773, -655.582458496, 658.259094238, -384.621246338, 144.405914307, -367.320129395, 149.958312988, -260.539398193, 50.810459137, -304.123321533], [-1007.61761475, 2086.35400391, 253.409225464, -141.191589355, 67.209274292, -190.489257813, 90.1278305054, -158.053573608, 77.5241546631, -185.370697021, 141.542312622, -59.3939933777, 91.7291946411], [-752.487548828, 253.409225464, 1784.01660156, 141.636383057, 68.4011688232, 33.8359718323, -85.5183105469, -12.6771230698, -58.55909729, 4.2952299118, -5.54381513596, 162.129806519, -78.7526168823], [724.266967773, -141.191589355, 141.636383057, 523.482543945, 2.13742256165, 57.1056137085, -44.4510688782, -7.27642965317, 8.13091373444, -25.543680191, -10.7760667801, 21.5134296417, 41.5266265869], [-655.582458496, 67.209274292, 68.4011688232, 2.13742256165, 391.850250244, -11.2706651688, 89.222869873, 30.1176662445, 44.4373130798, 52.9012451172, -2.97860956192, 11.3398084641, 49.6060562134], [658.259094238, -190.489257813, 33.8359718323, 57.1056137085, -11.2706651688, 223.934448242, 31.4707984924, 13.2174749374, -20.63996315, 26.5074481964, 8.53519821167, -11.3233547211, -17.9273986816], [-384.621246338, 90.1278305054, -85.5183105469, -44.4510688782, 89.222869873, 31.4707984924, 209.858001709, 45.5190238953, 39.7089614868, 23.2526340485, 31.0535831451, -2.56535077095, 32.5667190552], [144.405914307, -158.053573608, -12.6771230698, -7.27642965317, 30.1176662445, 13.2174749374, 45.5190238953, 131.275527954, 29.9076404572, 27.4421043396, 2.31947994232, 14.7254695892, -7.50455999374], [-367.320129395, 77.5241546631, -58.55909729, 8.13091373444, 44.4373130798, -20.63996315, 39.7089614868, 29.9076404572, 139.585006714, 32.171672821, 26.0723686218, -9.06771278381, 21.5676250458], [149.958312988, -185.370697021, 4.2952299118, -25.543680191, 52.9012451172, 26.5074481964, 23.2526340485, 27.4421043396, 32.171672821, 120.949241638, 8.15230178833, 10.2403564453, -7.33543491364], [-260.539398193, 141.542312622, -5.54381513596, -10.7760667801, -2.97860956192, 8.53519821167, 31.0535831451, 2.31947994232, 26.0723686218, 8.15230178833, 96.2566680908, 7.85579395294, 10.2715816498], [50.810459137, -59.3939933777, 162.129806519, 21.5134296417, 11.3398084641, -11.3233547211, -2.56535077095, 14.7254695892, -9.06771278381, 10.2403564453, 7.85579395294, 100.799240112, 7.98501729965], [-304.123321533, 91.7291946411, -78.7526168823, 41.5266265869, 49.6060562134, -17.9273986816, 32.5667190552, -7.50455999374, 21.5676250458, -7.33543491364, 10.2715816498, 7.98501729965, 108.372764587]]}, "spectral_energyband_middle_low": {"dmean2": 0.00466705020517, "median": 0.00584011524916, "min": 1.70205714383e-22, "dvar2": 5.18375454703e-05, "dvar": 2.20900092245e-05, "dmean": 0.00301403622143, "max": 0.0811584591866, "var": 7.1953094448e-05, "mean": 0.00842718873173}, "melbands_crest": {"dmean2": 5.25683927536, "median": 11.9544029236, "min": 1.54524743557, "dvar2": 25.7376689911, "dvar": 13.9230794907, "dmean": 3.52201223373, "max": 35.8801994324, "var": 38.604347229, "mean": 13.4300765991}, "spectral_kurtosis": {"dmean2": 2.7409350872, "median": 2.53519630432, "min": -1.25295770168, "dvar2": 23.109167099, "dvar": 10.2217760086, "dmean": 1.65404987335, "max": 124.448303223, "var": 35.5475654602, "mean": 3.80292057991}, "spectral_rms": {"dmean2": 0.00150000769645, "median": 0.00431095995009, "min": 3.13687162183e-12, "dvar2": 4.29370766142e-06, "dvar": 2.21080858864e-06, "dmean": 0.000988480518572, "max": 0.0137319155037, "var": 5.5157775023e-06, "mean": 0.0046283681877}, "zerocrossingrate": {"dmean2": 0.0155864059925, "median": 0.07080078125, "min": 0.001953125, "dvar2": 0.000344468950061, "dvar": 0.000251837976975, "dmean": 0.0129894940183, "max": 0.5224609375, "var": 0.00260893488303, "mean": 0.0758642405272}, "silence_rate_60dB": {"dmean2": 0.0382614545524, "median": 0, "min": 0, "dvar2": 0.0451888404787, "dvar": 0.0187635030597, "dmean": 0.0191291216761, "max": 1, "var": 0.0618846826255, "mean": 0.066275164485}, "erbbands_kurtosis": {"dmean2": 1.61928665638, "median": -0.080132573843, "min": -1.82430672646, "dvar2": 8.35759830475, "dvar": 3.54519176483, "dmean": 1.02990400791, "max": 65.5822296143, "var": 9.47277736664, "mean": 0.760379970074}, "erbbands": {"dmean2": [0.412690073252, 2.76959514618, 4.78267097473, 5.74847745895, 4.41335868835, 5.84069013596, 5.4600148201, 8.60792827606, 16.9810466766, 19.6502113342, 11.7321138382, 22.0010070801, 12.3595571518, 11.2058200836, 21.4857635498, 18.0963764191, 43.9187355042, 24.728975296, 14.569527626, 24.6979026794, 14.04829216, 16.3979263306, 17.9408378601, 22.0250854492, 21.3333797455, 20.0366821289, 24.5108604431, 22.2199459076, 13.2233991623, 11.9916687012, 9.08834075928, 4.75434112549, 2.62879872322, 0.986451745033, 0.683532178402, 0.462571173906, 0.163448914886, 0.0230598244816, 0.00213622185402, 7.02451361576e-05], "median": [0.0572681874037, 0.477798074484, 1.46604800224, 2.08366250992, 2.8881983757, 3.57226037979, 3.29740715027, 4.68081235886, 5.38628578186, 10.2139263153, 6.23557424545, 8.98666763306, 6.95873689651, 5.86253881454, 9.8022480011, 7.2615814209, 9.45176315308, 9.2863483429, 6.84808254242, 9.3530330658, 8.21401596069, 7.35789442062, 8.45457649231, 12.2760276794, 11.2673892975, 8.77867698669, 8.43958568573, 8.49969100952, 5.57381439209, 3.57531070709, 1.71570396423, 0.80404984951, 0.483520209789, 0.260023415089, 0.0905503109097, 0.0253770444542, 0.00600202381611, 0.000792677165009, 4.22717130277e-05, 3.03501747112e-05], "min": [9.98933743866e-23, 6.35847890464e-22, 2.36496733048e-21, 3.78288232983e-21, 1.17220911672e-20, 2.26145751099e-20, 5.74948169873e-20, 4.94704412625e-20, 3.48505215365e-20, 1.69954002071e-19, 2.58046824452e-19, 3.86476799212e-19, 5.66584650097e-19, 8.65528033667e-19, 9.81831230454e-19, 1.65020733086e-18, 2.04574834938e-18, 1.74362393937e-18, 2.9597124091e-18, 2.78561756674e-18, 3.26150780803e-18, 4.40366059987e-18, 6.94474951546e-18, 7.2187133887e-18, 7.08390031965e-18, 8.74631001212e-18, 8.59232206928e-18, 9.14691358277e-18, 1.05446362326e-17, 1.10939453707e-17, 1.13111704442e-17, 9.18327975122e-18, 9.72422195743e-18, 8.94736701334e-18, 6.84903024293e-18, 4.39801426501e-18, 2.46959817679e-18, 9.22188302964e-19, 2.63348793685e-19, 2.90869661351e-20], "dvar2": [0.673044919968, 38.6168785095, 138.952880859, 145.004486084, 52.8918685913, 111.744369507, 137.256820679, 540.694519043, 2711.73828125, 4162.76416016, 1244.04406738, 4263.97216797, 865.101928711, 1006.1003418, 4306.19775391, 2722.03491211, 22966.1621094, 3498.02880859, 2094.06420898, 3895.74414063, 828.431335449, 1282.48510742, 1350.39355469, 2251.4909668, 2700.32299805, 1875.01123047, 2406.40209961, 2129.82373047, 876.351623535, 792.301757813, 651.254760742, 187.678405762, 55.1800498962, 5.84563779831, 2.01866412163, 0.71618527174, 0.0879199355841, 0.00175305327866, 1.45896774484e-05, 1.39648168584e-08], "dvar": [0.416529268026, 14.8877792358, 48.0953903198, 54.0044212341, 20.1770458221, 47.3968200684, 61.8453292847, 227.796264648, 1139.11499023, 1890.9029541, 599.814208984, 2109.48364258, 408.515441895, 395.243469238, 1697.99682617, 1100.53942871, 8519.88476563, 1478.41333008, 744.793212891, 1428.2208252, 341.827484131, 545.600097656, 522.16418457, 879.135803223, 1101.32775879, 677.673278809, 861.902282715, 749.51550293, 337.870178223, 285.895202637, 227.662490845, 69.7835540771, 21.0960445404, 2.30143809319, 0.770382940769, 0.272896707058, 0.0336739495397, 0.000673778704368, 5.83574819757e-06, 5.54146595277e-09], "dmean": [0.290721923113, 1.61368572712, 2.61084842682, 3.32329821587, 2.66053915024, 3.73979830742, 3.54109978676, 5.59600925446, 10.6703147888, 13.2400016785, 8.12516021729, 15.2032728195, 8.34428596497, 7.19891023636, 13.8295783997, 11.4069843292, 26.9494113922, 15.2923965454, 9.03085517883, 15.0279407501, 8.78055286407, 10.2203178406, 10.8748703003, 13.4907188416, 12.7948284149, 11.8110132217, 13.8572692871, 13.0375499725, 8.02206516266, 7.08513641357, 5.19672107697, 2.83380174637, 1.57450604439, 0.600199759007, 0.403434157372, 0.26787391305, 0.0943816974759, 0.0133901219815, 0.00126934424043, 4.31008884334e-05], "max": [4.79553604126, 29.3568706512, 51.2769088745, 81.2917022705, 69.1595230103, 169.779907227, 266.735809326, 477.962982178, 789.248779297, 1597.77978516, 665.391296387, 1374.46923828, 835.376098633, 821.614685059, 1800.17749023, 1305.45581055, 2729.29394531, 1215.13684082, 914.169250488, 1175.60644531, 590.336914063, 607.863708496, 581.540161133, 811.073364258, 1268.07617188, 496.059387207, 374.881347656, 730.53137207, 270.665435791, 333.959228516, 204.769424438, 185.38999939, 132.923522949, 46.6199417114, 30.4738445282, 5.97027921677, 1.9890178442, 0.249197259545, 0.0363104492426, 0.000769302248955], "var": [0.615710675716, 14.1243772507, 29.0989284515, 58.2982444763, 28.2000007629, 206.179092407, 236.682525635, 418.808685303, 2383.74609375, 6394.64208984, 1806.71691895, 7244.57763672, 1003.33337402, 815.521057129, 2320.41601563, 1913.52880859, 22017.3925781, 3643.21240234, 1866.0345459, 3643.45727539, 1198.90966797, 1750.31896973, 1197.57897949, 2246.63232422, 2249.27709961, 1811.63232422, 1139.94250488, 1536.07434082, 563.893981934, 466.048797607, 262.918518066, 112.865112305, 30.9489402771, 3.38028645515, 0.892629504204, 0.238121569157, 0.0269566420466, 0.000554829020984, 5.20535650139e-06, 5.94445781488e-09], "mean": [0.353210330009, 1.74183702469, 2.64163637161, 4.36913585663, 4.38254976273, 8.27462673187, 7.52120780945, 10.310049057, 18.4128112793, 26.8235034943, 16.759563446, 31.1930465698, 17.1989402771, 14.2891321182, 24.9968662262, 21.9087200165, 50.6398010254, 28.1310539246, 18.2519645691, 29.2906360626, 19.4231700897, 21.2591152191, 20.4523258209, 27.8850822449, 26.3877849579, 23.2946510315, 21.5346126556, 24.213092804, 15.7831811905, 12.4720821381, 7.57450246811, 4.49633359909, 2.29864859581, 0.903468489647, 0.472208291292, 0.231212809682, 0.0742460116744, 0.0104718869552, 0.000996764283627, 5.87665454077e-05]}, "spectral_strongpeak": {"dmean2": 1.13976931572, "median": 0.486803889275, "min": 0, "dvar2": 4.3209233284, "dvar": 1.69225561619, "dmean": 0.66841173172, "max": 16.7971591949, "var": 3.09939575195, "mean": 1.17324018478}, "spectral_energy": {"dmean2": 0.0194636285305, "median": 0.0190489888191, "min": 1.00859618429e-20, "dvar2": 0.00108549557626, "dvar": 0.000496165826917, "dmean": 0.0123439915478, "max": 0.193279623985, "var": 0.000791668018792, "mean": 0.0276110228151}, "average_loudness": 0.902432084084, "spectral_rolloff": {"dmean2": 1284.4519043, "median": 1485.79101563, "min": 43.06640625, "dvar2": 4141221.75, "dvar": 1745327.75, "dmean": 738.546875, "max": 19767.4804688, "var": 4656953.5, "mean": 2153.26806641}, "spectral_centroid": {"dmean2": 500.756744385, "median": 1848.09411621, "min": 162.822921753, "dvar2": 466049.125, "dvar": 188805.71875, "dmean": 307.540161133, "max": 11561.9667969, "var": 1231949.125, "mean": 1838.2232666}, "pitch_salience": {"dmean2": 0.116025835276, "median": 0.530922412872, "min": 0.0247868355364, "dvar2": 0.0118343662471, "dvar": 0.00567717989907, "dmean": 0.0726742744446, "max": 0.923138916492, "var": 0.0158329065889, "mean": 0.530491828918}, "spectral_energyband_middle_high": {"dmean2": 0.00274650775827, "median": 0.00339475460351, "min": 1.14252201651e-21, "dvar2": 2.17273936869e-05, "dvar": 8.48080162541e-06, "dmean": 0.00171103910543, "max": 0.0607887916267, "var": 3.64540828741e-05, "mean": 0.00543762138113}, "spectral_contrast_coeffs": {"dmean2": [0.0771295502782, 0.0693961977959, 0.059371817857, 0.0531016550958, 0.0426338464022, 0.0355861783028], "median": [-0.700165867805, -0.740907430649, -0.730142354965, -0.740909695625, -0.750486671925, -0.713933944702], "min": [-0.979856014252, -0.975255012512, -0.976653277874, -0.972600162029, -0.967764616013, -0.963392972946], "dvar2": [0.00468660471961, 0.00341072608717, 0.00239121727645, 0.0019466932863, 0.0014913927298, 0.00116718490608], "dvar": [0.00179450272117, 0.00138513906859, 0.00104591983836, 0.000836343795527, 0.000715582049452, 0.000529616663698], "dmean": [0.046863887459, 0.0429302155972, 0.0380860716105, 0.0336809456348, 0.0274909269065, 0.0227771177888], "max": [-0.30732023716, -0.370831012726, -0.428724586964, -0.436429828405, -0.509662389755, -0.539850115776], "var": [0.00836430862546, 0.00637085502967, 0.00650091189891, 0.00725146988407, 0.00561382807791, 0.00310202711262], "mean": [-0.687165439129, -0.731869339943, -0.729843914509, -0.737086832523, -0.746796131134, -0.715979099274]}, "melbands_skewness": {"dmean2": 1.33671796322, "median": 2.13131666183, "min": -1.29571282864, "dvar2": 3.25509929657, "dvar": 1.56502449512, "dmean": 0.879851818085, "max": 24.4362831116, "var": 4.0865316391, "mean": 2.52955436707}, "spectral_spread": {"dmean2": 956545.3125, "median": 4586548, "min": 511578.6875, "dvar2": 2109960486910.0, "dvar": 1069215514620.0, "dmean": 647176.3125, "max": 42291692, "var": 9214446534660.0, "mean": 4890112.5}, "dissonance": {"dmean2": 0.0304125137627, "median": 0.471550345421, "min": 0.260896235704, "dvar2": 0.000938435841817, "dvar": 0.000368988228729, "dmean": 0.0184482540935, "max": 0.500000059605, "var": 0.000990130240098, "mean": 0.462348937988}, "spectral_skewness": {"dmean2": 0.381106704473, "median": 1.10259580612, "min": -0.231668308377, "dvar2": 0.203330174088, "dvar": 0.0948523208499, "dmean": 0.240597993135, "max": 8.79608249664, "var": 0.488330930471, "mean": 1.27768421173}, "spectral_flux": {"dmean2": 0.0587436854839, "median": 0.0656708776951, "min": 6.35817787309e-11, "dvar2": 0.00556261604652, "dvar": 0.00237687700428, "dmean": 0.0361372865736, "max": 0.367764413357, "var": 0.00409654341638, "mean": 0.0840037018061}, "spectral_contrast_valleys": {"dmean2": [0.658315658569, 0.548123300076, 0.516456484795, 0.547147870064, 0.533175826073, 0.588498175144], "median": [-6.845890522, -6.75924396515, -7.73962593079, -8.10271263123, -7.77221679688, -10.1350822449], "min": [-28.113986969, -27.9761390686, -27.8882637024, -27.6432971954, -27.6653137207, -27.3895320892], "dvar2": [0.397848069668, 0.245045915246, 0.224072918296, 0.322970747948, 0.487962454557, 0.638008475304], "dvar": [0.197151631117, 0.107793495059, 0.111673638225, 0.167592823505, 0.238404661417, 0.3600089252], "dmean": [0.419627934694, 0.338443338871, 0.329862236977, 0.368815273046, 0.360641360283, 0.433341920376], "max": [-5.20842170715, -4.9094953537, -5.65351772308, -5.95426607132, -5.52162075043, -7.4327583313], "var": [3.6949634552, 3.35064721107, 3.11443448067, 3.03563404083, 3.29543662071, 3.48705077171], "mean": [-7.30967140198, -7.04602479935, -7.98975324631, -8.36202716827, -8.01354503632, -10.4162845612]}, "erbbands_flatness_db": {"dmean2": 0.0304272770882, "median": 0.154327213764, "min": 0.0372961051762, "dvar2": 0.000992165878415, "dvar": 0.0005898141535, "dmean": 0.0218352023512, "max": 0.439217567444, "var": 0.00298812473193, "mean": 0.157394066453}, "spectral_energyband_high": {"dmean2": 0.00158421823289, "median": 0.000796498788986, "min": 7.113897863e-21, "dvar2": 1.23294594232e-05, "dvar": 4.45359091827e-06, "dmean": 0.000933576724492, "max": 0.023263592273, "var": 6.50247420708e-06, "mean": 0.001784684835}, "spectral_entropy": {"dmean2": 0.291634738445, "median": 7.5654964447, "min": 5.00940656662, "dvar2": 0.126600533724, "dvar": 0.0681942477822, "dmean": 0.203946620226, "max": 9.8255777359, "var": 0.34064283967, "mean": 7.5169634819}, "silence_rate_20dB": {"dmean2": 0, "median": 1, "min": 1, "dvar2": 0, "dvar": 0, "dmean": 0, "max": 1, "var": 0, "mean": 1}, "melbands_flatness_db": {"dmean2": 0.0453249029815, "median": 0.173614621162, "min": 0.00418068049476, "dvar2": 0.00292471353896, "dvar": 0.00139311072417, "dmean": 0.0303708072752, "max": 0.628570973873, "var": 0.00743949878961, "mean": 0.19074909389}, "barkbands": {"dmean2": [0.000690352986567, 0.0116319973022, 0.00373965664767, 0.00208444148302, 0.00138273113407, 0.000970544002485, 0.0013736996334, 0.000541571178474, 0.000970673456322, 0.000348555768142, 0.000551188015379, 0.000454303750303, 0.000914683390874, 0.000542851863429, 0.000338634592481, 0.000300894695101, 0.000278609863017, 0.000366412394214, 0.000459269125713, 0.000402795034461, 0.000620668521151, 0.0003290156601, 0.000358543329639, 0.000187516445294, 9.13900366868e-05, 9.10408198251e-05, 1.17093659355e-05], "median": [6.31496804999e-05, 0.00219081249088, 0.00140293652657, 0.000619030673988, 0.00100483559072, 0.000491231854539, 0.000566292030271, 0.00024214037694, 0.000441356678493, 9.65932777035e-05, 0.000188354693819, 0.000129200867377, 0.000170019178768, 0.000193851621589, 9.7450283647e-05, 0.000152320644702, 0.000105959072243, 0.000139406038215, 0.000216584623558, 0.000166479236213, 0.000234037725022, 0.000150480627781, 6.72730238875e-05, 3.3621370676e-05, 1.86274755833e-05, 3.89456135963e-06, 1.35133149115e-07], "min": [2.56050518725e-25, 3.11598006524e-24, 1.41971050594e-24, 1.15097389591e-24, 7.69758322857e-24, 5.17859534703e-24, 3.06443609091e-24, 2.01867754375e-23, 1.33118337158e-23, 1.30126945051e-23, 1.82806098114e-23, 2.96083100448e-23, 3.21041397311e-23, 3.7312281469e-23, 3.94012072341e-23, 5.21388432965e-23, 5.73704520685e-23, 1.12845681589e-22, 1.28271900767e-22, 1.71707238541e-22, 2.91216447129e-22, 3.18472361333e-22, 3.69944841201e-22, 5.39191906569e