{"tonal": {"thpcp": [1, 0.82899415493, 0.290404438972, 0.0873306319118, 0.0467045903206, 0.0540685765445, 0.15659570694, 0.235310077667, 0.184090197086, 0.203397572041, 0.24998614192, 0.164191946387, 0.0959775298834, 0.0818346217275, 0.0715566202998, 0.146084174514, 0.210022598505, 0.136569708586, 0.0607259422541, 0.0533143281937, 0.0855841487646, 0.251833587885, 0.341505199671, 0.195756003261, 0.111129038036, 0.112189941108, 0.0749452635646, 0.0589706599712, 0.0716184079647, 0.0926156789064, 0.149797156453, 0.166893839836, 0.102714680135, 0.0647121742368, 0.0675872415304, 0.436877608299], "hpcp": {"dmean2": [0.140130385756, 0.119520746171, 0.107895202935, 0.134669527411, 0.152138352394, 0.128716945648, 0.0828640162945, 0.0812064483762, 0.118392460048, 0.202323570848, 0.234377488494, 0.164581820369, 0.117888100445, 0.10493221879, 0.0777734965086, 0.0719573423266, 0.0882700309157, 0.106014445424, 0.132372140884, 0.138700291514, 0.117635056376, 0.087563470006, 0.094868503511, 0.291532874107, 0.46186414361, 0.3626973629, 0.216910541058, 0.1155012995, 0.0680145770311, 0.0846642702818, 0.210231974721, 0.280708402395, 0.259038597345, 0.240039259195, 0.238133147359, 0.197067081928], "median": [0.019862363115, 0.015092340298, 0.0100643811747, 0.0130827529356, 0.0159597247839, 0.0164857022464, 0.00950577668846, 0.00623445725068, 0.0145011907443, 0.072794996202, 0.101188547909, 0.0531101077795, 0.0110912751406, 0.00748781906441, 0.00769861321896, 0.00853798445314, 0.00864283367991, 0.0143047831953, 0.0241365488619, 0.0221710465848, 0.0126442639157, 0.00826715584844, 0.00846321694553, 0.233673229814, 0.717438817024, 0.516341090202, 0.0755451321602, 0.0109105687588, 0.00587571645156, 0.00664248503745, 0.0181190241128, 0.0254515632987, 0.0212584678084, 0.0254949722439, 0.0314366221428, 0.0237367525697], "min": [5.52166238776e-06, 9.55480572884e-06, 1.67487200997e-06, 1.53525411406e-06, 1.9811857328e-06, 3.93656864617e-06, 3.25106611854e-06, 1.71873375621e-06, 5.0768926485e-06, 8.37465904624e-06, 1.51494350575e-05, 1.07505065898e-05, 2.83791268885e-06, 2.82690371023e-06, 2.16408125198e-06, 1.6105954046e-06, 2.08026767723e-06, 1.28167885123e-05, 1.27838984554e-05, 6.11224459135e-06, 4.03034209739e-06, 4.6308086894e-06, 4.22181483373e-06, 4.66245683128e-06, 1.4376620129e-05, 2.02851588256e-05, 7.40283121559e-06, 3.42441262546e-06, 1.52739619352e-06, 2.97582710118e-06, 5.17814760315e-06, 5.40173141417e-06, 3.76437810701e-06, 3.1347251479e-06, 3.03276397062e-06, 9.02235569811e-06], "dvar2": [0.0924561470747, 0.084599852562, 0.0735604688525, 0.0695042684674, 0.0787914395332, 0.0637783706188, 0.0523259229958, 0.0518057495356, 0.0683889612556, 0.0829941555858, 0.0983185917139, 0.0659494623542, 0.0628611296415, 0.0644465237856, 0.0371633917093, 0.0357025042176, 0.0479357019067, 0.0565321333706, 0.0692062824965, 0.0748192667961, 0.0700206235051, 0.0466707907617, 0.0486519560218, 0.0803691223264, 0.194425925612, 0.0898048356175, 0.0784269347787, 0.0564930066466, 0.0338634736836, 0.0381708927453, 0.145815894008, 0.203473821282, 0.179081425071, 0.161471903324, 0.146157369018, 0.119218945503], "dvar": [0.0315534807742, 0.0289741847664, 0.0253754574805, 0.0253513157368, 0.0309855602682, 0.0231028646231, 0.0180442277342, 0.0180348400027, 0.024062121287, 0.0316214933991, 0.039722636342, 0.0247512627393, 0.0224770046771, 0.0226485934108, 0.0134011954069, 0.012418714352, 0.0166263710707, 0.0200074240565, 0.0252572670579, 0.0283027514815, 0.0248842425644, 0.0163724645972, 0.0173287764192, 0.0384612567723, 0.115333512425, 0.0534047037363, 0.0307663977146, 0.0203167479485, 0.0117576625198, 0.0131689803675, 0.0523524060845, 0.0749222561717, 0.0605555474758, 0.0548627972603, 0.0530904084444, 0.0414191111922], "dmean": [0.0742188692093, 0.0634636059403, 0.0570125505328, 0.0762810781598, 0.087745949626, 0.0729735344648, 0.0444185733795, 0.0430483333766, 0.0640057548881, 0.119699962437, 0.141676008701, 0.0968216359615, 0.0662839710712, 0.0580232813954, 0.0434955917299, 0.039304703474, 0.0481404066086, 0.0589795783162, 0.0749584510922, 0.0781816244125, 0.065303504467, 0.0473082661629, 0.0509008765221, 0.160204440355, 0.255823016167, 0.212889716029, 0.12946934998, 0.0632949024439, 0.0363023579121, 0.0446152985096, 0.11358165741, 0.150352194905, 0.137991219759, 0.129944771528, 0.1307502985, 0.107248939574], "max": [1, 1, 1, 1, 1, 1, 1, 1, 1, 1, 1, 1, 1, 1, 1, 1, 1, 1, 1, 1, 1, 1, 1, 1, 1, 1, 1, 1, 1, 1, 1, 1, 1, 1, 1, 1], "var": [0.0184807833284, 0.0167582798749, 0.0157493986189, 0.0306651163846, 0.0590949580073, 0.0258806422353, 0.0112228663638, 0.0113179478794, 0.0157986488193, 0.0411323644221, 0.0689490586519, 0.029143396765, 0.0253145005554, 0.0335089974105, 0.0148305268958, 0.009472373873, 0.0124772870913, 0.0173061508685, 0.0364196114242, 0.0463086441159, 0.0218898821622, 0.0116230901331, 0.0123322727159, 0.0523530505598, 0.165574386716, 0.109444193542, 0.0509643815458, 0.0165056809783, 0.00831311754882, 0.0083732297644, 0.0402097217739, 0.0725341662765, 0.0460364818573, 0.0500556193292, 0.0704423561692, 0.0352348163724], "mean": [0.0579894222319, 0.0494443103671, 0.043234359473, 0.0882637500763, 0.126895219088, 0.0825151354074, 0.0366904884577, 0.0322124063969, 0.0517097637057, 0.152157336473, 0.206336736679, 0.118275374174, 0.0671439319849, 0.0677849277854, 0.0452817715704, 0.0356299504638, 0.0432716943324, 0.0559582002461, 0.0905071273446, 0.100836910307, 0.062059994787, 0.0390989631414, 0.0408360697329, 0.263960540295, 0.604197919369, 0.500876545906, 0.175461754203, 0.0527649857104, 0.0282188169658, 0.0326681211591, 0.0946147963405, 0.142173856497, 0.111226916313, 0.122892387211, 0.15104110539, 0.0992044359446]}, "tuning_equal_tempered_deviation": 0.226755544543, "chords_changes_rate": 0.04206623137, "key_key": "F", "tuning_diatonic_strength": 0.620972514153, "key_scale": "minor", "chords_number_rate": 0.000767165329307, "tuning_frequency": 434.193115234, "tuning_nontempered_energy_ratio": 0.878867805004, "chords_histogram": [66.2575149536, 0.805523574352, 0.70323485136, 4.96100234985, 0, 2.76179528236, 0, 9.74300003052, 0, 0, 0, 0, 0, 0, 0, 0, 0, 0, 0, 0, 0.511443555355, 0.0767165347934, 12.5687255859, 1.6110471487], "key_strength": 0.656918406487, "chords_key": "F", "chords_strength": {"dmean2": 0.00690437946469, "median": 0.556620180607, "min": 0.291195482016, "dvar2": 3.68754335796e-05, "dvar": 3.70774905605e-05, "dmean": 0.00680905161425, "max": 0.811827361584, "var": 0.00733084743842, "mean": 0.547628819942}, "chords_scale": "minor", "hpcp_entropy": {"dmean2": 1.05662858486, "median": 1.86257731915, "min": 0.04293313995, "dvar2": 0.753257572651, "dvar": 0.275925278664, "dmean": 0.621883392334, "max": 4.46473407745, "var": 0.491878956556, "mean": 1.92673921585}}, "metadata": {"audio_properties": {"equal_loudness": 0, "codec": "flac", "downmix": "mix", "sample_rate": 44100, "analysis_sample_rate": 44100, "bit_rate": 0, "md5_encoded": "eb55024a856288830becd47aba6e7eec", "length": 363.14666748, "replay_gain": -9.43249511719, "lossless": true}, "version": {"essentia_build_sha": "70f2e5ece6736b2c40cc944ad0e695b16b925413", "essentia": "2.1-beta2", "extractor": "music 1.0", "essentia_git_sha": "v2.1_beta2"}, "tags": {"title": ["Into the Light (Lange remix)"], "barcode": ["8715576137433"], "media": ["CD"], "albumartist": ["Gareth Emery"], "tracktotal": ["12"], "language": ["eng"], "releasetype": ["album"], "musicbrainz_recordingid": ["1443f973-b71c-4e4e-b2e3-0a2016bdb3f7"], "musicbrainz_releasegroupid": ["ebe7b2b5-aaaf-4957-8c07-1993b4653af6"], "musicbrainz_albumartistid": ["73549455-66cb-4570-b0bf-caf3d8d631fe"], "acoustid_fingerprint": ["AQADtEmUeEkkCS8uhcUzXOrxwj-8Eh8ZfDh79LnwXWimHXpx_Xh26IRP9GiXw2NJ-Dws48MZGH7w1fgI8Th0hTj8A35whcQHvzh-wTp-nPCPFx6D1_AjvPBgDj_OwFVw4pHQo40CP4d_mCvx4LzgH9_x49VxmLyEw4wEP4vxEb5GlL3QE_7xB1Y6fDz8wsdJ-HBH9KhV-LlwPMQPnTncHcenQ2eOH-c1fAEsLQvaH30Oz8cb-MUlvDs-4jnE6YQf4sxhHM-g0_ghnvglHGJ3HGckPDgPK9rh4RlhTjpOmAuNF75wGIdf4wv84viI44GrHn4OvYQf4he8Eh_8Q3wkHPczPFl09EQfojl6HT5ewTgs8Tge4vgIH77QC7WKLzvOD355nPgFcRp-4T2hRzgfnMe3vTh8oj1aHv5xBn7hE5aPE19yiDmeHOnDw_2Inkep48LWG6cQ_mieoRivQA6jiEIfIc1xXvDx43px4Tr8ouJ1PMeL_OqI6ygTPIdOuAqLa7h0fMFffCX8HKcuuIeOTyiZ4WzQkMcH__CHs8cbGsYlw4dl4oR_PIR7XIIP_zgl6CqeQ4e5kESPsh_c4ccn_BGe4j2-HT_88OjR5zD8CC-84jBMHj98nCHEvrh2HM-HC35mvBCP7_jwsCiPloF_wYokPDz84bB8eB1-Dnp3uDv04z3OyBEOM9MF8TjShy76o0uPpketIG9xQvwaHM16XEfzDC9yfMQl-DmKPjz8w8_hKiQ-5Cz8B5ao4xo84iv84DV8_PAPn6hH9LBaPMInWMp4tDxONN9RtAvE46dxHc8Ijzx6aIkYEqfxDE8f_PBJtOgfGId_WMZHHB8uwcezC-bw0DCHFz4uGT_xHS884iEsjThZaXB3XHhe9NnREz5xnITsC79x5TD04PgOy0fRPJJRdEbD46VR-dBLmNkGnYfqEtbh49nhv_CLv3h2iDrODD684sqM44yE0_iIXzhOwie0j2i48KhUortwfDvEo1aIHo4vmLRgKcMPP-NwC-YiVSiLH30O78eXKfirDD5xeL3wDD5chSJ0mDt6dGEEXThxHw4-woFvCYfV42IIV8d5-ETLQ8d7aNqP5hkuHj3h4_jRy2gePBDVUChv9MFLODo-XtAFX8EJxxeewSpnOFRo_IQ5aOh7_PjCFeIkHr8CyyRenHCWHT5eOM7xw7LwX_hxfPCOK4SPC1YPscbhh_iQrid69AlujTgf-MP7oOmG3BWSJdFCnENzBhclPA-avuiPZ_k4VJcRPlkY3Mezo1YP_zB5fIc5PJLhHy_848cv4DC34xFe4iZ-wo_xGn6OlzAXvBR-HO5xHqfhs2iPeocP8_Czo0fzEEVLnMcNd_jhSzjMHVcOHw_hHw_hG68OOcdxcXDF4yzeQ4eL4hIaFYe5EK_xHlclfCRcoeTRE5bx4xv6oCUPwz96dOFxlsQJc1FwHod7mLzwZXAPcRqNP4U4Fv2hjugPvTDHo8-Obgph3DCzw8QJf3hhLniN4_gO93jh49Zh5jhh-DT-wjKP8kaPw7xwicZ5-ER_lD2e7cKJh4R_XPDxBsdxHebw0DjOQ-xo4KXhQ58Kr0dL9BceHFaDWkePCz9M4vCz4zTEE_3xHVqX45UFHzBJ9LLQTMcL_Xh2HFZDaOjx4xIFX4BPtEG9w8f148fxSfBxETfOEx_848rgCyfcXRCPC36O_keY9eiM8MfD4vCjQGdmWMV3mMvxEIa5EHnhlUeNnofhH65C5MUH77hhUsILT8NrPHgOkSR-wYe-48PDFscPl4eP8_BxWBYOdzhh5vBj4oJP4uFxfOHxQ9dM-HhYmNPhMTkeFmJ_PLhw5sJ3uLpweIafHS9-uMO1w5cIH095mCPO4z3uw-dR6jiPNqrhZ9CPo0sP7UfToR_Ool2OUjr84ynO7PhxuApxrUbe4CPiU_AX_Md5yMKPM_B04cczynh56Cx84g-84sqM5_CjPPDhSKIH89C48Ar6SEidFyUFJlnWDpZ__DjCjNihmxLR_MLD45YKazo0acnx2PgNjYR_tDm-PAh9NMejCqOPhzp6fMePJNMupGI0nINPEv2HB_kDrREDbzpyHTkPH5pOPNclNI2IUgdLGANMKMQIEMQQBYRADCDBjBCMAIMEI14ogBhwRlmEHECMAcEQIQwBAxgjRCBELCBACAcMEMQAJwwAwikCDGMMAUEYQ4AwYgwCQAgigCPEMIMAEdYoowRhjjDijVEOMCYEAwY4ZJkABgFGEDCACEGAEEAAQZxhzCMpiAGMAGCcYIYBRIhRAlDhhBEECEEM8YoAowgASjlGgCDYIEAMQgoZAAxzCgAHmAEECcOQAYoAhRgzSAnBgHDKAMSQU0IYwgzCghnmhDAIASIAEMQA4YQzgABCrENeEIwIY1IYBgBDRgFAkGSAMCEkEFYw5YQ0QgLGEAFUCCABYUIIQQxgQhihhGBMGAeEAcAZA5Q0whAkiHFKIMacMIYx4YxChjBCHBECCGGNMQJBZJEyABMGEBDaGACAMw44oxElzCAGDFDCEYCMQAABypAARAAiBDkMIUg8MQIJxwAiRhBAjBAAAaKdMwgYIhgxgAhHGBMCMGQAAMQbwAwjAAjGmIEIAEaBYRgAJwRQggjIEACAAAEMYUAAopBhgDAhjHDCDIYcAoABxZgThjHChDRCAKCAMVZY4RgygAHEFFHUCUCI0o4xogBAhFCEgEAEEceAAwYgRgghBhEBhHKAMacNY0wIAY0wBhBCHGFCIEIMYAwQJogjzjDkBAGIGOIsQiIBCwAThBhokCCQCMEAJc5IIYwQQjjDmBDWCAcQMsZICYwggArELAAGKaYYQUIpJwRiTDACBSFMOOMQcQgw5ABAghlhDLJACEQYAEwSYggiAgmGiBFSACaIEUQI5RAQwBpCBCFIKGEQQ0wIBAAwghCGiHLECICEcYgCgAAAAhAAIHJEACaAQIYQgRhhSjEiEDWKQAMAAmIwZowC0gEAHA"], "discnumber": ["1"], "totaldiscs": ["1"], "album": ["Northern Lights Re-Lit"], "catalognumber": ["GARUDA-CD003"], "releasecountry": ["GB"], "file_name": "09. Gareth Emery feat. Mark Frisch - Into the Light (Lange remix).flac", "compilation": ["0"], "originaldate": ["2011-03-18"], "albumartistsort": ["Emery, Gareth"], "date": ["2011-03-18"], "genre": ["Trance, Electronic"], "disctotal": ["1"], "musicbrainz_artistid": ["73549455-66cb-4570-b0bf-caf3d8d631fe"], "asin": ["B004PIWCBS"], "musicbrainz_albumid": ["3356a43f-b7e2-41b0-a8e9-3a2776c6b7b7"], "artist": ["Gareth Emery feat. Mark Frisch"], "tracknumber": ["9"], "artistsort": ["Emery, Gareth feat. Frisch, Mark"], "bpm": ["0"], "label": ["Garuda Music"], "releasestatus": ["official"], "acoustid_id": ["b9315aed-3e03-4c75-8413-dcd29a479359"], "script": ["Latn"], "totaltracks": ["12"]}}, "rhythm": {"bpm_histogram_first_peak_bpm": {"dmean2": 0, "median": 136, "min": 136, "dvar2": 0, "dvar": 0, "dmean": 0, "max": 136, "var": 0, "mean": 136}, "bpm": 135.810317993, "bpm_histogram_second_peak_spread": {"dmean2": 0, "median": 0.564102530479, "min": 0.564102530479, "dvar2": 0, "dvar": 0, "dmean": 0, "max": 0.564102530479, "var": 0, "mean": 0.564102530479}, "bpm_histogram_first_peak_weight": {"dmean2": 0, "median": 0.771643638611, "min": 0.771643638611, "dvar2": 0, "dvar": 0, "dmean": 0, "max": 0.771643638611, "var": 0, "mean": 0.771643638611}, "onset_rate": 4.76098585129, "beats_position": [0.441179126501, 0.893968224525, 1.34675729275, 1.78793644905, 2.22911548615, 2.67029476166, 3.11147379875, 3.55265307426, 3.99383211136, 4.43501138687, 4.88780021667, 5.34058952332, 5.78176879883, 6.2229475975, 6.66412687302, 7.10530614853, 7.5464849472, 7.98766422272, 8.42884349823, 8.88163280487, 9.33442115784, 9.77560043335, 10.2167797089, 10.6579589844, 11.0991382599, 11.5403175354, 11.9814968109, 12.4226751328, 12.8638544083, 13.3050336838, 13.7578229904, 14.2106122971, 14.6517915726, 15.0929698944, 15.5341491699, 15.9753284454, 16.4165077209, 16.8576869965, 17.298866272, 17.7400455475, 18.1928348541, 18.6456241608, 19.0868015289, 19.5279808044, 19.96916008, 20.4103393555, 20.851518631, 21.2926979065, 21.733877182, 22.1750564575, 22.6278457642, 23.0806350708, 23.5218143463, 23.9629936218, 24.40417099, 24.8453502655, 25.286529541, 25.7277088165, 26.168888092, 26.6216773987, 27.0744667053, 27.5156459808, 27.9568252563, 28.3980045319, 28.8391838074, 29.2803630829, 29.7215423584, 30.1627197266, 30.6038990021, 31.0450782776, 31.4862575531, 31.9274368286, 32.3686180115, 32.8214035034, 33.2741928101, 33.7153739929, 34.1565513611, 34.5977325439, 35.0389099121, 35.480091095, 35.9212684631, 36.362449646, 36.8036270142, 37.244808197, 37.6975975037, 38.1503829956, 38.5915641785, 39.0327415466, 39.4739227295, 39.9151000977, 40.3562812805, 40.7974586487, 41.2386398315, 41.6798171997, 42.1209983826, 42.5621757507, 43.0149650574, 43.4561424255, 43.9089317322, 44.350112915, 44.7912902832, 45.2324714661, 45.6736488342, 46.1148300171, 46.5560073853, 46.9971885681, 47.4383659363, 47.8911552429, 48.3439445496, 48.7851219177, 49.2263031006, 49.6674804688, 50.1086616516, 50.5498390198, 50.9910202026, 51.4321975708, 51.8733787537, 52.3145561218, 52.7673454285, 53.2085266113, 53.6497039795, 54.0908851624, 54.5436706543, 54.9848518372, 55.4260292053, 55.8672103882, 56.3083877563, 56.7495689392, 57.1907463074, 57.6319274902, 58.0847167969, 58.525894165, 58.9670753479, 59.4082527161, 59.8610420227, 60.3022193909, 60.7434005737, 61.1845779419, 61.6257591248, 62.0669364929, 62.5081176758, 62.9492950439, 63.3904762268, 63.831653595, 64.2728347778, 64.714012146, 65.1668014526, 65.6195907593, 66.0607681274, 66.5019454956, 66.9431304932, 67.3843078613, 67.8254852295, 68.2666625977, 68.7078475952, 69.1490249634, 69.5902023315, 70.0429916382, 70.4957809448, 70.936958313, 71.3781356812, 71.8193206787, 72.2604980469, 72.701675415, 73.1428527832, 73.5840377808, 74.0252151489, 74.4663925171, 74.9075698853, 75.3487548828, 75.8015441895, 76.2427215576, 76.6955108643, 77.1366882324, 77.5778656006, 78.0190429688, 78.4602279663, 78.9014053345, 79.3425827026, 79.7837600708, 80.2249450684, 80.6661224365, 81.1072998047, 81.5484771729, 81.9896621704, 82.4308395386, 82.8836288452, 83.3364181519, 83.77759552, 84.2187728882, 84.6599502563, 85.1011352539, 85.5423126221, 85.9834899902, 86.4246673584, 86.865852356, 87.3070297241, 87.7482070923, 88.1893844604, 88.6305618286, 89.0717468262, 89.5129241943, 89.965713501, 90.4185028076, 90.8596801758, 91.3008575439, 91.7420425415, 92.1832199097, 92.6243972778, 93.065574646, 93.5067520142, 93.9479370117, 94.3891143799, 94.830291748, 95.2830810547, 95.7242584229, 96.1770477295, 96.6182327271, 97.0594100952, 97.5005874634, 97.9417648315, 98.3829498291, 98.8241271973, 99.2653045654, 99.7064819336, 100.147659302, 100.588844299, 101.030021667, 101.471199036, 101.912376404, 102.353561401, 102.79473877, 103.235916138, 103.677093506, 104.129882812, 104.582672119, 105.023849487, 105.465034485, 105.906211853, 106.347389221, 106.788566589, 107.229751587, 107.670928955, 108.112106323, 108.553283691, 108.994468689, 109.435646057, 109.876823425, 110.318000793, 110.759178162, 111.211967468, 111.664756775, 112.105941772, 112.547119141, 112.988296509, 113.429473877, 113.882263184, 114.474372864, 115.066482544, 115.658592224, 116.250701904, 116.854415894, 117.446525574, 118.038635254, 118.630744934, 119.222854614, 119.826576233, 120.407073975, 120.987571716, 121.579681396, 122.171791077, 122.752288818, 123.344398499, 123.936508179, 124.528617859, 125.039451599, 125.53868103, 126.037910461, 126.548751831, 127.07119751, 127.593650818, 128.116104126, 128.650161743, 129.18421936, 129.683441162, 130.182678223, 130.681900024, 131.239181519, 131.784851074, 132.33052063, 132.876190186, 133.410247803, 133.94430542, 134.478363037, 135.024032593, 135.523269653, 136.022491455, 136.521713257, 136.99772644, 137.473739624, 137.949752808, 138.425750732, 138.901763916, 139.389389038, 139.865386963, 140.341400146, 140.829025269, 141.32824707, 141.827484131, 142.338317871, 142.849151611, 143.36000061, 143.859222412, 144.358459473, 144.869293213, 145.368530273, 145.914199829, 146.459854126, 147.005523682, 147.551193237, 148.096862793, 148.63092041, 149.176589966, 149.722259521, 150.233108521, 150.743942261, 151.254776001, 151.777236938, 152.299682617, 152.822128296, 153.344573975, 153.855422974, 154.377868652, 154.946762085, 155.515640259, 156.084533691, 156.653427124, 157.222305298, 157.779586792, 158.336868286, 158.905761719, 159.474639893, 160.043533325, 160.612426758, 161.19291687, 161.761810303, 162.330703735, 162.911193848, 163.491699219, 164.072189331, 164.652694702, 165.244796753, 165.836914062, 166.429016113, 167.021133423, 167.601623535, 168.06602478, 168.542037964, 169.018051147, 169.482452393, 169.946838379, 170.411239624, 170.875640869, 171.328430176, 171.781219482, 172.234008789, 172.686798096, 173.139587402, 173.592376709, 174.033554077, 174.474731445, 174.915908813, 175.35710144, 175.798278809, 176.239456177, 176.680633545, 177.121810913, 177.562988281, 178.004165649, 178.445343018, 178.886520386, 179.327713013, 179.768890381, 180.210067749, 180.651245117, 181.092422485, 181.533599854, 181.974777222, 182.41595459, 182.857131958, 183.298324585, 183.739501953, 184.180679321, 184.621856689, 185.063034058, 185.504211426, 185.945388794, 186.386566162, 186.827758789, 187.268936157, 187.710113525, 188.151290894, 188.592468262, 189.03364563, 189.474822998, 189.916000366, 190.357177734, 190.798370361, 191.239547729, 191.692337036, 192.145126343, 192.586303711, 193.027481079, 193.468658447, 193.909835815, 194.351013184, 194.792190552, 195.23336792, 195.674560547, 196.115737915, 196.556915283, 196.998092651, 197.43927002, 197.880447388, 198.321624756, 198.762802124, 199.203994751, 199.645172119, 200.086349487, 200.527526855, 200.968704224, 201.409881592, 201.85105896, 202.292236328, 202.733413696, 203.174606323, 203.615783691, 204.05696106, 204.498138428, 204.939315796, 205.380493164, 205.821670532, 206.2628479, 206.704025269, 207.145217896, 207.586395264, 208.027572632, 208.46875, 208.909927368, 209.351104736, 209.792282104, 210.233459473, 210.6746521, 211.115829468, 211.557006836, 211.998184204, 212.439361572, 212.88053894, 213.321716309, 213.762893677, 214.204071045, 214.645263672, 215.08644104, 215.527618408, 215.968795776, 216.409973145, 216.851150513, 217.292327881, 217.733505249, 218.174682617, 218.615875244, 219.057052612, 219.49822998, 219.939407349, 220.380584717, 220.821762085, 221.262939453, 221.704116821, 222.145309448, 222.586486816, 223.027664185, 223.468841553, 223.910018921, 224.351196289, 224.792373657, 225.233551025, 225.674728394, 226.115921021, 226.557098389, 226.998275757, 227.451065063, 227.90385437, 228.368255615, 228.832641602, 229.308654785, 229.796279907, 230.283889771, 230.748291016, 231.201080322, 231.64225769, 232.083435059, 232.524627686, 232.965805054, 233.406982422, 233.84815979, 234.289337158, 234.730514526, 235.171691895, 235.612869263, 236.05406189, 236.495239258, 236.936416626, 237.377593994, 237.818771362, 238.25994873, 238.701126099, 239.142303467, 239.583480835, 240.024673462, 240.46585083, 240.907028198, 241.348205566, 241.789382935, 242.230560303, 242.671737671, 243.112915039, 243.554092407, 243.995285034, 244.436462402, 244.877639771, 245.318817139, 245.759994507, 246.201171875, 246.642349243, 247.083526611, 247.524719238, 247.965896606, 248.407073975, 248.848251343, 249.289428711, 249.730606079, 250.171783447, 250.612960815, 251.054138184, 251.495330811, 251.936508179, 252.377685547, 252.818862915, 253.260040283, 253.701217651, 254.14239502, 254.583572388, 255.024749756, 255.465942383, 255.907119751, 256.348297119, 256.789459229, 257.230651855, 257.671844482, 258.113006592, 258.554199219, 258.995361328, 259.436553955, 259.877716064, 260.318908691, 260.760070801, 261.201263428, 261.642456055, 262.083618164, 262.524810791, 262.9659729, 263.407165527, 263.848327637, 264.289520264, 264.730712891, 265.171875, 265.613067627, 266.054229736, 266.495422363, 266.936584473, 267.366149902, 267.807342529, 268.248535156, 268.689697266, 269.119262695, 269.560455322, 270.001617432, 270.442810059, 270.883972168, 271.325164795, 271.766357422, 272.207519531, 272.648712158, 273.089874268, 273.531066895, 273.972229004, 274.413421631, 274.85458374, 275.295776367, 275.736968994, 276.178131104, 276.61932373, 277.06048584, 277.501678467, 277.942840576, 278.384033203, 278.825195312, 279.266387939, 279.707580566, 280.148742676, 280.589935303, 281.031097412, 281.472290039, 281.913452148, 282.354644775, 282.795837402, 283.236999512, 283.678192139, 284.119354248, 284.560546875, 285.001708984, 285.442901611, 285.884063721, 286.325256348, 286.766448975, 287.207611084, 287.648803711, 288.08996582, 288.531158447, 288.972320557, 289.413513184, 289.854675293, 290.29586792, 290.737060547, 291.178222656, 291.619415283, 292.060577393, 292.490142822, 292.919708252, 293.360900879, 293.802093506, 294.243255615, 294.684448242, 295.125610352, 295.566802979, 296.007965088, 296.449157715, 296.890319824, 297.331512451, 297.772705078, 298.213867188, 298.655059814, 299.096221924, 299.537414551, 299.97857666, 300.419769287, 300.860961914, 301.302124023, 301.74331665, 302.18447876, 302.625671387, 303.066833496, 303.508026123, 303.949188232, 304.390380859, 304.831573486, 305.272735596, 305.713928223, 306.155090332, 306.596282959, 307.037445068, 307.467010498, 307.896606445, 308.337768555, 308.778961182, 309.220123291, 309.661315918, 310.102478027, 310.543670654, 310.984832764, 311.426025391, 311.867218018, 312.308380127, 312.749572754, 313.190734863, 313.63192749, 314.0730896, 314.514282227, 314.955444336, 315.396636963, 315.83782959, 316.278991699, 316.720184326, 317.161346436, 317.602539062, 318.043701172, 318.473297119, 318.914459229, 319.355651855, 319.796813965, 320.238006592, 320.667572021, 321.108734131, 321.549926758, 321.991119385, 322.432281494, 322.873474121, 323.31463623, 323.755828857, 324.196990967, 324.638183594, 325.079345703, 325.52053833, 325.961730957, 326.402893066, 326.844085693, 327.285247803, 327.72644043, 328.167602539, 328.608795166, 329.049957275, 329.491149902, 329.932342529, 330.361907959, 330.791473389, 331.232635498, 331.673828125, 332.114990234, 332.556182861, 332.997375488, 333.438537598, 333.879730225, 334.320892334, 334.762084961, 335.20324707, 335.644439697, 336.085632324, 336.526794434, 336.967987061, 337.40914917, 337.850341797, 338.291503906, 338.732696533, 339.173858643, 339.61505127, 340.056243896, 340.497406006, 340.938598633, 341.368164062, 341.797729492, 342.238891602, 342.680084229, 343.121276855, 343.562438965, 344.003631592, 344.444793701, 344.885986328, 345.327148438, 345.768341064, 346.209503174, 346.650695801, 347.091888428, 347.533050537, 347.974243164, 348.415405273, 348.8565979, 349.28616333, 349.71572876, 350.156921387, 350.598083496, 351.039276123, 351.480438232, 351.921630859, 352.362792969, 352.803985596, 353.245178223, 353.686340332, 354.127532959, 354.568695068, 355.009887695, 355.451049805, 355.892242432, 356.333404541, 356.774597168, 357.215789795, 357.656951904, 358.098144531, 358.527709961, 358.957275391, 359.3984375, 359.839630127, 360.280822754, 360.721984863, 361.16317749, 361.6043396, 362.045532227, 362.486694336, 362.927886963], "beats_loudness": {"dmean2": 0.0578271746635, "median": 0.072665899992, "min": 0.00258154189214, "dvar2": 0.00562625424936, "dvar": 0.00208218558691, "dmean": 0.0330858901143, "max": 0.472069352865, "var": 0.0212512724102, "mean": 0.158366590738}, "danceability": 1.74927461147, "bpm_histogram_second_peak_weight": {"dmean2": 0, "median": 0.0213299877942, "min": 0.0213299877942, "dvar2": 0, "dvar": 0, "dmean": 0, "max": 0.0213299877942, "var": 0, "mean": 0.0213299877942}, "beats_count": 798, "bpm_histogram_second_peak_bpm": {"dmean2": 0, "median": 101, "min": 101, "dvar2": 0, "dvar": 0, "dmean": 0, "max": 101, "var": 0, "mean": 101}, "bpm_histogram_first_peak_spread": {"dmean2": 0, "median": 0.102189779282, "min": 0.102189779282, "dvar2": 0, "dvar": 0, "dmean": 0, "max": 0.102189779282, "var": 0, "mean": 0.102189779282}, "beats_loudness_band_ratio": {"dmean2": [0.180704861879, 0.086362361908, 0.0856840237975, 0.0790732055902, 0.0421074964106, 0.08346054703], "median": [0.541616201401, 0.0404867716134, 0.0429305769503, 0.0729496032, 0.0378309190273, 0.0390948876739], "min": [0.00134387752041, 0.000259803869994, 2.49151780736e-05, 2.79579071503e-05, 3.56002492481e-05, 1.03494840005e-05], "dvar2": [0.0435405299067, 0.0152366235852, 0.0143658770248, 0.0144397132099, 0.00417435355484, 0.0164168570191], "dvar": [0.0161308702081, 0.0050010276027, 0.00522944238037, 0.00538026355207, 0.00135542557109, 0.00597890326753], "dmean": [0.104034684598, 0.0485401451588, 0.0489227473736, 0.0466365739703, 0.0244829617441, 0.0484081916511], "max": [0.999541938305, 0.670508265495, 0.568277955055, 0.682521343231, 0.47845390439, 0.963269352913], "var": [0.110311724246, 0.0104357590899, 0.0129536855966, 0.0131311072037, 0.00243238778785, 0.0199963413179], "mean": [0.598414540291, 0.0770357847214, 0.0889949575067, 0.0995911508799, 0.0474311001599, 0.110368065536]}}, "lowlevel": {"barkbands_spread": {"dmean2": 14.6309890747, "median": 25.4534950256, "min": 0.0655711814761, "dvar2": 424.309509277, "dvar": 213.946640015, "dmean": 10.4623270035, "max": 131.186691284, "var": 646.179626465, "mean": 31.5710544586}, "melbands_spread": {"dmean2": 11.6903829575, "median": 21.2814331055, "min": 0.124678008258, "dvar2": 286.819458008, "dvar": 131.141113281, "dmean": 7.83445310593, "max": 220.270355225, "var": 393.411437988, "mean": 22.975982666}, "hfc": {"dmean2": 46.3737220764, "median": 38.285785675, "min": 0.118934102356, "dvar2": 6712.97607422, "dvar": 2873.28173828, "dmean": 31.2049236298, "max": 606.934326172, "var": 4370.00927734, "mean": 61.3343772888}, "barkbands_kurtosis": {"dmean2": 46.7837104797, "median": 1.56107950211, "min": -1.92846620083, "dvar2": 52044.3867188, "dvar": 22187.1015625, "dmean": 32.2839431763, "max": 3610.56396484, "var": 27196.3710938, "mean": 40.0491142273}, "gfcc": {"mean": [61.7241783142, 49.7072639465, -79.5195083618, 13.7023258209, -35.3981018066, 25.1917591095, -28.3023147583, 21.8630199432, -21.4724998474, 8.50240898132, -11.4531335831, 11.9353084564, -9.34696006775], "icov": [[0.00051913713105, 0.000482547591673, 0.000305381545331, 2.3020489607e-05, -0.000285152724246, 1.7670525267e-05, -0.000425513047958, 0.000410661479691, 0.000398329633754, -0.000342676590662, 0.000525706505869, -0.000259925931459, 0.00085843942361], [0.000482547591673, 0.00152346759569, 0.000383642618544, 0.00011724079377, -0.000515927851666, 0.000230525693041, -0.00024785057758, -0.000180167160579, -0.000369379733456, 0.00153318047523, -0.00167559867259, 0.0017104356084, -0.000782828137744], [0.000305381545331, 0.000383642618544, 0.00295121758245, -0.000195040774997, -0.0017311720876, -0.00127581506968, 0.000201337243197, 0.000385942606954, -0.000697001290973, -0.00243440596387, 0.00241855462082, -0.00185036775656, 0.00147816981189], [2.3020489607e-05, 0.00011724079377, -0.000195040774997, 0.00446173734963, -0.00214628060348, -0.00221922574565, 0.000523856899235, 0.00039763134555, -0.00126577389892, -0.000344937609043, 0.00082674191799, 0.00178378308192, -0.000970124267042], [-0.000285152724246, -0.000515927851666, -0.0017311720876, -0.00214628060348, 0.00965997669846, -0.00159189489204, -0.00297865946777, -0.000737804395612, -0.000713972316589, 0.00224156584591, -0.00302663631737, 0.00116030557547, 0.000511382822879], [1.7670525267e-05, 0.000230525693041, -0.00127581506968, -0.00221922574565, -0.00159189489204, 0.0127618312836, -0.00299154431559, -0.00443565659225, 0.00336869922467, -0.00360085908324, 0.00201670778915, -0.00265928497538, 4.505600009e-05], [-0.000425513047958, -0.00024785057758, 0.000201337243197, 0.000523856899235, -0.00297865946777, -0.00299154431559, 0.0107677439228, -0.00118285254575, -0.00455788290128, 0.00352693395689, -0.00154057540931, -0.00149845192209, -0.00220739794895], [0.000410661479691, -0.000180167160579, 0.000385942606954, 0.00039763134555, -0.000737804395612, -0.00443565659225, -0.00118285254575, 0.0142062269151, -0.00373762566596, -6.28272464382e-05, 0.0019558230415, -0.00259429565631, 0.00163495028391], [0.000398329633754, -0.000369379733456, -0.000697001290973, -0.00126577389892, -0.000713972316589, 0.00336869922467, -0.00455788290128, -0.00373762566596, 0.0209189224988, -0.0101350778714, -0.00219785585068, 0.00447042612359, -0.00429385434836], [-0.000342676590662, 0.00153318047523, -0.00243440596387, -0.000344937609043, 0.00224156584591, -0.00360085908324, 0.00352693395689, -6.28272464382e-05, -0.0101350778714, 0.0238063093275, -0.00974391680211, -0.00281892647035, 0.00488313566893], [0.000525706505869, -0.00167559867259, 0.00241855462082, 0.00082674191799, -0.00302663631737, 0.00201670778915, -0.00154057540931, 0.0019558230415, -0.00219785585068, -0.00974391680211, 0.0256289206445, -0.0106412013993, 0.000610486371443], [-0.000259925931459, 0.0017104356084, -0.00185036775656, 0.00178378308192, 0.00116030557547, -0.00265928497538, -0.00149845192209, -0.00259429565631, 0.00447042612359, -0.00281892647035, -0.0106412013993, 0.0316454805434, -0.0158619638532], [0.00085843942361, -0.000782828137744, 0.00147816981189, -0.000970124267042, 0.000511382822879, 4.505600009e-05, -0.00220739794895, 0.00163495028391, -0.00429385434836, 0.00488313566893, 0.000610486371443, -0.0158619638532, 0.0339281968772]], "cov": [[4505.15771484, -2076.49853516, 237.857498169, 65.3815536499, -17.1365909576, 141.107559204, -30.5814971924, -109.259399414, -156.044372559, 146.51499939, -197.487197876, 36.3239631653, -187.3465271], [-2076.49853516, 2049.09814453, -574.070617676, -162.870559692, -17.4016189575, -229.450881958, 33.6419219971, -2.94780731201, 37.174495697, -226.764465332, 129.33821106, -94.3096923828, 113.992912292], [237.857498169, -574.070617676, 968.843017578, 334.121612549, 274.574554443, 322.559661865, 129.71762085, 130.441070557, 124.387969971, 213.190811157, -10.5168190002, 88.7163238525, -27.6092605591], [65.3815536499, -162.870559692, 334.121612549, 442.138366699, 204.394622803, 196.758132935, 100.296043396, 80.7340087891, 81.564239502, 84.0751800537, -2.33808302879, 19.1285514832, -0.827002882957], [-17.1365909576, -17.4016189575, 274.574554443, 204.394622803, 265.883850098, 152.93913269, 131.858581543, 79.9365081787, 74.0400772095, 54.8986816406, 27.0913448334, 29.3527622223, 9.13442707062], [141.107559204, -229.450881958, 322.559661865, 196.758132935, 152.93913269, 248.005722046, 107.974723816, 97.0087814331, 55.7796020508, 91.3070068359, 3.72423005104, 51.2542953491, 0.237213283777], [-30.5814971924, 33.6419219971, 129.71762085, 100.296043396, 131.858581543, 107.974723816, 193.652435303, 68.7851867676, 67.9269180298, 28.1287117004, 31.5569648743, 35.7770347595, 26.6267185211], [-109.259399414, -2.94780731201, 130.441070557, 80.7340087891, 79.9365081787, 97.0087814331, 68.7851867676, 123.665878296, 52.4168663025, 39.6445808411, 14.0317716599, 26.6251602173, 9.62722206116], [-156.044372559, 37.174495697, 124.387969971, 81.564239502, 74.0400772095, 55.7796020508, 67.9269180298, 52.4168663025, 111.282821655, 61.9969787598, 36.2066841125, 18.7056503296, 15.6766576767], [146.51499939, -226.764465332, 213.190811157, 84.0751800537, 54.8986816406, 91.3070068359, 28.1287117004, 39.6445808411, 61.9969787598, 131.271896362, 28.9609222412, 38.9946746826, -10.1902008057], [-197.487197876, 129.33821106, -10.5168190002, -2.33808302879, 27.0913448334, 3.72423005104, 31.5569648743, 14.0317716599, 36.2066841125, 28.9609222412, 81.8585662842, 28.7438240051, 21.7152576447], [36.3239631653, -94.3096923828, 88.7163238525, 19.1285514832, 29.3527622223, 51.2542953491, 35.7770347595, 26.6251602173, 18.7056503296, 38.9946746826, 28.7438240051, 70.3660888672, 23.2559452057], [-187.3465271, 113.992912292, -27.6092605591, -0.827002882957, 9.13442707062, 0.237213283777, 26.6267185211, 9.62722206116, 15.6766576767, -10.1902008057, 21.7152576447, 23.2559452057, 53.0864257812]]}, "spectral_energyband_middle_low": {"dmean2": 0.00735034886748, "median": 0.0063841114752, "min": 4.50758634543e-05, "dvar2": 0.000163188495208, "dvar": 5.93367076362e-05, "dmean": 0.00438377633691, "max": 0.0901523977518, "var": 7.93785147835e-05, "mean": 0.00938304420561}, "melbands_crest": {"dmean2": 4.68171453476, "median": 18.0519447327, "min": 2.34308409691, "dvar2": 27.8683662415, "dvar": 13.8620471954, "dmean": 3.39154267311, "max": 36.4679336548, "var": 95.8219680786, "mean": 19.5390014648}, "spectral_kurtosis": {"dmean2": 1.93733298779, "median": 2.97124528885, "min": -1.01689636707, "dvar2": 12.9098834991, "dvar": 4.94552850723, "dmean": 1.24707913399, "max": 75.5781326294, "var": 17.0282077789, "mean": 4.05565214157}, "spectral_rms": {"dmean2": 0.0014953474747, "median": 0.00692855799571, "min": 0.000577964703552, "dvar2": 2.45623436967e-06, "dvar": 2.46124614023e-06, "dmean": 0.00139731459785, "max": 0.0218813102692, "var": 2.19621961151e-05, "mean": 0.0083571607247}, "zerocrossingrate": {"dmean2": 0.0230633355677, "median": 0.07373046875, "min": 0.001953125, "dvar2": 0.000804752635304, "dvar": 0.000750483188313, "dmean": 0.0222968459129, "max": 0.59033203125, "var": 0.00500957993791, "mean": 0.0888253524899}, "silence_rate_60dB": {"dmean2": 0.0063942708075, "median": 0, "min": 0, "dvar2": 0.00827021989971, "dvar": 0.00318755768239, "dmean": 0.00319693097845, "max": 1, "var": 0.00325051904656, "mean": 0.0032606611494}, "erbbands_kurtosis": {"dmean2": 1.46085500717, "median": 0.0484464168549, "min": -1.78155791759, "dvar2": 5.92019844055, "dvar": 2.92345023155, "dmean": 0.955529510975, "max": 40.4120178223, "var": 5.65777730942, "mean": 0.563452124596}, "erbbands": {"dmean2": [1.08248364925, 6.75273275375, 13.339761734, 11.4270906448, 7.71559333801, 7.16539049149, 7.14698076248, 15.1063976288, 19.3865890503, 14.426035881, 16.1488170624, 44.2746772766, 32.4868164062, 53.3971748352, 81.4253387451, 31.8862953186, 41.5472602844, 41.2244415283, 37.37266922, 25.4561901093, 26.3482341766, 36.1534919739, 32.3289146423, 20.6586380005, 17.7560348511, 13.4473686218, 12.5030908585, 12.2793931961, 9.56352806091, 8.56129074097, 8.61425304413, 6.91866970062, 7.62313556671, 7.83641576767, 9.07899951935, 5.57013607025, 2.81179594994, 0.54870390892, 0.0487537384033, 0.00163800292648], "median": [0.749471664429, 1.9858199358, 1.9873790741, 1.91656076908, 2.53969693184, 3.06546187401, 4.17527484894, 8.79106807709, 8.63916778564, 8.61097240448, 6.65966558456, 18.2006397247, 17.5987110138, 21.8821964264, 38.9567947388, 18.7118282318, 21.6582565308, 18.301076889, 15.9804334641, 13.7817029953, 16.0202121735, 20.6574211121, 18.2001781464, 11.8835430145, 9.04467391968, 7.78281259537, 6.13542366028, 5.41533946991, 4.98791694641, 4.86659288406, 4.66503190994, 4.58241176605, 4.17968225479, 3.70994329453, 2.70893955231, 1.86595654488, 0.689166605473, 0.117695435882, 0.0115476995707, 0.000564753776416], "min": [1.45891590364e-06, 7.83812083682e-06, 0.000173478998477, 0.00246401177719, 0.00294360332191, 0.00300514395349, 0.0122062787414, 0.0495298318565, 0.0481469258666, 0.0338333137333, 0.0466013029218, 0.0275066383183, 0.0501395054162, 0.0333651974797, 0.0551164373755, 0.0418650321662, 0.0612011961639, 0.0757944658399, 0.0759791582823, 0.0524897240102, 0.05590961501, 0.0644883438945, 0.0441950298846, 0.0336804352701, 0.0111545529217, 0.010893332772, 0.00416410109028, 0.00198284327053, 0.000640475482214, 0.000324617489241, 0.000245167029789, 0.000157856047736, 0.000114879119792, 8.89997900231e-05, 4.10412612837e-05, 3.16792538797e-05, 1.272406098e-05, 3.00443389278e-06, 2.51767437476e-06, 5.03520993789e-07], "dvar2": [4.23990297318, 214.719696045, 1372.00646973, 946.993774414, 289.49508667, 200.259109497, 162.521194458, 494.911254883, 1087.38867188, 719.880432129, 943.880493164, 4741.28173828, 2209.97949219, 7592.84082031, 16992.7792969, 2025.20910645, 3591.47143555, 4223.31103516, 3641.89599609, 1422.49145508, 1537.17785645, 2780.62646484, 2109.56640625, 913.988647461, 733.665893555, 404.193908691, 371.52230835, 378.178497314, 226.825119019, 192.001602173, 197.80166626, 113.090072632, 127.767799377, 157.570220947, 369.227294922, 113.944946289, 38.6943473816, 1.69962728024, 0.0121972439811, 1.54187146109e-05], "dvar": [4.44694137573, 135.015762329, 510.778259277, 331.399871826, 101.20059967, 72.2907714844, 62.639125824, 232.773178101, 425.059539795, 365.002807617, 393.331298828, 2057.73901367, 927.822753906, 2979.26220703, 6630.08398438, 799.117919922, 1390.12609863, 1516.94787598, 1297.38024902, 517.312316895, 595.085876465, 1063.42138672, 826.191467285, 359.072021484, 287.581298828, 167.41343689, 150.776870728, 162.790710449, 95.1155166626, 90.8477554321, 87.2733840942, 53.2947006226, 65.8731155396, 79.6429977417, 146.429794312, 46.6349945068, 15.0757045746, 0.715451061726, 0.00579358451068, 9.47007538343e-06], "dmean": [1.16324257851, 5.63253259659, 7.92954921722, 6.24859189987, 4.38312005997, 4.15078496933, 4.36873579025, 9.73890686035, 11.6356039047, 9.63467788696, 9.90084075928, 27.7426719666, 20.2101516724, 32.1834373474, 49.9747962952, 19.2495803833, 24.9651641846, 23.9885063171, 21.5963916779, 15.1318912506, 16.1970748901, 21.8278312683, 19.7390174866, 12.6560049057, 10.6989479065, 8.30262851715, 7.66187810898, 7.70456361771, 5.96565628052, 5.56156587601, 5.60084962845, 4.65519762039, 5.19335603714, 5.21174192429, 5.74312639236, 3.62722468376, 1.76306343079, 0.348954617977, 0.031295593828, 0.00107632111758], "max": [20.8708438873, 105.558616638, 194.32989502, 159.818054199, 205.981506348, 262.091491699, 157.293746948, 401.145446777, 408.215667725, 568.981933594, 393.184417725, 924.639648438, 523.266235352, 1251.03637695, 2091.26782227, 412.544036865, 646.803466797, 870.396606445, 373.363555908, 286.015289307, 385.350738525, 587.901245117, 726.399414062, 349.836730957, 235.852264404, 176.292633057, 156.950592041, 209.667526245, 117.903762817, 145.004272461, 144.763809204, 136.1065979, 109.517250061, 136.50163269, 133.36000061, 77.8464126587, 42.7634048462, 9.71521282196, 0.997668027878, 0.0404487922788], "var": [21.758058548, 343.869384766, 388.599243164, 209.474914551, 83.8823013306, 88.0494308472, 100.900848389, 802.488952637, 1135.30981445, 1186.23510742, 689.626647949, 3398.73461914, 2118.23388672, 5899.65771484, 10393.8994141, 1511.5637207, 2747.07080078, 2699.78076172, 1475.89440918, 697.222412109, 804.758300781, 1428.4317627, 1989.22839355, 478.942657471, 328.717987061, 229.000045776, 181.599853516, 209.274047852, 138.683929443, 153.464447021, 158.965164185, 120.781326294, 129.582000732, 131.759063721, 152.846054077, 57.3689041138, 17.1757621765, 1.06331706047, 0.0128660295159, 2.8390537409e-05], "mean": [2.81099486351, 10.3088178635, 7.65391206741, 5.95271587372, 5.59295415878, 6.29596853256, 7.62778186798, 19.0631790161, 21.0275821686, 18.7266807556, 14.608795166, 38.2693710327, 35.129447937, 50.3986206055, 72.6823348999, 32.4849090576, 40.062297821, 38.2248497009, 29.471660614, 22.7519721985, 25.0800037384, 32.1309967041, 33.3575897217, 18.6846694946, 14.8258123398, 12.6945705414, 10.5434522629, 10.5849714279, 9.18912887573, 9.39658737183, 9.66251182556, 8.993193626