{"tonal": {"thpcp": [1, 0.882850408554, 0.588646769524, 0.293935388327, 0.242029547691, 0.303334981203, 0.428999036551, 0.464037179947, 0.338725656271, 0.215032592416, 0.179491400719, 0.182191416621, 0.183883756399, 0.166914463043, 0.124728627503, 0.0941360741854, 0.109738819301, 0.145497009158, 0.161175519228, 0.151433676481, 0.151733845472, 0.142916336656, 0.144338399172, 0.179118782282, 0.192469626665, 0.214556887746, 0.279765933752, 0.287029892206, 0.226628795266, 0.173344358802, 0.156682953238, 0.196154370904, 0.253722518682, 0.276003241539, 0.602430641651, 0.996704638004], "hpcp": {"dmean2": [0.156415984035, 0.163162261248, 0.15729996562, 0.117082707584, 0.0825047269464, 0.0840847343206, 0.121617034078, 0.14325812459, 0.128120213747, 0.129283189774, 0.127466008067, 0.134892046452, 0.161870375276, 0.158046066761, 0.150261133909, 0.183223113418, 0.189573168755, 0.186814323068, 0.156741708517, 0.144445538521, 0.176030561328, 0.204135164618, 0.202870413661, 0.264871150255, 0.338485062122, 0.402216464281, 0.460925519466, 0.413279175758, 0.189105927944, 0.183969467878, 0.254640042782, 0.262813478708, 0.290179818869, 0.283079981804, 0.216042548418, 0.165349707007], "median": [0.0140763660893, 0.011627077125, 0.0078704841435, 0.00617951340973, 0.00610507838428, 0.00831484142691, 0.0101969782263, 0.0104672405869, 0.0112960366532, 0.0175742823631, 0.0166336949915, 0.0109517043456, 0.0103894444183, 0.0108567839488, 0.0124580273405, 0.014909196645, 0.0178011134267, 0.0154798105359, 0.0100726485252, 0.00633854977787, 0.00739061832428, 0.0104265250266, 0.0135638881475, 0.08027664572, 0.148641169071, 0.361716508865, 0.123949795961, 0.0562974773347, 0.0157926026732, 0.0147646721452, 0.0208544097841, 0.0235723443329, 0.0203428324312, 0.016319481656, 0.0145823108032, 0.0131415901706], "min": [0, 0, 0, 0, 0, 0, 0, 0, 0, 0, 0, 0, 0, 0, 0, 0, 0, 0, 0, 0, 0, 0, 0, 0, 0, 0, 0, 0, 0, 0, 0, 0, 0, 0, 0, 0], "dvar2": [0.087826743722, 0.0839389190078, 0.0823398828506, 0.0528347976506, 0.0404046326876, 0.0351533032954, 0.0530824102461, 0.063445135951, 0.0515487752855, 0.05616787076, 0.0569489337504, 0.0633115321398, 0.0880416855216, 0.0835791155696, 0.0705488026142, 0.0986497625709, 0.0947808027267, 0.0966467484832, 0.088391341269, 0.0845182016492, 0.111304298043, 0.12172678113, 0.110481806099, 0.128298923373, 0.166996076703, 0.193757221103, 0.212397605181, 0.203052461147, 0.0712644979358, 0.0903558731079, 0.135307401419, 0.135633260012, 0.151605546474, 0.146269470453, 0.12641415, 0.0861053094268], "dvar": [0.032150182873, 0.0307302512228, 0.0301874279976, 0.0188523028046, 0.0141603089869, 0.0127823967487, 0.0191692207009, 0.0226933006197, 0.0183329898864, 0.0202314294875, 0.020271120593, 0.022743601352, 0.0320529043674, 0.0301179867238, 0.0260906405747, 0.0368273444474, 0.0364134125412, 0.0359968319535, 0.0325887650251, 0.0312663540244, 0.0406142026186, 0.0456152036786, 0.0429199412465, 0.0521394498646, 0.076050773263, 0.0760030001402, 0.0928717926145, 0.0861798152328, 0.0285484883934, 0.033977676183, 0.0516215078533, 0.0579234100878, 0.0693625286222, 0.0601240135729, 0.0455686897039, 0.0316900387406], "dmean": [0.0868145003915, 0.0901271998882, 0.0856479033828, 0.0635500401258, 0.0451177954674, 0.0464449115098, 0.0669457763433, 0.078369833529, 0.0698028504848, 0.0707618966699, 0.0694544836879, 0.0731802359223, 0.0885063260794, 0.0873479023576, 0.0851059183478, 0.103409849107, 0.10744163394, 0.103559449315, 0.0866617187858, 0.078705817461, 0.0959177166224, 0.112040534616, 0.112793467939, 0.148015528917, 0.190847724676, 0.228332653642, 0.263932526112, 0.235212355852, 0.109235867858, 0.102745823562, 0.139648035169, 0.161106735468, 0.165926352143, 0.159455701709, 0.116744011641, 0.0905924737453], "max": [1, 1, 1, 1, 1, 1, 1, 1, 1, 1, 1, 1, 1, 1, 1, 1, 1, 1, 1, 1, 1, 1, 1, 1, 1, 1, 1, 1, 1, 1, 1, 1, 1, 1, 1, 1], "var": [0.0244663562626, 0.0233405418694, 0.0217168927193, 0.0128727955744, 0.00944159924984, 0.0115239573643, 0.0161880049855, 0.0169177670032, 0.0134421270341, 0.0144632048905, 0.0137500176206, 0.0160237252712, 0.0245368219912, 0.0267915148288, 0.029062980786, 0.0486343577504, 0.0435347482562, 0.0312442854047, 0.0246813073754, 0.0235638357699, 0.0311399828643, 0.0432184264064, 0.0484658367932, 0.0678867250681, 0.17215654254, 0.110180400312, 0.143182858825, 0.102221421897, 0.0419728085399, 0.036075219512, 0.0474624484777, 0.0786520391703, 0.0911659598351, 0.0555184520781, 0.0306239016354, 0.0234214048833], "mean": [0.0692706927657, 0.0699141323566, 0.0634622648358, 0.0474228598177, 0.0357913188636, 0.0417236126959, 0.0553191713989, 0.0612802729011, 0.0575763434172, 0.0576904714108, 0.054337978363, 0.0548786595464, 0.0681024491787, 0.0731785520911, 0.0815763100982, 0.106369331479, 0.109131149948, 0.0861661508679, 0.0659069642425, 0.0595721639693, 0.0745795220137, 0.0964674055576, 0.104938723147, 0.229049131274, 0.37895539403, 0.380208313465, 0.335667073727, 0.223808392882, 0.111756674945, 0.0920216441154, 0.115330480039, 0.163109004498, 0.176430791616, 0.128786310554, 0.0817571803927, 0.0682441219687]}, "tuning_equal_tempered_deviation": 0.252377361059, "chords_changes_rate": 0.104130163789, "key_key": "F", "tuning_diatonic_strength": 0.482797503471, "key_scale": "major", "chords_number_rate": 0.0032540676184, "tuning_frequency": 434.193115234, "tuning_nontempered_energy_ratio": 0.8417532444, "chords_histogram": [5.6320400238, 0.450563192368, 11.9899873734, 5.08135175705, 0.450563192368, 1.55193996429, 4.13016271591, 0.375469326973, 1.70212769508, 0.175219029188, 0, 0, 0.275344192982, 0.350438058376, 1.02628290653, 3.02878594398, 18.2728404999, 7.05882358551, 0, 1.27659571171, 0, 0.475594490767, 11.1889858246, 25.5068836212], "key_strength": 0.46604269743, "chords_key": "D", "chords_strength": {"dmean2": 0.0137687651441, "median": 0.46416836977, "min": -1, "dvar2": 0.00116706930567, "dvar": 0.000602041312959, "dmean": 0.0114555694163, "max": 0.699109375477, "var": 0.0109890149906, "mean": 0.466326355934}, "chords_scale": "minor", "hpcp_entropy": {"dmean2": 1.38342511654, "median": 2.15681362152, "min": 0, "dvar2": 1.14557290077, "dvar": 0.441044926643, "dmean": 0.831729114056, "max": 4.81008815765, "var": 1.15012788773, "mean": 2.23359537125}}, "metadata": {"audio_properties": {"equal_loudness": 0, "codec": "flac", "downmix": "mix", "analysis_sample_rate": 44100, "bit_rate": 0, "md5_encoded": "9f96589ef94f6fac5017f993522f739e", "length": 185.440002441, "replay_gain": -16.1547603607, "lossless": true}, "version": {"essentia_build_sha": "8c2fd3ff3b9381f962a27951d857ce39398228bf", "essentia": "2.1-beta1", "extractor": "music 1.0", "essentia_git_sha": "v2.1_beta1-7-ge0e83e8"}, "tags": {"title": ["Never Leave You (Uh-Oooh)"], "barcode": ["602498097069"], "media": ["CD"], "albumartist": ["[various]"], "tracktotal": ["20"], "language": ["eng"], "releasetype": ["compilation"], "musicbrainz_recordingid": ["145174e3-05ec-4d9f-a691-3b82a71331ed"], "replaygain_album_peak": ["1.00000000"], "albumsort": ["Ride da Riddims"], "musicbrainz_discid": ["DbFGaTJrmi7IRaf8ZdwfQzLnyN0-"], "musicbrainz_albumartistid": ["89ad4ac3-39f7-470e-963a-56509c546377"], "replaygain_album_gain": ["-10.32 dB"], "discnumber": ["1"], "totaldiscs": ["2"], "catalognumber": ["980970-6"], "replaygain_track_gain": ["-10.32 dB"], "releasecountry": ["GB"], "file_name": "1-02 - Lumidee - Never Leave You (Uh-Oooh).flac", "compilation": ["1"], "originaldate": ["2003"], "replaygain_track_peak": ["1.00000000"], "albumartistsort": ["[various]"], "date": ["2003"], "genre": ["Reggae", "Dancehall"], "disctotal": ["2"], "discsubtitle": ["New Runnin's"], "titlesort": ["Never Leave You (Uh-Oooh)"], "musicbrainz_artistid": ["0fc6441d-ee08-4088-8a70-1d6ed2ad5a35"], "asin": ["B0000AISLN"], "musicbrainz_albumid": ["90adf86e-ff2a-4a1b-833a-1ce80b47fd1f"], "artist": ["Lumidee"], "tracknumber": ["2"], "replaygain_reference_loudness": ["89.0 dB"], "artistsort": ["Lumidee"], "album": ["Ride da Riddims"], "label": ["Universal Music TV"], "releasestatus": ["official"], "acoustid_id": ["6470ce8c-d7d9-4e60-a7a0-7d2eb2c24d50"], "script": ["Latn"], "totaltracks": ["20"]}}, "rhythm": {"bpm_histogram_first_peak_bpm": {"dmean2": 0, "median": 99, "min": 99, "dvar2": 0, "dvar": 0, "dmean": 0, "max": 99, "var": 0, "mean": 99}, "bpm": 100.017097473, "bpm_histogram_second_peak_spread": {"dmean2": 0, "median": 0, "min": 0, "dvar2": 0, "dvar": 0, "dmean": 0, "max": 0, "var": 0, "mean": 0}, "bpm_histogram_first_peak_weight": {"dmean2": 0, "median": 0.654723107815, "min": 0.654723107815, "dvar2": 0, "dvar": 0, "dmean": 0, "max": 0.654723107815, "var": 0, "mean": 0.654723107815}, "onset_rate": 4.78815174103, "beats_position": [0.557278871536, 1.13777780533, 1.71827661991, 2.32199549675, 2.92571425438, 3.52943301201, 4.13315200806, 4.73687076569, 5.34058952332, 5.93269824982, 6.52480697632, 7.12852573395, 7.73224496841, 8.33596324921, 8.92807197571, 9.53179073334, 10.1355104446, 10.7276191711, 11.3313379288, 11.9350566864, 12.538775444, 13.1308841705, 13.722992897, 14.3267116547, 14.9304304123, 15.5341491699, 16.1378688812, 16.7415866852, 17.3453063965, 17.9374141693, 18.5295238495, 19.1332416534, 19.7369613647, 20.3290691376, 20.9211788177, 21.5248966217, 22.128616333, 22.7323360443, 23.3360538483, 23.9397735596, 24.5434913635, 25.1356010437, 25.7277088165, 26.3314285278, 26.9351463318, 27.5388660431, 28.1309738159, 28.7230834961, 29.3268013, 29.9305210114, 30.5342407227, 31.1379585266, 31.7416782379, 32.3337860107, 32.9258956909, 33.5296134949, 34.1333312988, 34.7370529175, 35.329158783, 35.9212684631, 36.5249862671, 37.1287078857, 37.7324256897, 38.3361434937, 38.9398651123, 39.5319709778, 40.124080658, 40.7277984619, 41.3315200806, 41.9352378845, 42.5273475647, 43.1310653687, 43.7231750488, 44.3268928528, 44.9306106567, 45.5343284607, 46.1380500793, 46.7301597595, 47.322265625, 47.9259872437, 48.5297050476, 49.1218147278, 49.7139205933, 50.3176422119, 50.9213600159, 51.5250778198, 52.1171875, 52.7325172424, 53.3246231079, 53.9167327881, 54.5204544067, 55.1241722107, 55.7278900146, 56.3199996948, 56.912109375, 57.5390472412, 58.1427650452, 58.7348747253, 59.3269844055, 59.9307022095, 60.5228118896, 61.1149177551, 61.7186393738, 62.3223571777, 62.9260749817, 63.5181846619, 64.1102905273, 64.714012146, 65.3177337646, 65.9214477539, 66.5251693726, 67.1288909912, 67.720993042, 68.3131027222, 68.9168243408, 69.5205459595, 70.1242599487, 70.7279815674, 71.3200912476, 71.9238052368, 72.515914917, 73.1196365356, 73.7233581543, 74.3270721436, 74.9307937622, 75.5229034424, 76.1150131226, 76.7187271118, 77.3224487305, 77.9261627197, 78.5182723999, 79.133605957, 79.7257156372, 80.3178253174, 80.9215393066, 81.5252609253, 82.1289749146, 82.7210845947, 83.3131942749, 83.9169158936, 84.5206298828, 85.1243515015, 85.7164611816, 86.3317871094, 86.9238967896, 87.5276184082, 88.1197280884, 88.7234420776, 89.3271636963, 89.9308853149, 90.5345993042, 91.1383209229, 91.7420425415, 92.3341445923, 92.9262542725, 93.5299758911, 94.1336975098, 94.737411499, 95.3179092407, 95.9216308594, 96.525352478, 97.1290664673, 97.7327880859, 98.3365097046, 98.9402236938, 99.5439453125, 100.124443054, 100.728164673, 101.331878662, 101.935600281, 102.527709961, 103.119819641, 103.72353363, 104.327255249, 104.919364929, 105.523078918, 106.115188599, 106.718910217, 107.322631836, 107.926345825, 108.530067444, 109.122177124, 109.714286804, 110.318000793, 110.921722412, 111.525436401, 112.117546082, 112.732879639, 113.324989319, 113.917098999, 114.520812988, 115.124534607, 115.728248596, 116.331970215, 116.912467957, 117.516189575, 118.119903564, 118.723625183, 119.315734863, 119.931060791, 120.523170471, 121.115280151, 121.71900177, 122.322715759, 122.926437378, 123.50693512, 124.110656738, 124.714370728, 125.318092346, 125.921813965, 126.525527954, 127.129249573, 127.721359253, 128.313461304, 128.917190552, 129.520904541, 130.12461853, 130.71673584, 131.308837891, 131.912567139, 132.516281128, 133.119995117, 133.723709106, 134.327438354, 134.919540405, 135.511657715, 136.115371704, 136.719085693, 137.322814941, 137.914916992, 138.507034302, 139.122360229, 139.726074219, 140.31817627, 140.921905518, 141.525619507, 142.129333496, 142.721450806, 143.313552856, 143.917282104, 144.520996094, 145.124710083, 145.716827393, 146.33215332, 146.924255371, 147.516372681, 148.12008667, 148.723800659, 149.327529907, 149.919631958, 150.511749268, 151.115463257, 151.719177246, 152.322906494, 152.915008545, 153.507110596, 154.110839844, 154.714553833, 155.318267822, 155.92199707, 156.52571106, 157.11781311, 157.70993042, 158.313644409, 158.917373657, 159.521087646, 160.113189697, 160.728515625, 161.320632935, 161.912734985, 162.516464233, 163.120178223, 163.723892212, 164.316009521, 164.908111572, 165.51184082, 166.11555481, 166.719268799, 167.322982788, 167.926712036, 168.518814087, 169.110931396, 169.714645386, 170.318359375, 170.922088623, 171.525802612, 172.117904663, 172.73324585, 173.336959839, 173.92906189, 174.521179199, 175.124893188, 175.728607178, 176.332336426, 176.936050415, 177.539764404, 178.143493652, 178.735595703, 179.327713013, 179.931427002, 180.535140991, 181.127258301, 181.719360352, 182.323074341, 182.926803589, 183.530517578, 184.134231567, 184.749572754], "beats_loudness": {"dmean2": 0.0851201340556, "median": 0.0506788045168, "min": 0, "dvar2": 0.00635377084836, "dvar": 0.0025747846812, "dmean": 0.0455130748451, "max": 0.15936678648, "var": 0.00340826204047, "mean": 0.071503803134}, "danceability": 1.63298165798, "bpm_histogram_second_peak_weight": {"dmean2": 0, "median": 0, "min": 0, "dvar2": 0, "dvar": 0, "dmean": 0, "max": 0, "var": 0, "mean": 0}, "beats_count": 308, "bpm_histogram_second_peak_bpm": {"dmean2": 0, "median": 0, "min": 0, "dvar2": 0, "dvar": 0, "dmean": 0, "max": 0, "var": 0, "mean": 0}, "bpm_histogram_first_peak_spread": {"dmean2": 0, "median": 0.345276832581, "min": 0.345276832581, "dvar2": 0, "dvar": 0, "dmean": 0, "max": 0.345276832581, "var": 0, "mean": 0.345276832581}, "beats_loudness_band_ratio": {"dmean2": [0.311243534088, 0.154719144106, 0.130804479122, 0.0888759791851, 0.0849983617663, 0.0461089834571], "median": [0.810094475746, 0.0773442536592, 0.0251827500761, 0.0504051670432, 0.0311381705105, 0.0110992696136], "min": [0, 0, 0, 0, 0, 0], "dvar2": [0.0771329179406, 0.0138629032299, 0.0460222959518, 0.0117074400187, 0.00997819844633, 0.00356310303323], "dvar": [0.0339106693864, 0.00616210512817, 0.0175346788019, 0.00469347881153, 0.0036308967974, 0.00129465234932], "dmean": [0.184026703238, 0.0840926915407, 0.0742172002792, 0.0496566519141, 0.0476467385888, 0.025650748983], "max": [0.961250782013, 0.513541698456, 0.752915799618, 0.718821883202, 0.344054013491, 0.191316589713], "var": [0.0622438937426, 0.0103544574231, 0.0155535442755, 0.00532720470801, 0.00399227114394, 0.00112295534927], "mean": [0.735359311104, 0.104505859315, 0.0711954385042, 0.061957038939, 0.0625351369381, 0.0240804050118]}}, "lowlevel": {"barkbands_spread": {"dmean2": 10.8950920105, "median": 13.3072376251, "min": 0.430944412947, "dvar2": 171.921142578, "dvar": 76.1798171997, "dmean": 6.8836684227, "max": 141.137069702, "var": 180.704071045, "mean": 16.1268577576}, "melbands_spread": {"dmean2": 14.9819660187, "median": 12.6578016281, "min": 0.352518707514, "dvar2": 440.788024902, "dvar": 195.267425537, "dmean": 9.65239048004, "max": 174.068572998, "var": 531.562316895, "mean": 20.5811729431}, "hfc": {"dmean2": 13.0254507065, "median": 5.70340633392, "min": 1.05883346954e-16, "dvar2": 420.158996582, "dvar": 168.294158936, "dmean": 8.08043861389, "max": 98.7327728271, "var": 191.496688843, "mean": 11.2808923721}, "barkbands_kurtosis": {"dmean2": 17.0886707306, "median": 3.77748179436, "min": -1.92629051208, "dvar2": 885.536071777, "dvar": 514.839477539, "dmean": 11.5138931274, "max": 337.821838379, "var": 1448.71960449, "mean": 18.1051616669}, "gfcc": {"mean": [-96.4110565186, 107.398551941, -125.075447083, 33.1496238708, -35.5878334045, 3.3447368145, -19.7434177399, 0.467254310846, -22.5807495117, -3.6095790863, -10.2999591827, -0.854683160782, -4.11681604385], "icov": [[0.000103981408756, -0.000242169291596, 0.000231184560107, -0.00028514812584, 0.000349632668076, -0.000326570298057, 0.000213712162804, -0.000313273951178, -1.85511908057e-05, -0.000286829221295, 0.000104034726974, -0.000256921543041, 0.000408500549383], [-0.000242169291596, 0.00165735965129, -0.000832302845083, 0.000401036086259, -0.00127440923825, 0.00132958090398, -0.0013316773111, 0.00157548405696, 0.000317829311825, 0.000772234401666, -0.000218536428292, 0.00178481696639, -0.00182831066195], [0.000231184560107, -0.000832302845083, 0.00172612583265, -0.000333594653057, -0.000312918040436, -0.00104238279164, 0.00117720372509, -0.00146202114411, -7.63871576055e-05, -0.000840010819957, -6.45071777399e-05, -0.000871366471983, 0.00167886959389], [-0.00028514812584, 0.000401036086259, -0.000333594653057, 0.00424462137744, -0.00304273143411, 0.000458015711047, 0.000498936395161, -0.00102317787241, -0.00113497185521, 0.00404834374785, -0.00224928138778, 0.00102901773062, -0.00127245718613], [0.000349632668076, -0.00127440923825, -0.000312918040436, -0.00304273143411, 0.00751957390457, -0.00233267410658, -0.00107434659731, -0.000249556847848, -0.00156418187544, -0.00166166713461, 0.00235185935162, -0.00062879465986, 6.29427959211e-05], [-0.000326570298057, 0.00132958090398, -0.00104238279164, 0.000458015711047, -0.00233267410658, 0.00593891274184, -0.00305083347484, 0.00111137912609, 0.000101528436062, -0.00125570443925, 0.00155800930224, 0.000201318762265, -0.000410315697081], [0.000213712162804, -0.0013316773111, 0.00117720372509, 0.000498936395161, -0.00107434659731, -0.00305083347484, 0.00749890878797, -0.00145692913793, -0.0013298287522, 0.000817209132947, -0.00274004368111, -0.000172151078004, 0.00110615079757], [-0.000313273951178, 0.00157548405696, -0.00146202114411, -0.00102317787241, -0.000249556847848, 0.00111137912609, -0.00145692913793, 0.00688364589587, 0.000576822727453, -0.00299101811834, 0.000976348470431, 0.00103813945316, -0.00322526809759], [-1.85511908057e-05, 0.000317829311825, -7.63871576055e-05, -0.00113497185521, -0.00156418187544, 0.000101528436062, -0.0013298287522, 0.000576822727453, 0.0066439146176, -0.00138154858723, 0.0003951996041, -0.00277796876617, 0.00230574631132], [-0.000286829221295, 0.000772234401666, -0.000840010819957, 0.00404834374785, -0.00166166713461, -0.00125570443925, 0.000817209132947, -0.00299101811834, -0.00138154858723, 0.0126796290278, -0.00570422504097, 0.00217755837366, -0.00440759025514], [0.000104034726974, -0.000218536428292, -6.45071777399e-05, -0.00224928138778, 0.00235185935162, 0.00155800930224, -0.00274004368111, 0.000976348470431, 0.0003951996041, -0.00570422504097, 0.0140199810266, -0.0021954679396, -0.00442670937628], [-0.000256921543041, 0.00178481696639, -0.000871366471983, 0.00102901773062, -0.00062879465986, 0.000201318762265, -0.000172151078004, 0.00103813945316, -0.00277796876617, 0.00217755837366, -0.0021954679396, 0.00997673999518, -0.00149413291365], [0.000408500549383, -0.00182831066195, 0.00167886959389, -0.00127245718613, 6.29427959211e-05, -0.000410315697081, 0.00110615079757, -0.00322526809759, 0.00230574631132, -0.00440759025514, -0.00442670937628, -0.00149413291365, 0.0163086466491]], "cov": [[23754.8085938, 766.554626465, -1544.18054199, 1082.67346191, -349.833496094, 514.30291748, -62.8698120117, 628.873962402, 156.077682495, 166.817687988, 2.90857434273, 123.686447144, -87.5777511597], [766.554626465, 1959.00537109, 309.446563721, 270.34765625, 352.316650391, -83.9407119751, 228.449417114, -196.67086792, -58.726360321, -109.811904907, 24.6340198517, -256.213500977, 93.6323394775], [-1544.18054199, 309.446563721, 1454.37451172, 273.66116333, 479.919799805, 301.958190918, 112.05921936, 218.60987854, 197.047485352, 102.885787964, -1.7193801403, 37.4425315857, -10.7083311081], [1082.67346191, 270.34765625, 273.66116333, 734.050170898, 398.21182251, 162.213729858, 116.832687378, 86.5963745117, 218.525772095, -118.276504517, -9.3404083252, 24.2778186798, -19.1360664368], [-349.833496094, 352.316650391, 479.919799805, 398.21182251, 556.754760742, 266.574157715, 202.989700317, 50.34324646, 227.887527466, -23.5046539307, -30.7466449738, 16.3913288116, -14.7443284988], [514.30291748, -83.9407119751, 301.958190918, 162.213729858, 266.574157715, 441.801239014, 169.112716675, 96.5921096802, 169.26512146, 60.7821006775, -25.5322742462, 62.1483612061, -31.7424640656], [-62.8698120117, 228.449417114, 112.05921936, 116.832687378, 202.989700317, 169.112716675, 279.606384277, 22.6732692719, 107.71043396, 13.9171981812, 29.8214874268, 2.19677233696, 10.5849208832], [628.873962402, -196.67086792, 218.60987854, 86.5963745117, 50.34324646, 96.5921096802, 22.6732692719, 368.390258789, 23.0923023224, 171.830307007, 65.3871765137, 20.5384559631, 82.8084335327], [156.077682495, -58.726360321, 197.047485352, 218.525772095, 227.887527466, 169.26512146, 107.71043396, 23.0923023224, 324.469543457, -18.3968276978, -24.1384239197, 99.458152771, -61.3734092712], [166.817687988, -109.811904907, 102.885787964, -118.276504517, -23.5046539307, 60.7821006775, 13.9171981812, 171.830307007, -18.3968276978, 253.341827393, 100.842483521, 1.06207168102, 96.8876953125], [2.90857434273, 24.6340198517, -1.7193801403, -9.3404083252, -30.7466449738, -25.5322742462, 29.8214874268, 65.3871765137, -24.1384239197, 100.842483521, 148.508773804, 5.29591083527, 83.9838104248], [123.686447144, -256.213500977, 37.4425315857, 24.2778186798, 16.3913288116, 62.1483612061, 2.19677233696, 20.5384559631, 99.458152771, 1.06207168102, 5.29591083527, 172.599502563, -24.8926677704], [-87.5777511597, 93.6323394775, -10.7083311081, -19.1360664368, -14.7443284988, -31.7424640656, 10.5849208832, 82.8084335327, -61.3734092712, 96.8876953125, 83.9838104248, -24.8926677704, 143.911315918]]}, "spectral_energyband_middle_low": {"dmean2": 0.0131026413292, "median": 0.00413274206221, "min": 1.52445867943e-22, "dvar2": 0.0014661407331, "dvar": 0.000503326649778, "dmean": 0.00733074499294, "max": 0.15037047863, "var": 0.000292488839477, "mean": 0.00796559080482}, "melbands_crest": {"dmean2": 6.59281206131, "median": 21.2361354828, "min": 1.58086311817, "dvar2": 38.40284729, "dvar": 18.6923027039, "dmean": 4.30869531631, "max": 36.7758636475, "var": 78.4927902222, "mean": 20.7492084503}, "spectral_kurtosis": {"dmean2": 5.05380916595, "median": 5.07612895966, "min": -1.2405680418, "dvar2": 38.8675765991, "dvar": 14.5368280411, "dmean": 2.98886036873, "max": 46.4800033569, "var": 19.638917923, "mean": 6.20457744598}, "spectral_rms": {"dmean2": 0.00147600506898, "median": 0.00407399330288, "min": 3.12226004599e-12, "dvar2": 5.26169742443e-06, "dvar": 2.60425849774e-06, "dmean": 0.00112414627802, "max": 0.013726090081, "var": 9.09893788048e-06, "mean": 0.00454744370654}, "zerocrossingrate": {"dmean2": 0.0125666083768, "median": 0.03515625, "min": 0.001953125, "dvar2": 0.000260327302385, "dvar": 0.000222408096306, "dmean": 0.0111550902948, "max": 0.52587890625, "var": 0.00292626884766, "mean": 0.0449542738497}, "silence_rate_60dB": {"dmean2": 0.130227893591, "median": 0, "min": 0, "dvar2": 0.131808787584, "dvar": 0.0608696639538, "dmean": 0.0651057958603, "max": 1, "var": 0.146640837193, "mean": 0.178517773747}, "erbbands_kurtosis": {"dmean2": 2.25862360001, "median": -0.000177264213562, "min": -1.87873411179, "dvar2": 11.7152633667, "dvar": 4.62908601761, "dmean": 1.38395452499, "max": 60.8133125305, "var": 6.61096811295, "mean": 0.696262419224}, "erbbands": {"dmean2": [0.33859193325, 1.95500850677, 6.07035636902, 16.5143661499, 25.1681365967, 10.1961898804, 7.44685316086, 9.02783966064, 7.6445889473, 7.58364963531, 8.92437934875, 15.9284038544, 23.1385002136, 34.1401824951, 39.5374221802, 24.2406406403, 21.8346767426, 17.1901340485, 25.5659770966, 25.4194469452, 32.7618789673, 36.4794883728, 35.6788063049, 24.7508640289, 13.9146318436, 6.5919046402, 5.43976020813, 5.599568367, 6.9302110672, 3.58040165901, 1.99065160751, 1.13213062286, 0.24381776154, 0.0613237991929, 0.019170537591, 0.0257112402469, 0.015627225861, 0.00293129030615, 0.000404938153224, 4.23112869612e-05], "median": [0.0227701850235, 0.105682730675, 0.192215979099, 1.5237891674, 3.68355488777, 1.05062890053, 1.11827778816, 2.59089803696, 1.14655089378, 0.805401206017, 1.48487663269, 2.79570579529, 3.39909672737, 2.81906890869, 3.40885305405, 5.20830821991, 3.90018892288, 3.12181711197, 2.78592634201, 2.87707448006, 2.84531641006, 2.75450992584, 2.4233481884, 3.24653220177, 2.44313144684, 1.7161591053, 1.13419938087, 0.643633186817, 0.315406620502, 0.0842549875379, 0.0475924611092, 0.0514938160777, 0.0425508841872, 0.0145508032292, 0.00685981055722, 0.00303365639411, 0.000824256567284, 0.000158189563081, 3.07985719701e-05, 2.66381503025e-05], "min": [3.50518825866e-23, 2.95411420097e-22, 2.80474408276e-21, 8.04010104217e-21, 1.02801780346e-20, 1.98572994005e-20, 2.44008264063e-20, 9.97721990407e-20, 1.83653974171e-19, 1.05576189357e-19, 1.83994875981e-19, 2.00853644045e-19, 5.66834096751e-19, 6.20860622978e-19, 1.27764311502e-18, 1.05672261215e-18, 1.55751223065e-18, 1.50260377479e-18, 2.71404514385e-18, 3.22753818861e-18, 3.71548686207e-18, 4.94301999597e-18, 5.73676224585e-18, 6.28663097164e-18, 8.09791538998e-18, 7.71499032337e-18, 8.54955435007e-18, 6.91671925964e-18, 1.14137780632e-17, 1.20512911244e-17, 1.18003741574e-17, 1.23867699383e-17, 1.00851357479e-17, 8.14650811506e-18, 6.03407866855e-18, 4.01657316042e-18, 2.35928785185e-18, 9.1989649568e-19, 2.52850630941e-19, 2.69102161194e-20], "dvar2": [0.764847099781, 33.3923377991, 482.097503662, 3127.89599609, 5183.33984375, 950.555175781, 241.379165649, 230.723526001, 275.215454102, 337.607147217, 305.871551514, 1389.28979492, 1769.32873535, 6245.70361328, 9027.86035156, 2196.44628906, 1648.22619629, 1382.72961426, 2477.39428711, 1892.09313965, 3618.12084961, 5365.72509766, 5455.26123047, 1847.16870117, 574.555419922, 135.112121582, 78.7292938232, 197.706054688, 379.608276367, 93.680267334, 21.7030982971, 8.28250217438, 0.269486874342, 0.0141890030354, 0.00145298952702, 0.00253964611329, 0.00103724829387, 3.18738166243e-05, 5.50790502984e-07, 5.46094902631e-09], "dvar": [0.43565800786, 15.1822462082, 174.08821106, 1086.52307129, 1774.36181641, 328.978210449, 95.5014877319, 87.0230331421, 117.56338501, 122.529983521, 114.678039551, 651.558532715, 827.068786621, 2238.75708008, 3201.74072266, 924.354431152, 616.065063477, 686.939086914, 991.517150879, 784.057800293, 1405.58850098, 2141.10888672, 2087.08544922, 757.944580078, 242.851699829, 53.8387336731, 31.3472080231, 70.4496154785, 134.131713867, 34.0475463867, 8.32433414459, 3.13069486618, 0.10440608114, 0.00609030155465, 0.000791922735516, 0.00114292395301, 0.000447528640507, 1.43003207995e-05, 2.73772059245e-07, 2.4243518304e-09], "dmean": [0.288146436214, 1.39381194115, 3.3812558651, 8.99178028107, 14.2035198212, 5.53719329834, 4.34269380569, 5.21707677841, 4.66734266281, 4.31911468506, 5.23329925537, 9.95222663879, 14.2668476105, 18.9636726379, 21.7561626434, 14.5583534241, 12.6208486557, 11.229344368, 15.4307756424, 15.2236318588, 19.3019485474, 22.0601501465, 20.7182216644, 15.1916875839, 8.62788200378, 4.04644536972, 3.31458568573, 3.22158050537, 3.84005665779, 2.08314204216, 1.18931865692, 0.665191411972, 0.14729821682, 0.0389803424478, 0.0128296688199, 0.0169509258121, 0.0100765274838, 0.00190437457059, 0.000276254664641, 2.95526078844e-05], "max": [6.57447862625, 30.6655864716, 91.199005127, 218.188949585, 296.032867432, 135.897567749, 161.407272339, 166.795669556, 295.443206787, 197.294647217, 171.908065796, 621.934936523, 669.983642578, 306.084686279, 608.022827148, 628.268981934, 245.312667847, 774.390075684, 744.526916504, 664.278198242, 540.218811035, 356.16607666, 425.71081543, 352.653656006, 327.116516113, 147.595458984, 69.0766601562, 84.4117126465, 115.952980042, 52.4187927246, 22.9151325226, 13.3143854141, 5.68197870255, 1.7609295845, 0.84103935957, 0.305936694145, 0.158940598369, 0.0263544134796, 0.00562559394166, 0.000594217097387], "var": [1.17758393288, 20.5899906158, 110.352897644, 614.551269531, 1015.65313721, 189.501663208, 151.349639893, 135.16859436, 218.897171021, 98.3621749878, 143.296096802, 1343.74047852, 2415.94921875, 1462.83654785, 2054.62329102, 1725.00256348, 571.71661377, 2105.16748047, 1943.6036377, 1073.00756836, 1170.93444824, 1820.21166992, 1757.36499023, 1099.41320801, 431.579467773, 79.6116409302, 41.863658905, 46.906829834, 81.6679763794, 22.9703063965, 6.40268754959, 2.29829263687, 0.0916513726115, 0.0103475451469, 0.00255801202729, 0.00132021773607, 0.000436601869296, 1.48190629261e-05, 3.4015911865e-07, 3.5921152719e-09], "mean": [0.734423816204, 2.15440106392, 2.54108405113, 6.64664554596, 12.4865474701, 4.38048934937, 5.5264377594, 7.32856750488, 6.54570436478, 3.92943406105, 5.97661828995, 14.9003610611, 21.7730255127, 14.9518508911, 16.9504814148, 18.5359573364, 12.9158935547, 16.833366394, 17.6998615265, 15.371512413, 16.3931064606, 18.7838096619, 18.4183616638, 18.4265727997, 11.5668458939, 5.42333364487, 4.09702301025, 2.7921397686, 2.66749763489, 1.50758063793, 0.891238629818, 0.509572386742, 0.149823457003, 0.0534225292504, 0.0235019847751, 0.0172264352441, 0.00888741575181, 0.00170788739342, 0.00027468171902, 4.81543502246e-05]}, "spectral_strongpeak": {"dmean2": 0.425097823143, "median": 0.380783736706, "min": 0, "dvar2": 0.671363353729, "dvar": 0.267516463995, "dmean": 0.260465651751, "max": 9.59510326385, "var": 0.453662186861, "mean": 0.562016308308}, "spectral_energy": {"dmean2": 0.0189013201743, "median": 0.0170123558491, "min": 9.99222063061e-21, "dvar2": 0.00142465089448, "dvar": 0.00066357885953, "dmean": 0.0136614544317, "max": 0.193115696311, "var": 0.00133272726089, "mean": 0.0305225886405}, "average_loudness": 0.901965737343, "spectral_rolloff": {"dmean2": 856.900024414, "median": 732.12890625, "min": 64.599609375, "dvar2": 1626748.875, "dvar": 818480.6875, "dmean": 525.230285645, "max": 20284.2773438, "var": 4305574.5, "mean": 1279.5144043}, "spectral_centroid": {"dmean2": 589.447631836, "median": 1211.7734375, "min": 187.576095581, "dvar2": 409943.96875, "dvar": 217624.3125, "dmean": 397.247375488, "max": 11697.6074219, "var": 1295166.625, "mean": 1377.98156738}, "pitch_salience": {"dmean2": 0.165758118033, "median": 0.456091344357, "min": 0.0442542135715, "dvar2": 0.0235969871283, "dvar": 0.0117580248043, "dmean": 0.111111454666, "max": 0.949050605297, "var": 0.0364437140524, "mean": 0.459431171417}, "spectral_energyband_middle_high": {"dmean2": 0.00509141990915, "median": 0.00117781129666, "min": 1.18234987443e-21, "dvar2": 7.68536847318e-05, "dvar": 2.95242753054e-05, "dmean": 0.00303051108494, "max": 0.0410538837314, "var": 2.9660648579e-05, "mean": 0.00347619317472}, "spectral_contrast_coeffs": {"dmean2": [0.0994742289186, 0.090428583324, 0.0717028826475, 0.0525422170758, 0.0469434075058, 0.0483515001833], "median": [-0.661945462227, -0.760580122471, -0.819076061249, -0.832918226719, -0.808528065681, -0.742710292339], "min": [-0.977988541126, -0.987316608429, -0.983358085155, -0.970305025578, -0.967585027218, -0.963275671005], "dvar2": [0.00754154892638, 0.00537731032819, 0.00376537838019, 0.00181776296813, 0.00181587424595, 0.00244522676803], "dvar": [0.00375092867762, 0.00254346453585, 0.00187054194976, 0.000915572163649, 0.000880769395735, 0.00111670070328], "dmean": [0.0656875446439, 0.0573793202639, 0.0461752638221, 0.0340365953743, 0.0309013631195, 0.0307848677039], "max": [-0.301806509495, -0.372205793858, -0.403832674026, -0.513639390469, -0.560403704643, -0.580482721329], "var": [0.0137410294265, 0.0116690564901, 0.00887490902096, 0.00471178116277, 0.00450292928144, 0.00313839316368], "mean": [-0.64834856987, -0.739441156387, -0.792072832584, -0.815728187561, -0.793949127197, -0.737658023834]}, "melbands_skewness": {"dmean2": 2.30787920952, "median": 3.02933907509, "min": -1.49664783478, "dvar2": 5.73136043549, "dvar": 3.05577516556, "dmean": 1.58503091335, "max": 22.0918064117, "var": 12.4092912674, "mean": 4.08640289307}, "spectral_spread": {"dmean2": 798051.5625, "median": 3240540, "min": 1148605.875, "dvar2": 1458518753280.0, "dvar": 668500754432, "dmean": 522959.90625, "max": 49619412, "var": 11589747998700.0, "mean": 3775340.25}, "dissonance": {"dmean2": 0.0335135422647, "median": 0.475335180759, "min": 0.234086930752, "dvar2": 0.00140644004568, "dvar": 0.000554011552595, "dmean": 0.0206624493003, "max": 0.5, "var": 0.00121519283857, "mean": 0.464474916458}, "spectral_skewness": {"dmean2": 0.624678552151, "median": 1.50021922588, "min": -0.124833859503, "dvar2": 0.415995031595, "dvar": 0.16976685822, "dmean": 0.389696508646, "max": 5.10710668564, "var": 0.386663138866, "mean": 1.589189291}, "spectral_flux": {"dmean2": 0.0581777095795, "median": 0.0569688379765, "min": 6.37745481424e-11, "dvar2": 0.00435050018132, "dvar": 0.00321362097748, "dmean": 0.0403768494725, "max": 0.452946484089, "var": 0.00751251121983, "mean": 0.0839433223009}, "spectral_contrast_valleys": {"dmean2": [0.761497199535, 1.06087708473, 0.91233330965, 0.797488510609, 0.733070194721, 0.719825685024], "median": [-7.80164146423, -7.70127010345, -7.76661205292, -8.01415729523, -8.07498645782, -11.5083637238], "min": [-28.0032310486, -27.9283370972, -27.675453186, -27.7315177917, -27.4744949341, -27.386932373], "dvar2": [0.505838811398, 0.833832323551, 0.719897389412, 0.531708955765, 0.517980694771, 0.559083819389], "dvar": [0.331872910261, 0.427200436592, 0.403408765793, 0.349027097225, 0.344895333052, 0.358121991158], "dmean": [0.524929583073, 0.70938295126, 0.65035378933, 0.589782655239, 0.579275131226, 0.599138796329], "max": [-5.24290370941, -4.86183595657, -5.01708602905, -5.70100784302, -5.65623521805, -8.94416713715], "var": [5.54702377319, 4.61341142654, 4.52186489105, 4.45849323273, 4.42568588257, 3.65391945839], "mean": [-8.17728900909, -7.94396352768, -7.96928739548, -8.26162433624, -8.31384086609, -11.7746171951]}, "erbbands_flatness_db": {"dmean2": 0.0368792265654, "median": 0.180233478546, "min": 0.0495834685862, "dvar2": 0.00122597441077, "dvar": 0.000663089565933, "dmean": 0.0258503202349, "max": 0.368447124958, "var": 0.00272026797757, "mean": 0.184482380748}, "spectral_energyband_high": {"dmean2": 0.000471880397527, "median": 7.53683998482e-05, "min": 7.21600458545e-21, "dvar2": 1.02370381683e-06, "dvar": 3.78857976102e-07, "dmean": 0.000279259606032, "max": 0.00601123087108, "var": 2.89460473368e-07, "mean": 0.000267763010925}, "spectral_entropy": {"dmean2": 0.430019468069, "median": 7.3888669014, "min": 5.29704713821, "dvar2": 0.183593079448, "dvar": 0.106468789279, "dmean": 0.297494769096, "max": 9.82865524292, "var": 0.361476331949, "mean": 7.3303437233}, "silence_rate_20dB": {"dmean2": 0, "median": 1, "min": 1, "dvar2": 0, "dvar": 0, "dmean": 0, "max": 1, "var": 0, "mean": 1}, "melbands_flatness_db": {"dmean2": 0.0673979520798, "median": 0.270008444786, "min": 0.00343382102437, "dvar2": 0.00424565328285, "dvar": 0.00259072473273, "dmean": 0.0481940507889, "max": 0.681982696056, "var": 0.0126618957147, "mean": 0.271922022104}, "barkbands": {"dmean2": [0.000642449827865, 0.00830023922026, 0.00593719771132, 0.00771983619779, 0.0043898015283, 0.00108809873927, 0.000463721313281, 0.000416791794123, 0.000746244506445, 0.000900705636013, 0.00091521703871, 0.000694630900398, 0.000489807629492, 0.000386365340091, 0.000428365834523, 0.000552594137844, 0.000697522656992, 0.000663295330014, 0.000378105090931, 0.000145153331687, 0.000125633043353, 0.000170595012605, 7.70909100538e-05, 2.95300906146e-05, 3.49702077074e-06, 7.61060209697e-06, 2.29199326895e-06], "median": [4.93099250889e-05, 0.000596965663135, 9.5207724371e-05, 0.000897772260942, 0.00067385280272, 0.000345354812453, 5.23774142493e-05, 3.26101289829e-05, 0.000109831242298, 8.97940190043e-05, 4.38646529801e-05, 0.000112799214548, 6.26288820058e-05, 5.40565451956e-05, 5.17671942362e-05, 4.39937139163e-05, 4.38370771008e-05, 3.94050257455e-05, 6.21463696007e-05, 3.59263103746e-05, 2.04284660867e-05, 6.7333021434e-06, 1.75117679646e-06, 2.72927445621e-06, 1.31638171297e-06, 4.89247213409e-07, 9.57277137559e-08], "min": [3.55413071764e-25, 8.8923438351e-25, 1.80257714514e-24, 1.48587276309e-24, 6.00145024081e-24, 8.30554570645e-24, 6.97415360227e-24, 3.53008391997e-24, 8.26450758444e-24, 1.7503807434e-23, 8.29116003898e-24, 1.86636680452e-23, 3.41370342839e-23, 3.52539635069e-23, 5.5166671311e-23, 5.94314237586e-23, 6.1832388188e-23, 1.00768284239e-22, 1.31404726168e-22, 1.71406865552e-22, 1.89506616379e-22, 3.56796662991e-22, 3.89364728665e-22, 6.06078072193e-22, 8.07147937938e-22, 1.25939752777e-21, 1.99560452978e-21], "dvar2": [3.0610738122e-06, 0.000463212782051, 0.000486114469822, 0.00059982878156, 0.000163165590493, 3.33917796524e-06, 9.26299264847e-07, 9.32948466925e-07, 2.7753210361e-06, 2.80879726233e-06, 4.8952429097e-06, 1.99802138923e-06, 8.10165147413e-07, 8.57167037793e-07, 5.69315943721e-07, 9.69098664427e-07, 2.06695358429e-06, 1.78526329364e-06, 3.85492171517e-07, 6.17654123403e-08, 6.0446417649e-08, 2.21439591996e-07, 3.34549916658e-08, 4.77238826235e-09, 4.45184999975e-11, 2.36651587215e-10, 1.93430427925e-11], "dvar": [1.48172171066e-06, 0.000255750113865, 0.000170009720023, 0.00020504949498, 5.60409353056e-05, 1.29556974571e-06, 3.81469220656e-07, 3.32002912273e-07, 1.29685486172e-06, 1.06810637135e-06, 1.74773867911e-06, 7.75600710767e-07, 3.06635342895e-07, 4.16828413563e-07, 2.38978401512e-07, 3.85992450447e-07, 7.98534358637e-07, 6.92131379765e-07, 1.61021674216e-07, 2.4269827037e-08, 2.24233165369e-08, 7.88924978679e-08, 1.2680582806e-08, 1.83757742356e-09, 2.19087699371e-11, 1.02938747804e-10, 8.91252696644e-12], "dmean": [0.000538596243132, 0.00681114336476, 0.00317692686804, 0.0042510041967, 0.00242537842132, 0.00063536275411, 0.000279265572317, 0.000236914129346, 0.000471946928883, 0.000516490719747, 0.000503991672304, 0.00040548335528, 0.000285513582639, 0.0002497661917, 0.000260531232925, 0.000328107882524, 0.000417283736169, 0.000385884661227, 0.000233193903114, 8.86366033228e-05, 7.42695337976e-05, 9.5771792985e-05, 4.61444469693e-05, 1.75765235326e-05, 2.30827708947e-06, 4.92853951073e-06, 1.52536472342e-06], "max": [0.0163368992507, 0.151981085539, 0.0911940932274, 0.0982169806957, 0.0536268465221, 0.0173420123756, 0.0159649569541, 0.00698633259162, 0.0242477860302, 0.0138464607298, 0.00968939065933, 0.0149108050391, 0.00594536028802, 0.0279911216348, 0.0107806222513, 0.0154511826113, 0.00708933826536, 0.00763538945466, 0.00613594613969, 0.00251826248132, 0.00133564078715, 0.00279571022838, 0.000882457767148, 0.000434754649177, 0.000134400223033, 8.15270323073e-05, 3.4924956708e-05], "var": [7.03845626049e-06, 0.000574026140384, 9.70802575466e-05, 0.000113183996291, 3.19726968883e-05, 1.96374321604e-06, 5.36117227057e-07, 2.95404873896e-07, 3.41141844729e-06, 1.2278774193e-06, 1.09929555947e-06, 1.11294377803e-06, 2.81859058759e-07, 1.06910169961e-06, 5.27486918145e-07, 3.61429528084e-07, 6.3789508431e-07, 6.08882999131e-07, 2.97204962862e-07, 3.51557503109e-08, 1.99272740531e-08, 4.93600822438e-08, 9.60230472913e-09, 1.44246370404e-09, 5.69939234696e-11, 1.03502283133e-10, 9.94610296901e-12], "mean": [0.00174064398743, 0.0150922304019, 0.002086188877, 0.00333644612692, 0.00217832298949, 0.000910067290533, 0.000323529617162, 0.0002219985181, 0.000757421192247, 0.000527225143742, 0.000364996987628, 0.000465951045044, 0.000269727344858, 0.000348433648469, 0.000300393934594, 0.000280376640148, 0.000343205931131, 0.000346940185409, 0.000309240742354, 0.000114659844257, 7.78182511567e-05, 6.71743109706e-05, 3.47056920873e-05, 1.50622190631e-05, 3.81698600904e-06, 4.47520187663e-06, 1.42306862472e-06]}, "erbbands_skewness": {"dmean2": 0.886223018169, "median": 0.0304149