{"tonal": {"thpcp": [1, 0.529602050781, 0.276837170124, 0.3899987638, 0.355367481709, 0.474925428629, 0.496038496494, 0.269322395325, 0.383237093687, 0.57479929924, 0.464688301086, 0.491349488497, 0.530668854713, 0.363215774298, 0.632830321789, 0.961398005486, 0.602889716625, 0.320117890835, 0.352276653051, 0.288031131029, 0.529381811619, 0.769514083862, 0.475221186876, 0.396644890308, 0.550337255001, 0.378181785345, 0.304942578077, 0.364091813564, 0.297075778246, 0.529747784138, 0.76961261034, 0.46870303154, 0.323152393103, 0.425923317671, 0.353015005589, 0.702003955841], "hpcp": {"dmean2": [0.124178096652, 0.125172615051, 0.166277557611, 0.189335793257, 0.161289900541, 0.134522855282, 0.144384637475, 0.134295925498, 0.128217875957, 0.136923924088, 0.130014151335, 0.138798058033, 0.158902153373, 0.136798039079, 0.118394330144, 0.126720681787, 0.137773185968, 0.185840323567, 0.229726076126, 0.156209394336, 0.107185058296, 0.116811811924, 0.143116682768, 0.199724763632, 0.171228438616, 0.114536263049, 0.124708876014, 0.152192607522, 0.201191425323, 0.25155416131, 0.224874421954, 0.172891765833, 0.188808381557, 0.22327837348, 0.193205565214, 0.133702427149], "median": [0.017232587561, 0.0201279651374, 0.05081390962, 0.0677157118917, 0.0452187396586, 0.0280929300934, 0.030639378354, 0.0283656828105, 0.022977091372, 0.0250124186277, 0.0250271297991, 0.0403012819588, 0.0426252447069, 0.0350481420755, 0.026438549161, 0.0259458813816, 0.0277916584164, 0.087777197361, 0.116694815457, 0.0648202896118, 0.0180804971606, 0.0171041153371, 0.0289817322046, 0.0417131744325, 0.0400794036686, 0.019577935338, 0.0206062141806, 0.0262340568006, 0.028477197513, 0.0294300559908, 0.0313030444086, 0.0301385931671, 0.0768288895488, 0.113936856389, 0.0678471401334, 0.0215111002326], "min": [0, 0, 0, 0, 0, 0, 0, 0, 0, 0, 0, 0, 0, 0, 0, 0, 0, 0, 0, 0, 0, 0, 0, 0, 0, 0, 0, 0, 0, 0, 0, 0, 0, 0, 0, 0], "dvar2": [0.0590531118214, 0.0548164136708, 0.0698361545801, 0.0846064910293, 0.0643650740385, 0.0534147471189, 0.0647010654211, 0.0558677278459, 0.0546965897083, 0.0675709396601, 0.0570604652166, 0.051984872669, 0.0768489539623, 0.0544894598424, 0.0483373589814, 0.0534556619823, 0.0507744885981, 0.0633556544781, 0.0976743549109, 0.0487579256296, 0.042383980006, 0.0524822175503, 0.0486394017935, 0.0870852172375, 0.0709629282355, 0.0508954748511, 0.0569824874401, 0.0698051601648, 0.104638442397, 0.155286133289, 0.124797716737, 0.0843442156911, 0.0756237953901, 0.0908471494913, 0.0795960277319, 0.0597443319857], "dvar": [0.0245679672807, 0.0209630448371, 0.0276524294168, 0.0385747514665, 0.0257919356227, 0.0212751347572, 0.0282975658774, 0.0221054330468, 0.0209058728069, 0.0275486446917, 0.0215024352074, 0.0207231808454, 0.032551843673, 0.0212372019887, 0.0183353815228, 0.0213434845209, 0.0193527657539, 0.0266351439059, 0.0455176346004, 0.0203688815236, 0.0160052515566, 0.0224108286202, 0.0190537460148, 0.0332744605839, 0.0305137354881, 0.0194051340222, 0.0231276191771, 0.0302417036146, 0.0392744541168, 0.0584759302437, 0.0498492866755, 0.0314958505332, 0.0302903931588, 0.0434652492404, 0.0321332588792, 0.0229879431427], "dmean": [0.0711513087153, 0.0721944272518, 0.0991538614035, 0.113870844245, 0.0957334786654, 0.0793373957276, 0.0852642729878, 0.0783524662256, 0.0737231448293, 0.0789460092783, 0.0748744979501, 0.0833756327629, 0.0941368117929, 0.080567471683, 0.0693639814854, 0.0734096094966, 0.0795706212521, 0.113416574895, 0.136721685529, 0.0943075716496, 0.0621390342712, 0.068241879344, 0.0828837677836, 0.11498247087, 0.0988446474075, 0.0655803456903, 0.075850315392, 0.0894756168127, 0.115259215236, 0.14099290967, 0.127604886889, 0.0980498641729, 0.113554090261, 0.134644776583, 0.114681430161, 0.0767844542861], "max": [1, 1, 1, 1, 1, 1, 1, 1, 1, 1, 1, 1, 1, 1, 1, 1, 1, 1, 1, 1, 1, 1, 1, 1, 1, 1, 1, 1, 1, 1, 1, 1, 1, 1, 1, 1], "var": [0.0460602343082, 0.0237739942968, 0.0444579273462, 0.0919133499265, 0.0380444899201, 0.0336697474122, 0.0708245411515, 0.0317462161183, 0.025182435289, 0.0400180257857, 0.0225515048951, 0.0465463362634, 0.102429404855, 0.0386534631252, 0.0254737474024, 0.0516014024615, 0.0264444183558, 0.0555336400867, 0.110801242292, 0.0350567288697, 0.0219099782407, 0.0496213622391, 0.0272318106145, 0.0421227440238, 0.0544447489083, 0.0210685096681, 0.038947481662, 0.0781309679151, 0.0448810197413, 0.0545759536326, 0.0631528869271, 0.0304057225585, 0.0483721196651, 0.102667160332, 0.0472510010004, 0.0294556673616], "mean": [0.0941327884793, 0.0769655704498, 0.141457542777, 0.205623924732, 0.126985132694, 0.105988547206, 0.14705710113, 0.1010549739, 0.0814845263958, 0.0972899496555, 0.0793824195862, 0.141555324197, 0.205650255084, 0.125243395567, 0.0863504186273, 0.113812118769, 0.0943300873041, 0.187584370375, 0.267212688923, 0.141516387463, 0.0739744007587, 0.104212619364, 0.0949587002397, 0.126906096935, 0.132547780871, 0.0719663575292, 0.102405816317, 0.153593674302, 0.124170608819, 0.131294816732, 0.141801446676, 0.0970558673143, 0.169100284576, 0.256897747517, 0.161099776626, 0.0855395644903]}, "tuning_equal_tempered_deviation": 0.0194360706955, "chords_changes_rate": 0.0578225925565, "key_key": "G#", "tuning_diatonic_strength": 0.389092892408, "key_scale": "minor", "chords_number_rate": 0.00252087600529, "tuning_frequency": 441.527557373, "tuning_nontempered_energy_ratio": 0.674687325954, "chords_histogram": [8.49220085144, 1.51252555847, 4.49031019211, 7.04269742966, 0.661729931831, 11.3439416885, 1.16590511799, 6.22341251373, 3.41893815994, 23.2865924835, 1.26043796539, 3.62375926971, 0.441153287888, 0, 0, 0.141799271107, 1.67008030415, 0.0787773728371, 0.393886864185, 0.236332118511, 6.4282336235, 2.6154088974, 8.98062038422, 6.49125576019], "key_strength": 0.664531588554, "chords_key": "D#", "chords_strength": {"dmean2": 0.00991261843592, "median": 0.492180258036, "min": -1, "dvar2": 0.000613736163359, "dvar": 0.000371937232558, "dmean": 0.0107772583142, "max": 0.741822659969, "var": 0.0212325360626, "mean": 0.481228262186}, "chords_scale": "major", "hpcp_entropy": {"dmean2": 0.94949811697, "median": 1.68592238426, "min": 0, "dvar2": 0.674789607525, "dvar": 0.253982573748, "dmean": 0.565578281879, "max": 4.06083583832, "var": 0.519546627998, "mean": 1.68085563183}}, "metadata": {"audio_properties": {"equal_loudness": 0, "codec": "flac", "downmix": "mix", "sample_rate": 44100, "analysis_sample_rate": 44100, "bit_rate": 0, "md5_encoded": "52a27aee77e1a1dbde1b11641f1e53d3", "length": 294.693328857, "replay_gain": -13.7635478973, "lossless": true}, "version": {"essentia_build_sha": "70f2e5ece6736b2c40cc944ad0e695b16b925413", "essentia": "2.1-beta2", "extractor": "music 1.0", "essentia_git_sha": "v2.1_beta2"}, "tags": {"title": ["\u30d2\u30de\u30ef\u30ea"], "barcode": ["4988002388875"], "media": ["CD"], "albumartist": ["\u672c\u7530\u96c5\u4eba"], "tracktotal": ["11"], "musicbrainz_releasegroupid": ["54a537a4-114c-44f1-bc72-2f22b2116256"], "releasetype": ["album"], "musicbrainz_recordingid": ["14540faf-7d1f-4fae-99f4-ec19cb6700a3"], "musicbrainz_albumartistid": ["808c99ad-dc1c-4198-a0d6-ffcacc222c2a"], "originalyear": ["1999"], "musicbrainz_releasetrackid": ["d0ae236d-40f8-4792-9f08-de559b33dc01"], "discnumber": ["1"], "album": ["Carry Out"], "catalognumber": ["VICJ-60392"], "releasecountry": ["JP"], "isrc": ["JPVI09918620"], "originaldate": ["1999-07-23"], "albumartistsort": ["Honda, Masato"], "date": ["1999-07-23"], "file_name": "carry out-07.flac", "disctotal": ["1"], "musicbrainz_artistid": ["808c99ad-dc1c-4198-a0d6-ffcacc222c2a"], "asin": ["B00004S2O4"], "musicbrainz_albumid": ["d6fd168a-e90c-4792-a54d-87f6dac5b5fa"], "tracknumber": ["7"], "artistsort": ["Honda, Masato"], "artist": ["\u672c\u7530\u96c5\u4eba"], "label": ["JVC"], "releasestatus": ["official"], "totaldiscs": ["1"], "script": ["Qaaa"], "totaltracks": ["11"]}}, "rhythm": {"bpm_histogram_first_peak_bpm": {"dmean2": 0, "median": 136, "min": 136, "dvar2": 0, "dvar": 0, "dmean": 0, "max": 136, "var": 0, "mean": 136}, "bpm": 136.84992981, "bpm_histogram_second_peak_spread": {"dmean2": 0, "median": 0, "min": 0, "dvar2": 0, "dvar": 0, "dmean": 0, "max": 0, "var": 0, "mean": 0}, "bpm_histogram_first_peak_weight": {"dmean2": 0, "median": 0.696107804775, "min": 0.696107804775, "dvar2": 0, "dvar": 0, "dmean": 0, "max": 0.696107804775, "var": 0, "mean": 0.696107804775}, "onset_rate": 3.44069766998, "beats_position": [0.522448956966, 0.986848056316, 1.43963718414, 1.89242625237, 2.33360528946, 2.7863945961, 3.22757363319, 3.66875267029, 4.1099319458, 4.53950119019, 4.96907043457, 5.41024923325, 5.85142850876, 6.29260778427, 6.73378658295, 7.17496585846, 7.61614513397, 8.04571437836, 8.47528362274, 8.91646194458, 9.35764122009, 9.78721046448, 10.2167797089, 10.6579589844, 11.0991382599, 11.5403175354, 11.9814968109, 12.4226751328, 12.8638544083, 13.3050336838, 13.7462129593, 14.1757822037, 14.6169614792, 15.0697498322, 15.5109291077, 15.9288883209, 16.3700675964, 16.8112468719, 17.2524261475, 17.6819953918, 18.1115646362, 18.5527439117, 18.9939231873, 19.4351024628, 19.8762817383, 20.3174591064, 20.758638382, 21.1998176575, 21.640996933, 22.0705661774, 22.5117454529, 22.9413146973, 23.3824939728, 23.8236732483, 24.2532424927, 24.6828117371, 25.1239910126, 25.5651702881, 26.0063495636, 26.4475269318, 26.8770961761, 27.3182754517, 27.747844696, 28.1890239716, 28.6302032471, 29.0713825226, 29.5125617981, 29.9537410736, 30.3949203491, 30.8360996246, 31.2772789001, 31.7184581757, 32.1480255127, 32.5775947571, 33.0187759399, 33.4599533081, 33.901134491, 34.3423118591, 34.783493042, 35.2130622864, 35.6542396545, 36.0838088989, 36.5249862671, 36.96616745, 37.4073448181, 37.848526001, 38.2780952454, 38.7076644897, 39.1488418579, 39.5900230408, 40.0195922852, 40.4491615295, 40.8903388977, 41.3315200806, 41.7726974487, 42.2138786316, 42.6666641235, 43.1078453064, 43.5374145508, 43.9785919189, 44.4081611633, 44.8377304077, 45.2789115906, 45.7200889587, 46.1612701416, 46.6024475098, 47.0320167542, 47.4615859985, 47.9027671814, 48.355556488, 48.7967338562, 49.2495231628, 49.6790924072, 50.1086616516, 50.5498390198, 50.9910202026, 51.4321975708, 51.8733787537, 52.302947998, 52.7325172424, 53.1736946106, 53.6148757935, 54.0328330994, 54.4624023438, 54.9035835266, 55.3563690186, 55.7975502014, 56.2387275696, 56.6799087524, 57.1210861206, 57.5622673035, 58.0034446716, 58.4446258545, 58.8858032227, 59.315372467, 59.7449417114, 60.1861228943, 60.6156921387, 61.0452613831, 61.4864387512, 61.9276161194, 62.3687973022, 62.8099746704, 63.2511558533, 63.6923332214, 64.1219024658, 64.563079834, 64.9926528931, 65.4338302612, 65.8750076294, 66.316192627, 66.7573699951, 67.1985473633, 67.6165084839, 68.0576858521, 68.4988632202, 68.9400405884, 69.3812255859, 69.8224029541, 70.2635803223, 70.7047576904, 71.145942688, 71.5871200562, 72.0166854858, 72.4578704834, 72.8874359131, 73.3286132812, 73.7697982788, 74.1993637085, 74.6289291382, 75.0701141357, 75.5112915039, 75.9524688721, 76.3820419312, 76.8232192993, 77.2643966675, 77.7055740356, 78.1351470947, 78.5763244629, 79.0175018311, 79.4586868286, 79.8998641968, 80.3410415649, 80.7822189331, 81.2117919922, 81.6413574219, 82.08253479, 82.5237197876, 82.9532852173, 83.3828582764, 83.8240356445, 84.2652130127, 84.7063903809, 85.1475753784, 85.5887527466, 86.0299301147, 86.4711074829, 86.9122848511, 87.3534698486, 87.7830352783, 88.2126083374, 88.6537857056, 89.0949630737, 89.5361404419, 89.9773254395, 90.4185028076, 90.8480682373, 91.2892532349, 91.730430603, 92.1599960327, 92.6011810303, 93.0423583984, 93.4835357666, 93.9247131348, 94.3658905029, 94.795463562, 95.2366409302, 95.6662139893, 96.0957794189, 96.5369567871, 96.9781417847, 97.4193191528, 97.8488845825, 98.2900695801, 98.7312469482, 99.1724243164, 99.6136016846, 100.054779053, 100.49596405, 100.937141418, 101.366706848, 101.796279907, 102.237457275, 102.678634644, 103.119819641, 103.560997009, 104.002174377, 104.443351746, 104.872924805, 105.302490234, 105.743675232, 106.1848526, 106.626029968, 107.055595398, 107.496780396, 107.926345825, 108.367523193, 108.808708191, 109.249885559, 109.691062927, 110.132240295, 110.573425293, 111.002990723, 111.444168091, 111.87374115, 112.314918518, 112.756095886, 113.197273254, 113.638458252, 114.07963562, 114.520812988, 114.961990356, 115.391563416, 115.821128845, 116.250701904, 116.680267334, 117.121452332, 117.5626297, 118.003807068, 118.444984436, 118.886169434, 119.327346802, 119.76852417, 120.209701538, 120.650878906, 121.080451965, 121.510017395, 121.951202393, 122.392379761, 122.833557129, 123.263130188, 123.692695618, 124.133872986, 124.575057983, 125.016235352, 125.45741272, 125.898590088, 126.328163147, 126.769340515, 127.210517883, 127.651695251, 128.081268311, 128.522445679, 128.963623047, 129.404800415, 129.845977783, 130.275558472, 130.71673584, 131.157913208, 131.587478638, 132.028656006, 132.469833374, 132.911010742, 133.352203369, 133.793380737, 134.234558105, 134.675735474, 135.116912842, 135.55809021, 135.98765564, 136.417236328, 136.846801758, 137.276367188, 137.717544556, 138.158721924, 138.599899292, 139.041091919, 139.482269287, 139.923446655, 140.364624023, 140.794189453, 141.235366821, 141.676544189, 142.106124878, 142.547302246, 142.988479614, 143.429656982, 143.870834351, 144.30039978, 144.729980469, 145.171157837, 145.612335205, 146.053512573, 146.494689941, 146.93586731, 147.377044678, 147.818222046, 148.247802734, 148.677368164, 149.118545532, 149.548110962, 149.98928833, 150.430480957, 150.860046387, 151.301223755, 151.742401123, 152.183578491, 152.624755859, 153.065933228, 153.507110596, 153.948303223, 154.366256714, 154.807434082, 155.24861145, 155.689788818, 156.130966187, 156.572158813, 157.001724243, 157.431289673, 157.872467041, 158.313644409, 158.754821777, 159.195999146, 159.637191772, 160.078369141, 160.496322632, 160.9375, 161.378677368, 161.819854736, 162.261047363, 162.702224731, 163.1434021, 163.584579468, 164.025756836, 164.455322266, 164.896499634, 165.337677002, 165.76725769, 166.208435059, 166.649612427, 167.090789795, 167.508743286, 167.949935913, 168.391113281, 168.832290649, 169.273468018, 169.714645386, 170.155822754, 170.597000122, 171.03817749, 171.479354858, 171.920547485, 172.350112915, 172.779678345, 173.220855713, 173.662033081, 174.103210449, 174.532791138, 174.962356567, 175.403533936, 175.844711304, 176.285888672, 176.715454102, 177.14503479, 177.586212158, 178.027389526, 178.468566895, 178.909744263, 179.350921631, 179.792098999, 180.221679688, 180.651245117, 181.092422485, 181.533599854, 181.974777222, 182.41595459, 182.857131958, 183.298324585, 183.739501953, 184.180679321, 184.621856689, 185.051422119, 185.492599487, 185.945388794, 186.386566162, 186.804534912, 187.234100342, 187.663665771, 188.10484314, 188.546035767, 188.987213135, 189.428390503, 189.869567871, 190.299133301, 190.72869873, 191.169876099, 191.611068726, 192.052246094, 192.493423462, 192.93460083, 193.375778198, 193.816955566, 194.246520996, 194.676101685, 195.117279053, 195.558456421, 195.999633789, 196.440811157, 196.881988525, 197.311553955, 197.741134644, 198.182312012, 198.62348938, 199.064666748, 199.505844116, 199.947021484, 200.388198853, 200.817779541, 201.247344971, 201.688522339, 202.129699707, 202.570877075, 203.012054443, 203.453231812, 203.894424438, 204.323989868, 204.753555298, 205.194732666, 205.635910034, 206.077087402, 206.518280029, 206.959457397, 207.400634766, 207.830200195, 208.259765625, 208.700942993, 209.142120361, 209.583312988, 210.024490356, 210.465667725, 210.895233154, 211.324798584, 211.765975952, 212.207168579, 212.648345947, 213.089523315, 213.530700684, 213.971878052, 214.41305542, 214.831008911, 215.272201538, 215.713378906, 216.154556274, 216.595733643, 217.036911011, 217.478088379, 217.907653809, 218.337234497, 218.778411865, 219.219589233, 219.660766602, 220.090332031, 220.531509399, 220.961090088, 221.402267456, 221.843444824, 222.284622192, 222.725799561, 223.166976929, 223.608154297, 224.049331665, 224.490524292, 224.920089722, 225.349655151, 225.79083252, 226.232009888, 226.673187256, 227.102767944, 227.532333374, 227.973510742, 228.41468811, 228.855865479, 229.297042847, 229.738220215, 230.179412842, 230.608978271, 231.038543701, 231.479721069, 231.920898438, 232.362075806, 232.791656494, 233.232833862, 233.662399292, 234.10357666, 234.544754028, 234.974319458, 235.415512085, 235.856689453, 236.297866821, 236.727432251, 237.168609619, 237.609786987, 238.050964355, 238.492156982, 238.933334351, 239.374511719, 239.815689087, 240.245254517, 240.674819946, 241.115997314, 241.557189941, 241.99836731, 242.439544678, 242.880722046, 243.310287476, 243.739852905, 244.181045532, 244.6222229, 245.05178833, 245.504577637, 245.945755005, 246.375320435, 246.804885864, 247.246078491, 247.687255859, 248.128433228, 248.569610596, 249.010787964, 249.451965332, 249.8931427, 250.334320068, 250.775512695, 251.205078125, 251.634643555, 252.075820923, 252.516998291, 252.958175659, 253.387756348, 253.817321777, 254.258499146, 254.699676514, 255.140853882, 255.58203125, 256.023223877, 256.464385986, 256.893951416, 257.335144043, 257.764709473, 258.2059021, 258.647064209, 259.088256836, 259.529418945, 259.970611572, 260.400177002, 260.829742432, 261.270935059, 261.712097168, 262.153289795, 262.594451904, 263.035644531, 263.476806641, 263.906402588, 264.335968018, 264.777130127, 265.218322754, 265.659484863, 266.10067749, 266.5418396, 266.983032227, 267.412597656, 267.842163086, 268.283355713, 268.724517822, 269.165710449, 269.606903076, 270.048065186, 270.489257812, 270.930419922, 271.359985352, 271.789550781, 272.230743408, 272.671936035, 273.113098145, 273.554290771, 273.995452881, 274.425018311, 274.85458374, 275.295776367, 275.736968994, 276.178131104, 276.61932373, 277.06048584, 277.501678467, 277.931243896, 278.360809326, 278.802001953, 279.243164062, 279.684356689, 280.137145996, 280.566711426, 281.007873535, 281.437469482, 281.867034912, 282.308197021, 282.760986328, 283.202178955, 283.631744385, 284.072906494, 284.502502441, 284.932067871, 285.384857178, 285.837646484, 286.302032471, 286.754821777, 287.230834961, 287.706848145, 288.182861328, 288.658874512, 289.134857178, 289.622497559, 290.086883545, 290.551300049, 291.027282715, 291.514923096, 292.002532959, 292.490142822, 293.035827637, 293.581481934, 294.127166748], "beats_loudness": {"dmean2": 0.0175489652902, "median": 0.0351825803518, "min": 0, "dvar2": 0.000189391503227, "dvar": 6.64395120111e-05, "dmean": 0.0103219226003, "max": 0.0630404576659, "var": 0.000117791219964, "mean": 0.0348740890622}, "danceability": 1.1594684124, "bpm_histogram_second_peak_weight": {"dmean2": 0, "median": 0.0119760483503, "min": 0.0119760483503, "dvar2": 0, "dvar": 0, "dmean": 0, "max": 0.0119760483503, "var": 0, "mean": 0.0119760483503}, "beats_count": 669, "bpm_histogram_second_peak_bpm": {"dmean2": 0, "median": 144, "min": 144, "dvar2": 0, "dvar": 0, "dmean": 0, "max": 144, "var": 0, "mean": 144}, "bpm_histogram_first_peak_spread": {"dmean2": 0, "median": 0.276827394962, "min": 0.276827394962, "dvar2": 0, "dvar": 0, "dmean": 0, "max": 0.276827394962, "var": 0, "mean": 0.276827394962}, "beats_loudness_band_ratio": {"dmean2": [0.274509489536, 0.153397232294, 0.207069501281, 0.264068752527, 0.103373877704, 0.0553416088223], "median": [0.26110881567, 0.112864613533, 0.138373047113, 0.243751853704, 0.127167016268, 0.0659640282393], "min": [0, 0, 0, 0, 0, 0], "dvar2": [0.0429993495345, 0.0131715377793, 0.0323756933212, 0.0434844456613, 0.014543581754, 0.00205004657619], "dvar": [0.0142388641834, 0.00416084798053, 0.0124192778021, 0.0151392482221, 0.00507214525715, 0.000737841124646], "dmean": [0.158715888858, 0.082981929183, 0.119508869946, 0.150339886546, 0.0599546954036, 0.0322317369282], "max": [0.916988611221, 0.532918393612, 0.70006519556, 0.734658360481, 0.70335996151, 0.30574336648], "var": [0.0212150868028, 0.00509053375572, 0.0202742554247, 0.026051459834, 0.00686421338469, 0.00129190972075], "mean": [0.272123366594, 0.116480745375, 0.183534756303, 0.275219678879, 0.143545940518, 0.0727658718824]}}, "lowlevel": {"barkbands_spread": {"dmean2": 6.75774908066, "median": 23.5700817108, "min": 3.14385843277, "dvar2": 44.4742469788, "dvar": 19.5979938507, "dmean": 4.39612674713, "max": 116.269577026, "var": 69.7751922607, "mean": 24.29114151}, "melbands_spread": {"dmean2": 10.2762050629, "median": 34.1776504517, "min": 4.25041770935, "dvar2": 107.362815857, "dvar": 44.1262588501, "dmean": 6.49010372162, "max": 156.979812622, "var": 237.385345459, "mean": 36.0082435608}, "hfc": {"dmean2": 11.0563898087, "median": 37.7305717468, "min": 1.0708962775e-16, "dvar2": 145.203781128, "dvar": 70.120513916, "dmean": 7.28762626648, "max": 117.755065918, "var": 305.3855896, "mean": 35.6821708679}, "barkbands_kurtosis": {"dmean2": 1.25957477093, "median": 0.0492856502533, "min": -1.6786788702, "dvar2": 3.31295490265, "dvar": 1.26779770851, "dmean": 0.766680300236, "max": 20.9580879211, "var": 2.02706813812, "mean": 0.389432907104}, "gfcc": {"mean": [30.5071029663, 69.9654312134, -135.442153931, 25.1625499725, -49.2338256836, 16.4154663086, -28.0328102112, 8.67272377014, -21.2290267944, 0.793213009834, -16.2416381836, 0.939136207104, -12.3965759277], "icov": [[0.000180185845238, -0.000196146414964, 0.000426074344432, -0.000613737094682, 0.000382251309929, -0.000397588184569, 0.000532277277671, -0.000452938111266, 0.000509090081323, -0.000689838896506, 0.00140925741289, -0.000995368347503, 0.00072277802974], [-0.000196146414964, 0.00244036666118, 0.000202963798074, -0.00134438415989, -0.000653494149446, 0.0026606596075, -0.00113132002298, 0.000298467464745, -0.001652277424, 0.00301794009283, -0.00334790837951, 0.00190612277947, -0.000966539722867], [0.000426074344432, 0.000202963798074, 0.00389357772656, -0.00254315161146, -0.000909410475288, 0.000252896745224, 0.00109238666482, 0.000645521096885, -0.001632706495, -0.000777868670411, 0.00482688099146, -0.00485129794106, 0.00338882557116], [-0.000613737094682, -0.00134438415989, -0.00254315161146, 0.0108853606507, -0.00303540681489, -0.00391013454646, 0.00199686107226, 9.74163558567e-05, -0.000146517108078, 0.00025026887306, -0.0059138876386, 0.00440015178174, -0.00389659497887], [0.000382251309929, -0.000653494149446, -0.000909410475288, -0.00303540681489, 0.010821656324, -0.00106112286448, -0.00511990115047, 0.00244102207944, 0.00155914900824, -0.00276860850863, 0.00234594661742, -0.00105510023423, 0.000603930850048], [-0.000397588184569, 0.0026606596075, 0.000252896745224, -0.00391013454646, -0.00106112286448, 0.0141628291458, -0.00783199910074, 0.00244070519693, -0.00130847853143, 0.00174295622855, -9.4089358754e-05, -0.000225022915401, 0.000241071364144], [0.000532277277671, -0.00113132002298, 0.00109238666482, 0.00199686107226, -0.00511990115047, -0.00783199910074, 0.0244106706232, -0.0152747686952, 0.00172870943788, 0.00662130163983, -0.00732841389254, 0.00336497533135, -0.00146147352643], [-0.000452938111266, 0.000298467464745, 0.000645521096885, 9.74163558567e-05, 0.00244102207944, 0.00244070519693, -0.0152747686952, 0.0270036179572, -0.0117354774848, -0.00462486222386, 0.00900820922107, -0.00588749069721, 0.00110569770914], [0.000509090081323, -0.001652277424, -0.001632706495, -0.000146517108078, 0.00155914900824, -0.00130847853143, 0.00172870943788, -0.0117354774848, 0.0248484313488, -0.0105714704841, 0.00357331382111, 0.00499267550185, -0.00170518795494], [-0.000689838896506, 0.00301794009283, -0.000777868670411, 0.00025026887306, -0.00276860850863, 0.00174295622855, 0.00662130163983, -0.00462486222386, -0.0105714704841, 0.0303225368261, -0.023729737848, 0.0109125506133, -0.000998585717753], [0.00140925741289, -0.00334790837951, 0.00482688099146, -0.0059138876386, 0.00234594661742, -9.4089358754e-05, -0.00732841389254, 0.00900820922107, 0.00357331382111, -0.023729737848, 0.0435156859457, -0.0266781486571, 0.0126870805398], [-0.000995368347503, 0.00190612277947, -0.00485129794106, 0.00440015178174, -0.00105510023423, -0.000225022915401, 0.00336497533135, -0.00588749069721, 0.00499267550185, 0.0109125506133, -0.0266781486571, 0.034203030169, -0.0157912373543], [0.00072277802974, -0.000966539722867, 0.00338882557116, -0.00389659497887, 0.000603930850048, 0.000241071364144, -0.00146147352643, 0.00110569770914, -0.00170518795494, -0.000998585717753, 0.0126870805398, -0.0157912373543, 0.0201316773891]], "cov": [[19001.1464844, 543.639465332, -1368.08874512, 563.054382324, -689.599365234, 266.641418457, -433.970611572, 163.302825928, -221.772323608, 36.815990448, -332.905578613, 0.923970103264, -146.225814819], [543.639465332, 725.737243652, -99.0690689087, 111.426528931, 32.7751350403, -69.6826324463, 25.8492908478, 8.28708267212, 16.2617416382, -18.1168460846, 43.9011764526, -4.95140075684, 23.7698173523], [-1368.08874512, -99.0690689087, 528.817626953, 48.2407951355, 102.072784424, -3.41308164597, -5.70883464813, -26.4966392517, 34.0377616882, 2.48270106316, -1.13395369053, 18.0086612701, -19.4523353577], [563.054382324, 111.426528931, 48.2407951355, 190.589736938, 49.9465789795, 48.6516799927, -1.69003224373, -6.67339468002, -0.511729240417, 16.7676792145, 21.556438446, 7.1799325943, 4.90199375153], [-689.599365234, 32.7751350403, 102.072784424, 49.9465789795, 166.429962158, 30.449968338, 54.7093544006, -6.02925109863, 4.71287727356, 2.67004871368, 24.4957675934, 6.20366239548, 7.7229924202], [266.641418457, -69.6826324463, -3.41308164597, 48.6516799927, 30.449968338, 129.753372192, 45.4778518677, 16.6135616302, -3.31445646286, -6.79694509506, -5.51102685928, 5.2724237442, 3.98536491394], [-433.970611572, 25.8492908478, -5.70883464813, -1.69003224373, 54.7093544006, 45.4778518677, 116.638870239, 52.1046409607, 19.4011363983, -13.5890617371, 9.42353343964, 1.59282755852, 17.1553783417], [163.302825928, 8.28708267212, -26.4966392517, -6.67339468002, -6.02925109863, 16.6135616302, 52.1046409607, 94.8528594971, 46.625038147, 7.91998720169, -20.5506744385, -10.3319635391, 5.44718933105], [-221.772323608, 16.2617416382, 34.0377616882, -0.511729240417, 4.71287727356, -3.31445646286, 19.4011363983, 46.625038147, 88.6507415771, 33.8394508362, -5.86452054977, -27.941865921, -7.37413167953], [36.815990448, -18.1168460846, 2.48270106316, 16.7676792145, 2.67004871368, -6.79694509506, -13.5890617371, 7.91998720169, 33.8394508362, 88.422454834, 43.1829566956, -9.45816707611, -28.1650619507], [-332.905578613, 43.9011764526, -1.13395369053, 21.556438446, 24.4957675934, -5.51102685928, 9.42353343964, -20.5506744385, -5.86452054977, 43.1829566956, 94.5729217529, 38.1082878113, -8.4959192276], [0.923970103264, -4.95140075684, 18.0086612701, 7.1799325943, 6.20366239548, 5.2724237442, 1.59282755852, -10.3319635391, -27.941865921, -9.45816707611, 38.1082878113, 83.4083786011, 37.0946426392], [-146.225814819, 23.7698173523, -19.4523353577, 4.90199375153, 7.7229924202, 3.98536491394, 17.1553783417, 5.44718933105, -7.37413167953, -28.1650619507, -8.4959192276, 37.0946426392, 93.3835906982]]}, "spectral_energyband_middle_low": {"dmean2": 0.00596175855026, "median": 0.00756214885041, "min": 1.63277521395e-22, "dvar2": 0.000101449011709, "dvar": 3.88424596167e-05, "dmean": 0.00372303836048, "max": 0.064938813448, "var": 7.4944604421e-05, "mean": 0.0103467702866}, "melbands_crest": {"dmean2": 4.42392015457, "median": 11.2833662033, "min": 1.57106900215, "dvar2": 17.5946788788, "dvar": 7.00094127655, "dmean": 2.74384450912, "max": 32.0167541504, "var": 18.8069496155, "mean": 11.9346847534}, "spectral_kurtosis": {"dmean2": 2.1110253334, "median": 4.16031122208, "min": -1.2778083086, "dvar2": 5.10754728317, "dvar": 1.70142054558, "dmean": 1.22141218185, "max": 21.3934574127, "var": 3.56973862648, "mean": 4.44781780243}, "spectral_rms": {"dmean2": 0.0011027030414, "median": 0.00568437809125, "min": 3.08802202559e-12, "dvar2": 1.68305496118e-06, "dvar": 7.28957957108e-07, "dmean": 0.000702512799762, "max": 0.0100013865158, "var": 2.44336069954e-06, "mean": 0.00532654765993}, "zerocrossingrate": {"dmean2": 0.00840254686773, "median": 0.064453125, "min": 0.02099609375, "dvar2": 8.03520379122e-05, "dvar": 5.70999800402e-05, "dmean": 0.00690418621525, "max": 0.5224609375, "var": 0.00213715457357, "mean": 0.0718043521047}, "silence_rate_60dB": {"dmean2": 0.0255299024284, "median": 0, "min": 0, "dvar2": 0.0292901750654, "dvar": 0.0126005914062, "dmean": 0.0127639453858, "max": 1, "var": 0.0378420911729, "mean": 0.0393917895854}, "erbbands_kurtosis": {"dmean2": 0.986231267452, "median": 0.169481992722, "min": -1.55519115925, "dvar2": 1.87941718102, "dvar": 0.702762186527, "dmean": 0.612896561623, "max": 18.7264270782, "var": 1.90691494942, "mean": 0.514696776867}, "erbbands": {"dmean2": [0.118369989097, 0.968222916126, 2.28209161758, 3.01982879639, 8.96037101746, 8.05506515503, 7.06154537201, 6.07586812973, 10.591999054, 15.5686359406, 24.0210170746, 34.5296325684, 45.6424293518, 53.4486579895, 44.5246238708, 64.1266021729, 44.2118644714, 48.3777580261, 50.0594940186, 37.063873291, 48.1223564148, 45.5760421753, 23.1240024567, 25.6089878082, 17.9412345886, 13.1084871292, 9.52544784546, 6.21592569351, 6.04944181442, 3.96731185913, 2.79338860512, 1.41660523415, 0.737886250019, 0.39508998394, 0.19973051548, 0.118778556585, 0.0456585921347, 0.00976325012743, 0.001411332516, 9.99857584247e-05], "median": [0.0371722690761, 0.420364409685, 1.24574255943, 1.96917247772, 2.83045005798, 3.52860498428, 4.64181661606, 5.0514497757, 7.77462053299, 10.1562204361, 12.689455986, 15.4758415222, 22.4478473663, 25.4995250702, 25.2462692261, 40.5631370544, 32.7741966248, 32.4162902832, 38.2086982727, 27.4860305786, 35.6412200928, 37.9283714294, 24.5594139099, 27.4466285706, 20.2483253479, 15.3122959137, 12.2061061859, 8.44407653809, 6.26232910156, 4.08317422867, 2.83842921257, 1.62713563442, 0.892799437046, 0.45482891798, 0.196916356683, 0.0797111466527, 0.0226728040725, 0.00420712912455, 0.000536983367056, 7.50591498218e-05], "min": [5.94069501379e-23, 7.1184601801e-22, 2.12825614843e-21, 6.31012428074e-21, 1.0847497919e-20, 1.39717558614e-20, 4.6634426683e-20, 8.71582763106e-20, 8.22423031561e-20, 1.33317668677e-19, 2.24191071613e-19, 1.88642157608e-19, 5.18096718457e-19, 6.91262740394e-19, 7.85008515082e-19, 1.17164850152e-18, 1.69815061577e-18, 1.54645685837e-18, 2.62394863153e-18, 2.40740225974e-18, 3.55020914465e-18, 4.91865994052e-18, 6.04844886374e-18, 4.59186280079e-18, 6.95874623861e-18, 7.11426860148e-18, 8.35583030497e-18, 8.76598119426e-18, 9.15372955102e-18, 1.08462320742e-17, 1.14386704094e-17, 9.80549658852e-18, 9.12160847348e-18, 7.8784031621e-18, 6.65859093204e-18, 4.03239133527e-18, 2.30008901695e-18, 9.20028947975e-19, 2.47733820918e-19, 2.69804295362e-20], "dvar2": [0.0542361438274, 3.77706551552, 19.3209133148, 24.3177394867, 517.259094238, 308.46585083, 173.691238403, 120.492050171, 479.310028076, 977.594177246, 2788.97241211, 5167.66015625, 9745.34179688, 12308.2666016, 9059.78417969, 15811.6474609, 6502.01806641, 8555.171875, 8762.08105469, 5108.94824219, 6147.58105469, 4133.60253906, 910.874328613, 1181.7253418, 581.872131348, 315.321472168, 162.098190308, 64.968711853, 128.609619141, 38.2690200806, 21.1625347137, 4.92350673676, 1.37914919853, 0.4549883008, 0.168711334467, 0.0728386193514, 0.0115207536146, 0.000675188493915, 1.44120995174e-05, 5.45221539028e-08], "dvar": [0.0209798850119, 1.38117241859, 6.98094320297, 9.28145122528, 195.084640503, 108.525131226, 61.5992965698, 43.632484436, 211.710708618, 466.832366943, 1428.23193359, 2459.2331543, 4652.95263672, 6174.25634766, 4703.49121094, 7554.93603516, 3277.97827148, 4229.82617188, 3978.6784668, 2390.87719727, 2607.2746582, 1685.07104492, 392.003112793, 504.449645996, 240.445358276, 134.677932739, 70.8665771484, 28.3298110962, 49.7917671204, 16.1160793304, 8.89210510254, 2.19109177589, 0.642788112164, 0.211952134967, 0.0836136564612, 0.0334661193192, 0.00500857457519, 0.000282674853224, 5.81979702474e-06, 2.1821303875e-08], "dmean": [0.0693844258785, 0.55992692709, 1.32321083546, 1.79239535332, 5.30150032043, 4.57930088043, 4.22264194489, 3.7435131073, 6.7088470459, 10.0888338089, 16.7248420715, 23.1283779144, 30.3769283295, 36.3637275696, 30.3798217773, 42.7454681396, 29.6641693115, 31.7272338867, 32.3014755249, 23.9167900085, 30.7692928314, 28.3198204041, 14.5671710968, 16.2165412903, 11.2552652359, 8.30605602264, 6.14470767975, 3.93395328522, 3.86098957062, 2.61097383499, 1.84191918373, 0.957081854343, 0.504299521446, 0.271291345358, 0.139822557569, 0.0810552835464, 0.0300377309322, 0.00647611403838, 0.000910465489142, 6.36286422377e-05], "max": [2.03904104233, 17.1776008606, 38.6919670105, 51.7712593079, 156.175857544, 120.890510559, 110.499191284, 220.58203125, 397.12298584, 567.550292969, 816.088806152, 1059.76782227, 1130.03930664, 1382.34436035, 1377.79272461, 2783.8737793, 1469.91540527, 1922.38024902, 2024.45263672, 1464.53930664, 1936.44018555, 1120.52233887, 458.592834473, 556.147094727, 476.538574219, 361.98348999, 327.559051514, 115.742576599, 180.009384155, 71.6814498901, 50.3187484741, 27.8683433533, 21.9876613617, 11.4710149765, 9.69093894958, 6.57023572922, 1.58297145367, 0.491184413433, 0.0426287539303, 0.00288674095646], "var": [0.0217216126621, 1.19949185848, 7.09458017349, 11.3209819794, 153.504272461, 83.9582977295, 81.441368103, 96.9432830811, 751.572937012, 1799.63317871, 6918.01513672, 11697.1865234, 18096.0722656, 29882.7167969, 23223.9316406, 43508.1757812, 12836.1445312, 16081.6201172, 15110.6611328, 9797.35742188, 9149.9375, 3758.66381836, 1206.40344238, 1478.69128418, 846.399414062, 468.975189209, 254.989730835, 82.9863586426, 92.0692672729, 38.0299491882, 18.2111549377, 5.64585971832, 1.89775049686, 0.711165487766, 0.25115570426, 0.0711299180984, 0.00844891183078, 0.00038702430902, 6.31347256785e-06, 2.34307613312e-08], "mean": [0.0850002169609, 0.734809994698, 2.08886766434, 2.92893385887, 5.91420173645, 6.04118394852, 7.43587017059, 7.96764802933, 14.8899011612, 23.5786895752, 44.1250953674, 59.8271179199, 80.1114730835, 97.9061508179, 81.7632751465, 106.257293701, 69.5462188721, 71.5754699707, 74.7339553833, 56.9499130249, 65.319732666, 56.4166526794, 34.4621429443, 37.1992225647, 27.9356536865, 20.8248596191, 15.6831226349, 10.2795381546, 8.83766555786, 6.14267683029, 4.26492738724, 2.3957452774, 1.33638930321, 0.725687861443, 0.362088948488, 0.172195747495, 0.0552716068923, 0.0109440917149, 0.00137812632602, 0.000120226904983]}, "spectral_strongpeak": {"dmean2": 1.71656620502, "median": 2.63940572739, "min": 0, "dvar2": 3.9757668972, "dvar": 1.85451328754, "dmean": 1.05130326748, "max": 14.945558548, "var": 5.1863322258, "mean": 2.80485153198}, "spectral_energy": {"dmean2": 0.0125154349953, "median": 0.0331199578941, "min": 9.77427711845e-21, "dvar2": 0.000229418335948, "dvar": 9.33094779612e-05, "dmean": 0.00785006955266, "max": 0.102528430521, "var": 0.000210812781006, "mean": 0.0315861515701}, "average_loudness": 0.957146942616, "spectral_rolloff": {"dmean2": 628.194763184, "median": 1873.38867188, "min": 107.666015625, "dvar2": 491835.28125, "dvar": 217572.125, "dmean": 371.006958008, "max": 19487.5488281, "var": 3065047.75, "mean": 2086.13452148}, "spectral_centroid": {"dmean2": 297.156829834, "median": 1751.43151855, "min": 577.401611328, "dvar2": 99630.03125, "dvar": 43861.2070312, "dmean": 189.075973511, "max": 11810.0205078, "var": 917698.125, "mean": 1835.59851074}, "pitch_salience": {"dmean2": 0.0956643819809, "median": 0.512191951275, "min": 0.163846954703, "dvar2": 0.00781686604023, "dvar": 0.00317390589043, "dmean": 0.059496447444, "max": 0.98364251852, "var": 0.00927142053843, "mean": 0.52016967535}, "spectral_energyband_middle_high": {"dmean2": 0.00573705649003, "median": 0.0139017971233, "min": 1.16396540161e-21, "dvar2": 4.38125425717e-05, "dvar": 2.06572785828e-05, "dmean": 0.00377946393564, "max": 0.067944727838, "var": 9.43036939134e-05, "mean": 0.0152414133772}, "spectral_contrast_coeffs": {"dmean2": [0.0812031105161, 0.0691166445613, 0.0660279616714, 0.0555758737028, 0.0407511107624, 0.0291982963681], "median": [-0.681779026985, -0.732905626297, -0.691909611225, -0.714025318623, -0.739854574203, -0.730216264725], "min": [-0.978996872902, -0.980088412762, -0.978026390076, -0.980031251907, -0.967007994652, -0.964883267879], "dvar2": [0.0054203053005, 0.00353010580875, 0.00335371377878, 0.00217701680958, 0.00115797622129, 0.000773682259023], "dvar": [0.00213818205521, 0.00149889243767, 0.00153933570255, 0.00101637409534, 0.000541182758752, 0.000363736238796], "dmean": [0.0492446571589, 0.0435849688947, 0.0428963787854, 0.035964332521, 0.0263131726533, 0.018627692014], "max": [-0.329444646835, -0.396343648434, -0.369556367397, -0.425335913897, -0.506159484386, -0.524059355259], "var": [0.00565961003304, 0.00678732292727, 0.0082974601537, 0.0047918795608, 0.00300805899315, 0.00222174264491], "mean": [-0.675781309605, -0.725246667862, -0.692400872707, -0.716235339642, -0.739417970181, -0.728445589542]}, "melbands_skewness": {"dmean2": 0.730708837509, "median": 0.923797667027, "min": -1.46624982357, "dvar2": 0.809557020664, "dvar": 0.329611539841, "dmean": 0.455143243074, "max": 8.19481086731, "var": 0.702514708042, "mean": 1.06243789196}, "spectral_spread": {"dmean2": 545805, "median": 3989869.75, "min": 1743814, "dvar2": 597995749376, "dvar": 300739297280, "dmean": 367689.59375, "max": 42267360, "var": 12937079029800.0, "mean": 4444676.5}, "dissonance": {"dmean2": 0.0330514647067, "median": 0.470287144184, "min": 0.265750795603, "dvar2": 0.000923247367609, "dvar": 0.000332926865667, "dmean": 0.0192509405315, "max": 0.500000059605, "var": 0.000608666392509, "mean": 0.465035170317}, "spectral_skewness": {"dmean2": 0.266551822424, "median": 1.47340655327, "min": -0.0894582644105, "dvar2": 0.0617710500956, "dvar": 0.0218928977847, "dmean": 0.158223941922, "max": 3.29466319084, "var": 0.0736951753497, "mean": 1.48308849335}, "spectral_flux": {"dmean2": 0.0421586148441, "median": 0.0742339715362, "min": 6.44919534443e-11, "dvar2": 0.00191156577785, "dvar": 0.000908000278287, "dmean": 0.0274021122605, "max": 0.285147041082, "var": 0.00186047924217, "mean": 0.0853641852736}, "spectral_contrast_valleys": {"dmean2": [0.679954051971, 0.55534017086, 0.528231263161, 0.462308734655, 0.363434791565, 0.364032030106], "median": [-7.07947349548, -6.62045431137, -7.12119150162, -7.33521652222, -7.18077373505, -9.98937797546], "min": [-28.2655448914, -28.0633945465, -28.0172405243, -27.7583179474, -27.5553264618, -27.4345302582], "dvar2": [0.385251373053, 0.263300836086, 0.223483324051, 0.191261351109, 0.137939438224, 0.223511785269], "dvar": [0.174310564995, 0.120117224753, 0.111876063049, 0.0986735373735, 0.0773581117392, 0.129015043378], "dmean": [0.420593321323, 0.352544337511, 0.343409717083, 0.300495564938, 0.243689358234, 0.277769863605], "max": [-5.38844203949, -4.87180137634, -5.19519758224, -5.64688873291, -5.75229644775, -8.1628704071], "var": [4.65654563904, 4.63054180145, 4.37685203552, 4.36200761795, 4.36618423462, 3.75745606422], "mean": [-7.46502876282, -6.91976690292, -7.36635160446, -7.60130405426, -7.48005151749, -10.2602148056]}, "erbbands_flatness_db": {"dmean2": 0.0244069863111, "median": 0.165166035295, "min": 0.0438546389341, "dvar2": 0.000688673520926, "dvar": 0.000339785998221, "dmean": 0.0166445504874, "max": 0.350341677666, "var": 0.00149302394129, "mean": 0.164925426245}, "spectral_energyband_high": {"dmean2": 0.00048509138287, "median": 0.000947730964981, "min": 6.98914384011e-21, "dvar2": 3.75896007654e-07, "dvar": 1.79229459718e-07, "dmean": 0.000331073621055, "max": 0.00742978742346, "var": 6.85400209477e-07, "mean": 0.00110292178579}, "spectral_entropy": {"dmean2": 0.196671515703, "median": 7.58315753937, "min": 5.98589706421, "dvar2": 0.0415343120694, "dvar": 0.0226773638278, "dmean": 0.144396468997, "max": 9.8323097229, "var": 0.183259