{"metadata": {"tags": {"album": ["Limitless (Original Motion Picture Soundtrack)"], "tracknumber": ["24"], "genre": ["Soundtrack"], "artist": ["Paul Leonard-Morgan"], "date": ["2011-03-14 07:00"], "discnumber": ["1"], "title": ["Gennady Drop In"], "file_name": "2068917.mp3", "musicbrainz_recordingid": ["1455636a-b025-41d5-a809-e83e93c1f30c"]}, "audio_properties": {"sample_rate": 44100, "downmix": "mix", "lossless": false, "analysis_sample_rate": 44100, "md5_encoded": "4ebc58913345ff17aabedbdc59e8461a", "equal_loudness": 0, "replay_gain": -11.5895824432, "codec": "mp3", "bit_rate": 320000, "length": 86.4653091431}, "version": {"extractor": "music 1.0", "essentia_build_sha": "70f2e5ece6736b2c40cc944ad0e695b16b925413", "essentia_git_sha": "v2.1_beta2", "essentia": "2.1-beta2"}}, "rhythm": {"beats_loudness_band_ratio": {"dvar2": [0.0347169116139, 0.0120828608051, 0.0138510959223, 0.0143975112587, 0.00428244424984, 0.00494343182072], "var": [0.0504832491279, 0.0289915427566, 0.00895685423166, 0.00999545305967, 0.00516422325745, 0.00591662432998], "min": [0.00271982047707, 0.000624270411208, 8.51723816595e-05, 0.000118976204249, 0.000114555325126, 2.21797599806e-05], "dmean": [0.13969309628, 0.0531521774828, 0.0536802448332, 0.0598702579737, 0.0372832044959, 0.0253125261515], "mean": [0.631207287312, 0.112328983843, 0.0861039459705, 0.101586468518, 0.0712610259652, 0.0439259000123], "max": [0.998557925224, 0.919594347477, 0.596857130527, 0.524625599384, 0.447354018688, 0.468198597431], "dmean2": [0.221108570695, 0.0852824673057, 0.089612416923, 0.0991635322571, 0.0594286806881, 0.0403760746121], "median": [0.665347933769, 0.0462815463543, 0.0646218433976, 0.0695238411427, 0.0578550547361, 0.00634032022208], "dvar": [0.0148455277085, 0.00536302290857, 0.00526372483, 0.00543510820717, 0.00213814037852, 0.00200866023079]}, "bpm_histogram_first_peak_weight": {"dvar2": 0, "var": 0, "min": 0.410596013069, "dmean": 0, "mean": 0.410596013069, "max": 0.410596013069, "dmean2": 0, "median": 0.410596013069, "dvar": 0}, "bpm": 103.922836304, "beats_count": 152, "bpm_histogram_first_peak_spread": {"dvar2": 0, "var": 0, "min": 0.540740728378, "dmean": 0, "mean": 0.540740728378, "max": 0.540740728378, "dmean2": 0, "median": 0.540740728378, "dvar": 0}, "danceability": 0.830758154392, "bpm_histogram_first_peak_bpm": {"dvar2": 0, "var": 0, "min": 105, "dmean": 0, "mean": 105, "max": 105, "dmean2": 0, "median": 105, "dvar": 0}, "beats_position": [0.603718817234, 1.18421769142, 1.764716506, 2.34521532059, 2.92571425438, 3.50621318817, 4.08671188354, 4.67882061005, 5.27092981339, 5.86303853989, 6.45514726639, 7.04725599289, 7.63936471939, 8.2198638916, 8.80036258698, 9.36925125122, 9.93814086914, 10.5302495956, 11.1223583221, 11.7144670486, 12.3065757751, 12.8870744705, 13.4675731659, 14.0480718613, 14.6285715103, 15.1974601746, 15.7663488388, 16.3468475342, 16.9157371521, 17.4846248627, 18.0535144806, 18.6224040985, 19.2029018402, 19.7717914581, 20.3406791687, 20.9211788177, 21.4900684357, 22.0589561462, 22.6394557953, 23.2083435059, 23.7772331238, 24.3461227417, 24.9150104523, 25.4955101013, 26.0643978119, 26.6332874298, 27.2021770477, 27.7710647583, 28.3515644073, 28.9204521179, 29.4893417358, 30.0582313538, 30.6271190643, 31.2076187134, 31.776506424, 32.3453979492, 32.9142837524, 33.4831733704, 34.0520629883, 34.6209526062, 35.1898422241, 35.7587280273, 36.3392295837, 36.9197273254, 37.4886169434, 38.0575065613, 38.6263923645, 39.1952819824, 39.7641716003, 40.3330612183, 40.91355896, 41.4824485779, 42.0513381958, 42.6318359375, 43.2007255554, 43.7696151733, 44.3385009766, 44.9073905945, 45.4762802124, 46.0451698303, 46.625667572, 47.2061653137, 47.7750549316, 48.3439445496, 48.9128341675, 49.4817237854, 50.0622215271, 50.631111145, 51.2000007629, 51.7688865662, 52.3377761841, 52.9182739258, 53.4871635437, 54.0560531616, 54.6365509033, 55.2054405212, 55.7743301392, 56.3432197571, 56.9237174988, 57.5042152405, 58.0847167969, 58.6652145386, 59.2457122803, 59.8378219604, 60.4183197021, 60.9988212585, 61.590927124, 62.1830368042, 62.7751464844, 63.3672561646, 63.95936203, 64.5514755249, 65.1435852051, 65.7356872559, 66.316192627, 66.8850784302, 67.4539642334, 68.022857666, 68.6033554077, 69.1838531494, 69.7643508911, 70.3448486328, 70.9253463745, 71.5058517456, 72.0863494873, 72.6784591675, 73.2705688477, 73.8626708984, 74.4547805786, 75.0468902588, 75.638999939, 76.2194976807, 76.7999954224, 77.3805007935, 77.9726028442, 78.5647125244, 79.0175018311, 79.4702911377, 79.9346923828, 80.3874816895, 80.8402709961, 81.2930603027, 81.7458496094, 82.198638916, 82.6398162842, 83.0809936523, 83.533782959, 83.9865722656, 84.4393615723, 84.8921508789, 85.3333282471, 85.7861175537], "beats_loudness": {"dvar2": 0.0009716420318, "var": 0.000856370315887, "min": 6.79323329678e-06, "dmean": 0.0100485300645, "mean": 0.0209026783705, "max": 0.118623018265, "dmean2": 0.0171331688762, "median": 0.00408913381398, "dvar": 0.000300115818391}, "bpm_histogram_second_peak_weight": {"dvar2": 0, "var": 0, "min": 0.0794702023268, "dmean": 0, "mean": 0.0794702023268, "max": 0.0794702023268, "dmean2": 0, "median": 0.0794702023268, "dvar": 0}, "bpm_histogram_second_peak_spread": {"dvar2": 0, "var": 0, "min": 0.249999940395, "dmean": 0, "mean": 0.249999940395, "max": 0.249999940395, "dmean2": 0, "median": 0.249999940395, "dvar": 0}, "bpm_histogram_second_peak_bpm": {"dvar2": 0, "var": 0, "min": 133, "dmean": 0, "mean": 133, "max": 133, "dmean2": 0, "median": 133, "dvar": 0}, "onset_rate": 3.13357400894}, "lowlevel": {"spectral_energyband_high": {"dvar2": 3.32175659423e-06, "var": 4.24672725785e-06, "min": 7.45261539915e-21, "dmean": 0.000307470181724, "mean": 0.000795321713667, "max": 0.0230350419879, "dmean2": 0.000487689045258, "median": 1.02733793028e-05, "dvar": 1.33268861191e-06}, "spectral_energyband_middle_low": {"dvar2": 2.25543062697e-05, "var": 2.68492658506e-05, "min": 2.91649676917e-22, "dmean": 0.00135826715268, "mean": 0.00376678397879, "max": 0.0399357043207, "dmean2": 0.00230576633476, "median": 0.00117205968127, "dvar": 8.20314198791e-06}, "spectral_energy": {"dvar2": 0.000541866349522, "var": 0.000727701117285, "min": 1.04313759877e-20, "dmean": 0.00695259403437, "mean": 0.0190436635166, "max": 0.167928606272, "dmean2": 0.0118127670139, "median": 0.00374109763652, "dvar": 0.000183959040442}, "spectral_spread": {"dvar2": 612888412160, "var": 1944848302080.0, "min": 536417, "dmean": 348017.125, "mean": 2550765, "max": 41033280, "dmean2": 554379.0625, "median": 2316475, "dvar": 458634690560}, "spectral_energyband_low": {"dvar2": 0.000535669270903, "var": 0.000370024703443, "min": 6.59345469366e-23, "dmean": 0.00645355693996, "mean": 0.0117700593546, "max": 0.148026779294, "dmean2": 0.0111572854221, "median": 0.00187561265193, "dvar": 0.000178853661055}, "spectral_rolloff": {"dvar2": 1179418, "var": 1444807.25, "min": 21.533203125, "dmean": 414.582946777, "mean": 1207.70043945, "max": 19832.0800781, "dmean2": 707.973571777, "median": 990.52734375, "dvar": 503748.1875}, "barkbands": {"dvar2": [1.58964685397e-05, 0.000457236339571, 3.48558642145e-05, 9.89296313492e-06, 4.22315088144e-06, 4.01918384796e-07, 6.44267856842e-07, 2.8736008062e-07, 7.46322143641e-07, 1.80169138275e-06, 7.16944043688e-07, 1.74959524202e-07, 3.16686566748e-07, 2.81702398297e-07, 2.52111874488e-07, 2.20763340053e-07, 3.5928698594e-07, 2.41787432742e-07, 3.29025880319e-07, 3.85353246202e-07, 1.93136401094e-07, 1.08451594372e-07, 1.64948161796e-07, 1.85933515695e-07, 9.7113328934e-08, 1.04086934627e-08, 4.43762360192e-09], "var": [6.84087353875e-06, 0.000217612017877, 2.38166085182e-05, 6.32065575701e-06, 1.65002120411e-06, 2.5836061468e-07, 7.32758564936e-07, 2.34443476188e-07, 1.50681466948e-06, 4.23811570727e-06, 1.29585873765e-06, 1.07576340724e-07, 1.82176449925e-07, 1.96468960212e-07, 1.99054824179e-07, 2.36040989421e-07, 3.94075215127e-07, 2.70845163186e-07, 4.55652497067e-07, 5.98049496148e-07, 3.45582662931e-07, 1.75049933659e-07, 7.7815990096e-08, 6.17303896888e-08, 3.19100834645e-08, 5.95563198758e-09, 1.88484405861e-09], "min": [3.68035087836e-24, 4.47272016357e-23, 2.13143274615e-24, 3.34356107214e-23, 4.42420111582e-23, 6.20362046023e-23, 5.07387761173e-23, 5.85758820188e-23, 3.60158706128e-23, 1.2096879059e-22, 6.98150610145e-23, 1.07316410354e-22, 1.28573371851e-22, 1.92780161944e-22, 1.50307688858e-22, 1.37180854069e-22, 7.38482859418e-23, 1.01505989093e-22, 3.11330128293e-22, 3.68517823378e-22, 3.26737376944e-22, 4.06846719362e-22, 7.79006833446e-22, 7.95367480454e-22, 1.03991254354e-21, 1.92663652868e-21, 2.20559955519e-21], "dmean": [0.000975552306045, 0.0053186789155, 0.00153489469085, 0.000807716685813, 0.000492205203045, 0.000160834184499, 0.000224180388614, 0.000149436003994, 0.00021716208721, 0.000297827791655, 0.000198859226657, 0.000134491521749, 0.000159823655849, 0.000141426498885, 0.00013692995708, 0.000138953997521, 0.000146483056596, 0.000123189704027, 0.000136545335408, 0.00014432783064, 9.65474027907e-05, 6.34943062323e-05, 4.7995679779e-05, 4.26646656706e-05, 3.28208625433e-05, 1.42874641824e-05, 8.17736872705e-06], "mean": [0.00117351394147, 0.00770399812609, 0.00249713286757, 0.00137061218265, 0.000738836650271, 0.000247111398494, 0.000416088063503, 0.000248634401942, 0.000479648937471, 0.000682488956954, 0.000410024658777, 0.000229032302741, 0.000252321857261, 0.000246790325036, 0.000242745285504, 0.000269053096417, 0.000306494388497, 0.000264893402345, 0.000308908463921, 0.000348626199411, 0.000250902026892, 0.000162730590091, 7.5281233876e-05, 5.36423249287e-05, 3.63058570656e-05, 1.81629893632e-05, 8.58875046106e-06], "max": [0.0322311222553, 0.131482675672, 0.0617719516158, 0.0306972786784, 0.0163841750473, 0.00739384302869, 0.00886642374098, 0.00640943227336, 0.0167151819915, 0.0212237760425, 0.0170207787305, 0.00482037151232, 0.00608774693683, 0.00627244496718, 0.00492185493931, 0.00536086084321, 0.00717837410048, 0.00533833634108, 0.00699147582054, 0.00687140505761, 0.00474957190454, 0.00484729511663, 0.00407653674483, 0.00456587923691, 0.00319261010736, 0.00121982896235, 0.000841888657305], "dmean2": [0.00168874661904, 0.00935076270252, 0.00269872113131, 0.00140372070018, 0.000844837108161, 0.000271658587735, 0.000361290061846, 0.000247102725552, 0.000332798575982, 0.000454725988675, 0.000319307291647, 0.00023209794017, 0.000266975810518, 0.000236052073888, 0.000230080433539, 0.000224103991059, 0.0002421803365, 0.000207515768125, 0.000229223529459, 0.000243091126322, 0.000158339942573, 9.9753116956e-05, 7.83695359132e-05, 7.21872420399e-05, 5.4463656852e-05, 2.18728000618e-05, 1.28232886709e-05], "median": [3.3675958548e-05, 0.000972034235019, 0.000648093526252, 0.000282242777757, 0.0002908204915, 4.99371963087e-05, 7.31847103452e-05, 4.82444957015e-05, 7.4983399827e-05, 3.56894925062e-05, 6.2597602664e-05, 0.000102270918433, 8.90543378773e-05, 7.4060211773e-05, 8.30837961985e-05, 6.77263087709e-05, 4.37883318227e-05, 3.26628251059e-05, 1.84684631677e-05, 9.21711034607e-06, 3.83175211027e-06, 1.14761610348e-06, 3.79646877491e-07, 1.50753180606e-07, 6.31025898201e-08, 1.80206729539e-08, 2.97087524359e-07], "dvar": [5.61114029551e-06, 0.000149415340275, 1.19128499136e-05, 3.45301259586e-06, 1.50519099407e-06, 1.53100771172e-07, 2.59271104142e-07, 1.07650855341e-07, 3.85811347314e-07, 1.00565159755e-06, 3.36703664061e-07, 6.18427691279e-08, 1.16407775863e-07, 9.90328956618e-08, 9.34202120106e-08, 8.81926780494e-08, 1.34789260642e-07, 8.6953221512e-08, 1.29567808926e-07, 1.36253476057e-07, 7.33567517841e-08, 4.43796608351e-08, 6.24496721002e-08, 6.7787929936e-08, 3.61834331386e-08, 4.5963748363e-09, 1.85438620015e-09]}, "melbands_skewness": {"dvar2": 2.03347349167, "var": 3.91048884392, "min": -0.748466551304, "dmean": 0.834166884422, "mean": 2.93399810791, "max": 13.1884346008, "dmean2": 1.3603540659, "median": 2.53283429146, "dvar": 0.852074503899}, "barkbands_skewness": {"dvar2": 1.43548107147, "var": 4.83767700195, "min": -2.84070634842, "dmean": 0.656513392925, "mean": 1.79443192482, "max": 21.1778106689, "dmean2": 1.04306733608, "median": 1.36421477795, "dvar": 0.682517886162}, "erbbands": {"dvar2": [0.645643174648, 20.8147525787, 43.192276001, 66.8576812744, 73.3182983398, 48.4405822754, 45.3257675171, 24.8729934692, 27.4800930023, 408.641540527, 110.938064575, 620.588378906, 1523.81347656, 404.686187744, 866.736999512, 295.695281982, 638.719116211, 511.90335083, 395.76159668, 1234.24182129, 547.06048584, 946.082397461, 773.735351562, 934.807373047, 635.811828613, 1245.17016602, 341.598937988, 327.430297852, 182.059692383, 244.613311768, 80.5071182251, 77.0791549683, 44.183795929, 29.9316806793, 1.60331845284, 0.267427444458, 0.0336525887251, 0.00166622095276, 6.80173907313e-05, 9.93623416434e-07], "var": [0.266055613756, 9.75894355774, 30.724943161, 50.5118942261, 36.1399002075, 18.001750946, 15.9404449463, 18.1170749664, 23.5294551849, 433.168487549, 117.08808136, 1204.56225586, 3849.98657227, 853.18170166, 1453.45812988, 203.624649048, 387.785522461, 391.691650391, 369.587646484, 1017.75366211, 658.614807129, 1110.30737305, 868.4921875, 1147.29150391, 1058.00292969, 1648.28149414, 584.512207031, 587.058776855, 248.974533081, 128.259017944, 49.583316803, 31.3847789764, 14.2200155258, 8.2976732254, 0.693825542927, 0.131547659636, 0.0184174273163, 0.00119652308058, 3.50890877598e-05, 3.58627261221e-07], "min": [2.18744298113e-21, 6.64720320764e-21, 3.02782617175e-21, 6.08757238707e-20, 1.23311471603e-19, 1.65237922281e-19, 2.57100478133e-19, 6.37880536165e-19, 8.4530941305e-19, 7.17552349719e-19, 1.12416605961e-18, 9.3055906057e-19, 1.21706257831e-18, 6.19803372418e-18, 2.90748236407e-18, 4.08736369083e-18, 6.39337945687e-18, 9.27368562909e-18, 8.72296035778e-18, 7.59064026189e-18, 7.15559289052e-18, 4.57972557966e-18, 5.15668819282e-18, 1.4381032912e-17, 1.51301409096e-17, 1.75040450429e-17, 1.36543133848e-17, 1.33478727464e-17, 1.35029219619e-17, 1.50312018365e-17, 2.62442703144e-17, 1.55733161576e-17, 1.36800014787e-17, 9.35358631318e-18, 8.93126180682e-18, 5.97842967925e-18, 4.01202242628e-18, 1.45915394177e-18, 2.9289762387e-19, 3.12700476368e-20], "dmean": [0.199060246348, 1.11246740818, 1.7676846981, 2.19420051575, 2.04313325882, 1.62239027023, 1.46558046341, 1.27268970013, 1.56394886971, 5.65579509735, 2.74151992798, 5.81393289566, 8.61751174927, 5.3828368187, 7.00668478012, 5.31206226349, 7.02561330795, 6.76365089417, 5.46405076981, 9.10018730164, 6.65241670609, 7.48348760605, 6.77954769135, 7.44853544235, 5.74150371552, 7.84946012497, 4.02429866791, 3.8885204792, 2.50451588631, 1.88853776455, 1.18495261669, 0.979875445366, 0.65907651186, 0.521444439888, 0.151154071093, 0.0699944794178, 0.0252221003175, 0.00618084473535, 0.00110034574755, 0.000119290489238], "mean": [0.249210193753, 1.57464230061, 2.98133134842, 4.08092164993, 3.57518410683, 2.27861046791, 2.00693750381, 2.03195214272, 2.77227640152, 9.9138584137, 5.3599448204, 13.0327444077, 21.485294342, 13.1150512695, 14.7629356384, 10.0581865311, 12.2850570679, 12.0662240982, 11.1892595291, 16.9353466034, 14.0609340668, 16.494884491, 15.2602796555, 16.0032444, 14.7220745087, 17.9554233551, 10.613822937, 10.0185527802, 6.12168645859, 3.51406335831, 1.97820079327, 1.31724429131, 0.786581039429, 0.520823180676, 0.196306183934, 0.0885185077786, 0.0300170760602, 0.00763656431809, 0.00131553795654, 0.000125375430798], "max": [5.28143119812, 29.3225593567, 71.4366531372, 81.8666305542, 74.751953125, 58.6562690735, 55.7474098206, 64.8631134033, 41.671005249, 205.137191772, 179.692626953, 485.369232178, 702.822875977, 319.562805176, 541.454345703, 242.759307861, 282.791046143, 179.955734253, 222.614868164, 414.272827148, 294.762634277, 357.87097168, 330.150878906, 315.27557373, 302.030029297, 393.109619141, 218.020233154, 180.586975098, 214.808761597, 178.140136719, 93.6986312866, 94.6938781738, 70.8823623657, 56.6273765564, 16.0928764343, 5.11932992935, 2.34515929222, 0.476755321026, 0.108900442719, 0.0124223297462], "dmean2": [0.348835974932, 1.96585428715, 3.10928010941, 3.81322312355, 3.51737713814, 2.78287768364, 2.54129600525, 2.12074422836, 2.60452151299, 8.89529895782, 4.60348987579, 8.96441459656, 13.1890592575, 8.53341674805, 11.361415863, 9.12237739563, 11.8591032028, 11.024766922, 9.20400524139, 15.0742359161, 10.5652475357, 12.4026956558, 11.5756111145, 12.2229452133, 9.51482009888, 13.2293262482, 6.63892316818, 6.25952577591, 3.94441866875, 3.15335512161, 1.85247588158, 1.59716188908, 1.12522161007, 0.894006490707, 0.245253801346, 0.111122779548, 0.0378809943795, 0.00909091625363, 0.00173329981044, 0.000192818464711], "median": [0.0193582959473, 0.239687174559, 0.672020554543, 1.13890099525, 1.08261811733, 0.799744725227, 0.509630262852, 0.41127166152, 0.644305825233, 1.70078408718, 1.06102931499, 1.69337618351, 1.49227797985, 1.84799587727, 2.79390120506, 4.73604249954, 5.00152397156, 3.91682553291, 3.65864014626, 4.91029596329, 3.4514272213, 2.46228265762, 1.85798072815, 1.19543492794, 0.899680972099, 0.41444465518, 0.23415414989, 0.0876647084951, 0.0464650690556, 0.0206179581583, 0.00999465957284, 0.00454265298322, 0.00194797932636, 0.000810981960967, 0.000384915008908, 0.000121822093206, 3.33469215548e-05, 8.53113961057e-05, 8.40589345898e-05, 7.26516964278e-06], "dvar": [0.21290409565, 6.8002705574, 14.8654594421, 23.684595108, 25.2931957245, 17.195192337, 15.8349924088, 9.83148574829, 10.0333995819, 165.807769775, 43.6852607727, 315.002502441, 859.319091797, 192.20161438, 389.874511719, 106.480415344, 231.799285889, 192.55859375, 144.667449951, 460.298797607, 226.279998779, 356.30581665, 272.047210693, 371.228088379, 239.833099365, 448.683197021, 126.495735168, 128.788543701, 74.3283996582, 87.8233642578, 31.8405723572, 29.4252643585, 16.0026874542, 10.7973222733, 0.628068089485, 0.109881937504, 0.0148897925392, 0.000834790233057, 3.00800693367e-05, 3.96350742449e-07]}, "silence_rate_30dB": {"dvar2": 0.0358068458736, "var": 0.00930742826313, "min": 0, "dmean": 0.0134264230728, "mean": 0.990604043007, "max": 1, "dmean2": 0.0268600583076, "median": 1, "dvar": 0.0132458368316}, "melbands_spread": {"dvar2": 182.127853394, "var": 314.529571533, "min": 0.31723728776, "dmean": 6.95977306366, "mean": 21.8562316895, "max": 145.162902832, "dmean2": 11.3617696762, "median": 18.0968513489, "dvar": 68.9665145874}, "melbands_crest": {"dvar2": 31.695274353, "var": 26.4203186035, "min": 2.03830718994, "dmean": 3.27384781837, "mean": 16.0233440399, "max": 35.2109680176, "dmean2": 5.5646905899, "median": 15.8070421219, "dvar": 10.3001556396}, "zerocrossingrate": {"dvar2": 0.000204484647838, "var": 0.000993691734038, "min": 0.00341796875, "dmean": 0.00652702478692, "mean": 0.0434726290405, "max": 0.50537109375, "dmean2": 0.00835638958961, "median": 0.03662109375, "dvar": 0.000128140367451}, "barkbands_kurtosis": {"dvar2": 1762.49975586, "var": 2706.02246094, "min": -1.75540745258, "dmean": 6.40692567825, "mean": 11.2103471756, "max": 820.774169922, "dmean2": 9.90097618103, "median": 1.21417331696, "dvar": 865.050292969}, "spectral_flux": {"dvar2": 0.000945696607232, "var": 0.00296726427041, "min": 1.02134106728e-10, "dmean": 0.0131934834644, "mean": 0.0551828145981, "max": 0.267959594727, "dmean2": 0.0213344115764, "median": 0.0313699319959, "dvar": 0.00040081658517}, "barkbands_crest": {"dvar2": 20.2624187469, "var": 21.9762439728, "min": 2.37374925613, "dmean": 2.77775669098, "mean": 11.4626312256, "max": 25.313211441, "dmean2": 4.63865041733, "median": 10.7175292969, "dvar": 6.5219707489}, "barkbands_flatness_db": {"dvar2": 0.00140946125612, "var": 0.00946564599872, "min": 0.0156855322421, "dmean": 0.0256363376975, "mean": 0.201244622469, "max": 0.525481045246, "dmean2": 0.0400577038527, "median": 0.196667268872, "dvar": 0.000562864122912}, "spectral_entropy": {"dvar2": 0.0700219199061, "var": 0.55489808321, "min": 4.06914329529, "dmean": 0.151824086905, "mean": 7.20277547836, "max": 9.80607223511, "dmean2": 0.23261281848, "median": 7.34888124466, "dvar": 0.0300017539412}, "pitch_salience": {"dvar2": 0.0138406790793, "var": 0.0161498226225, "min": 0.079976812005, "dmean": 0.0730138942599, "mean": 0.505552589893, "max": 0.94541823864, "dmean2": 0.120803952217, "median": 0.524670422077, "dvar": 0.0046458793804}, "erbbands_spread": {"dvar2": 90.5814208984, "var": 234.413284302, "min": 1.18765461445, "dmean": 6.10483646393, "mean": 30.9500293732, "max": 88.5902404785, "dmean2": 9.87333583832, "median": 28.9042720795, "dvar": 41.3613739014}, "dynamic_complexity": 8.25859642029, "spectral_contrast_valleys": {"dvar2": [0.248374909163, 0.211980998516, 0.194979324937, 0.192340314388, 0.225140795112, 0.500025033951], "var": [2.18754148483, 2.11934375763, 2.39549565315, 3.05497384071, 4.36110067368, 6.64081144333], "min": [-27.1614742279, -27.2146167755, -27.2045555115, -27.0296268463, -27.2882423401, -27.2308292389], "dmean": [0.350743234158, 0.343394219875, 0.32187256217, 0.285231620073, 0.26622363925, 0.434353947639], "mean": [-7.75912857056, -7.85123825073, -8.02825927734, -8.22012138367, -8.69564437866, -13.0496444702], "max": [-5.31618070602, -5.27619791031, -5.50179958344, -5.74133825302, -5.35101079941, -7.32293319702], "dmean2": [0.588631987572, 0.566753864288, 0.516418337822, 0.442034125328, 0.40363457799, 0.677307546139], "median": [-7.64606046677, -7.67431926727, -7.76008272171, -7.73864793777, -8.47431659698, -12.6888408661], "dvar": [0.100600287318, 0.104287602007, 0.108638338745, 0.112111665308, 0.121288798749, 0.21630077064]}, "hfc": {"dvar2": 261.804626465, "var": 560.201721191, "min": 1.16709506664e-16, "dmean": 3.43526625633, "mean": 12.8532915115, "max": 218.029846191, "dmean2": 5.29325056076, "median": 2.13343596458, "dvar": 109.84777832}, "spectral_kurtosis": {"dvar2": 296.719940186, "var": 499.121368408, "min": -1.21787142754, "dmean": 6.6262254715, "mean": 15.4033641815, "max": 170.435287476, "dmean2": 11.3561506271, "median": 6.71660804749, "dvar": 111.436088562}, "mfcc": {"mean": [-762.120849609, 155.441009521, -21.1160087585, 29.5450611115, 15.5245752335, 14.3969907761, 13.7553777695, 9.34584331512, 5.7526345253, 6.30074644089, 2.59611105919, 3.08828234673, 0.940217375755], "cov": [[21113.3320312, -2044.98242188, -1935.25109863, 1732.7565918, -1431.39733887, 44.5532531738, -249.545898438, 269.130432129, 578.293273926, 276.52154541, 55.7171897888, 39.2627296448, 75.6826324463], [-2044.98242188, 2616.13500977, -493.133056641, -638.003112793, 426.47769165, -66.4029006958, 50.1240348816, -99.6747207642, -149.812774658, -21.7331504822, -22.9081516266, 86.3224182129, 81.0276565552], [-1935.25109863, -493.133056641, 1207.61645508, -229.970550537, -19.1004695892, 167.56552124, 45.5544395447, 36.6301002502, -32.4159317017, -47.1054725647, 65.2528305054, 5.1202955246, -54.6124038696], [1732.7565918, -638.003112793, -229.970550537, 780.602294922, -112.731658936, -31.0340080261, 11.8032264709, 56.9273376465, 63.3490600586, -9.66539382935, -19.6056118011, -24.041135788, -33.7046852112], [-1431.39733887, 426.47769165, -19.1004695892, -112.731658936, 543.231445312, 35.8784255981, 1.9102717638, 24.8318481445, -44.5800819397, -40.3674850464, -36.1743659973, -33.5127639771, -26.2141284943], [44.5532531738, -66.4029006958, 167.56552124, -31.0340080261, 35.8784255981, 223.442764282, 74.7822341919, 77.7638244629, 33.4748764038, 4.66349315643, 31.9845466614, 5.96387624741, 1.77878582478], [-249.545898438, 50.1240348816, 45.5544395447, 11.8032264709, 1.9102717638, 74.7822341919, 135.521209717, 64.485496521, -4.72420692444, 5.61682987213, 35.8586959839, 23.9547710419, 20.2632789612], [269.130432129, -99.6747207642, 36.6301002502, 56.9273376465, 24.8318481445, 77.7638244629, 64.485496521, 138.454620361, 47.6747894287, -3.03674936295, 29.1112365723, 12.430765152, 1.27801132202], [578.293273926, -149.812774658, -32.4159317017, 63.3490600586, -44.5800819397, 33.4748764038, -4.72420692444, 47.6747894287, 116.712478638, 54.1528244019, 18.0860099792, 13.438583374, -6.81419420242], [276.52154541, -21.7331504822, -47.1054725647, -9.66539382935, -40.3674850464, 4.66349315643, 5.61682987213, -3.03674936295, 54.1528244019, 103.248748779, 46.511882782, 19.680480957, 17.3833293915], [55.7171897888, -22.9081516266, 65.2528305054, -19.6056118011, -36.1743659973, 31.9845466614, 35.8586959839, 29.1112365723, 18.0860099792, 46.511882782, 94.7201919556, 53.116317749, 23.5672302246], [39.2627296448, 86.3224182129, 5.1202955246, -24.041135788, -33.5127639771, 5.96387624741, 23.9547710419, 12.430765152, 13.438583374, 19.680480957, 53.116317749, 81.6692352295, 39.1706848145], [75.6826324463, 81.0276565552, -54.6124038696, -33.7046852112, -26.2141284943, 1.77878582478, 20.2632789612, 1.27801132202, -6.81419420242, 17.3833293915, 23.5672302246, 39.1706848145, 67.6989746094]], "icov": [[0.000103324084193, 1.5419031115e-05, 0.000173303167685, -0.000125179285533, 0.000251481338637, -0.000232025719015, 0.000405138242058, -0.000260796368821, -5.30622382939e-05, -7.12532491889e-05, -4.82929026475e-05, 4.99788438901e-06, -4.24743739131e-05], [1.5419031115e-05, 0.000803648785222, 0.000488647085149, 0.000627994886599, -0.000443858734798, -2.3806702302e-05, -0.000559499720111, 0.000333118397975, 0.000555326929316, -5.32646918145e-05, 0.000520258035976, -0.00138080283068, 0.000405063008657], [0.000173303167685, 0.000488647085149, 0.00174780201633, 0.000526720657945, 0.000387274980312, -0.00120930455159, 0.000387504231185, -0.000121220677102, 0.00053240644047, 0.000744572491385, -0.00108768371865, -0.000745707598981, 0.00163413083646], [-0.000125179285533, 0.000627994886599, 0.000526720657945, 0.00230439077131, -0.000297997990856, 0.000637813762296, -0.00142522272654, 0.000119679578347, -0.000369710935047, 0.000873847282492, 0.00017561322602, -0.000605246401392, 0.00128012546338], [0.000251481338637, -0.000443858734798, 0.000387274980312, -0.000297997990856, 0.00312289828435, -0.00111870514229, 0.00178212614264, -0.00206847209483, 0.00102687079925, -0.000499909278005, 0.0004115003685, 0.00066070095636, 0.000864611414727], [-0.000232025719015, -2.3806702302e-05, -0.00120930455159, 0.000637813762296, -0.00111870514229, 0.0078420965001, -0.00407039606944, -0.000682458514348, -0.00293891783804, 0.00146762793884, -0.00135578354821, 0.00230854051188, -0.00131454854272], [0.000405138242058, -0.000559499720111, 0.000387504231185, -0.00142522272654, 0.00178212614264, -0.00407039606944, 0.0149734783918, -0.007388593629, 0.0053659430705, -0.00339734181762, -0.000540929671843, -0.00135561451316, -0.00134038494434], [-0.000260796368821, 0.000333118397975, -0.000121220677102, 0.000119679578347, -0.00206847209483, -0.000682458514348, -0.007388593629, 0.0165227185935, -0.00929170008749, 0.00809686351568, -0.00590348243713, 0.0028802822344, -0.00165450887289], [-5.30622382939e-05, 0.000555326929316, 0.00053240644047, -0.000369710935047, 0.00102687079925, -0.00293891783804, 0.0053659430705, -0.00929170008749, 0.021866125986, -0.0140742594376, 0.00794763956219, -0.00890486780554, 0.00688469875604], [-7.12532491889e-05, -5.32646918145e-05, 0.000744572491385, 0.000873847282492, -0.000499909278005, 0.00146762793884, -0.00339734181762, 0.00809686351568, -0.0140742594376, 0.0236776247621, -0.0144864935428, 0.00843321625143, -0.00552189629525], [-4.82929026475e-05, 0.000520258035976, -0.00108768371865, 0.00017561322602, 0.0004115003685, -0.00135578354821, -0.000540929671843, -0.00590348243713, 0.00794763956219, -0.0144864935428, 0.0284309778363, -0.0171397998929, 0.00364910485223], [4.99788438901e-06, -0.00138080283068, -0.000745707598981, -0.000605246401392, 0.00066070095636, 0.00230854051188, -0.00135561451316, 0.0028802822344, -0.00890486780554, 0.00843321625143, -0.0171397998929, 0.0307272654027, -0.0135831506923], [-4.24743739131e-05, 0.000405063008657, 0.00163413083646, 0.00128012546338, 0.000864611414727, -0.00131454854272, -0.00134038494434, -0.00165450887289, 0.00688469875604, -0.00552189629525, 0.00364910485223, -0.0135831506923, 0.0257910303771]]}, "silence_rate_20dB": {"dvar2": 0, "var": 0, "min": 1, "dmean": 0, "mean": 1, "max": 1, "dmean2": 0, "median": 1, "dvar": 0}, "melbands_kurtosis": {"dvar2": 700.413696289, "var": 1157.19091797, "min": -1.69225072861, "dmean": 8.7169084549, "mean": 17.3872432709, "max": 303.80380249, "dmean2": 13.8175191879, "median": 7.51270484924, "dvar": 313.565429688}, "barkbands_spread": {"dvar2": 82.7268753052, "var": 197.775482178, "min": 0.269223183393, "dmean": 5.19464969635, "mean": 21.1644649506, "max": 78.1040878296, "dmean2": 8.27137756348, "median": 18.9002323151, "dvar": 32.0842285156}, "erbbands_skewness": {"dvar2": 0.376863121986, "var": 1.53590273857, "min": -2.48306512833, "dmean": 0.393411755562, "mean": -0.245973438025, "max": 8.84847259521, "dmean2": 0.626953244209, "median": -0.509847521782, "dvar": 0.165081396699}, "average_loudness": 0.134120166302, "spectral_centroid": {"dvar2": 107536.851562, "var": 712227.4375, "min": 99.0736694336, "dmean": 211.851028442, "mean": 1358.73498535, "max": 10607.0820312, "dmean2": 331.644958496, "median": 1161.19238281, "dvar": 54666.1328125}, "dissonance": {"dvar2": 0.0008015219355, "var": 0.000783221039455, "min": 0.272052496672, "dmean": 0.0146672455594, "mean": 0.472277164459, "max": 0.500000059605, "dmean2": 0.0251729264855, "median": 0.481715798378, "dvar": 0.00027477266849}, "erbbands_flatness_db": {"dvar2": 0.000807021162473, "var": 0.00516132451594, "min": 0.0612970404327, "dmean": 0.0183756873012, "mean": 0.217102378607, "max": 0.413070738316, "dmean2": 0.0285533182323, "median": 0.218006879091, "dvar": 0.000343051564414}, "spectral_strongpeak": {"dvar2": 0.64328712225, "var": 0.290954321623, "min": 0, "dmean": 0.204642295837, "mean": 0.304423093796, "max": 6.66396951675, "dmean2": 0.363297760487, "median": 0.141888931394, "dvar": 0.227723374963}, "spectral_rms": {"dvar2": 2.09149834518e-06, "var": 7.68291283748e-06, "min": 3.19013370408e-12, "dmean": 0.000569187686779, "mean": 0.00330094131641, "max": 0.0127997184172, "dmean2": 0.000954912160523, "median": 0.0019104584353, "dvar": 7.15716112154e-07}, "silence_rate_60dB": {"dvar2": 0.0855070874095, "var": 0.24830198288, "min": 0, "dmean": 0.0381310433149, "mean": 0.458791941404, "max": 1, "dmean2": 0.0762825682759, "median": 0, "dvar": 0.0366765968502}, "melbands": {"dvar2": [4.10766697314e-05, 1.4671964891e-05, 1.82144049177e-06, 2.26702169925e-07, 6.8029478939e-08, 1.25084342883e-08, 9.05995811706e-09, 3.82582641123e-08, 7.28973503783e-09, 2.51803466966e-08, 4.20428634129e-08, 9.87075399195e-09, 1.65960702958e-08, 1.85927628849e-09, 2.30046537375e-09, 3.67867936113e-09, 1.90705362613e-09, 1.71016634187e-09, 2.17198015129e-09, 1.64215219201e-09, 9.49519574078e-10, 1.29418087358e-09, 1.12733800073e-09, 6.7541183757e-10, 8.03227429014e-10, 4.8452269974e-10, 4.45854658748e-10, 6.94766966181e-10, 1.637744107e-10, 1.52734463965e-10, 1.29220079081e-10, 8.57898543871e-11, 3.93154363232e-11, 9.82120357262e-11, 2.48743161485e-11, 2.14410607324e-11, 3.2980319864e-11, 1.74532922836e-11, 3.36602308526e-11, 1.7080736131e-11], "var": [1.84080945473e-05, 1.06748102553e-05, 1.47272203321e-06, 1.04680090374e-07, 2.36273525189e-08, 9.2620782155e-09, 8.81351525095e-09, 3.8980036976e-08, 7.75946062959e-09, 5.12845552691e-08, 1.03444200761e-07, 2.10115569388e-08, 2.99285396466e-08, 1.0652210225e-09, 1.63717617241e-09, 2.0127808309e-09, 1.41090328309e-09, 1.13534615043e-09, 1.7136575492e-09, 1.56623169989e-09, 9.28994714489e-10, 1.36100819503e-09, 1.01519537221e-09, 6.39233110888e-10, 8.19823930964e-10, 6.24331419896e-10, 6.12091766161e-10, 7.88477227953e-10, 2.15449033614e-10, 2.11229950198e-10, 2.03855765601e-10, 9.39762989649e-11, 4.560038111e-11, 3.78413377022e-11, 1.53794442459e-11, 1.25219366126e-11, 1.20020608035e-11, 5.92747856007e-12, 9.20077902755e-12, 4.71374154987e-12], "min": [1.57263839077e-23, 3.26339351652e-24, 1.25682344939e-23, 1.02122311918e-23, 8.35411587238e-24, 1.31900406918e-23, 1.26724927177e-23, 9.91905182527e-24, 8.51448025036e-24, 5.38635606591e-24, 5.68264709432e-24, 2.52884004427e-23, 9.52080249702e-24, 1.01616912402e-23, 9.81405364993e-24, 1.7504312305e-23, 1.69935674673e-23, 1.45165205591e-23, 9.96794069101e-24, 9.71601165004e-24, 7.77787112492e-24, 4.42766681844e-24, 5.20086449595e-24, 4.15896067816e-24, 1.31212985637e-23, 9.94321700138e-24, 1.23824143634e-23, 1.1505970965e-23, 9.25222927981e-24, 6.68920205495e-24, 7.99495539084e-24, 7.72557990209e-24, 7.21113530681e-24, 7.95278683115e-24, 1.50236871237e-23, 1.40753232766e-23, 7.78971034938e-24, 9.56107621281e-24, 8.70055676068e-24, 7.90813730392e-24], "dmean": [0.00158976658713, 0.00105814274866, 0.000362376595149, 0.000119588323287, 5.61623164685e-05, 2.90389671136e-05, 2.82041819446e-05, 5.53710269742e-05, 2.33542141359e-05, 3.60688172805e-05, 4.53026477771e-05, 2.3976814191e-05, 2.8660380849e-05, 1.25160295283e-05, 1.66127683769e-05, 1.65660239873e-05, 1.29706686494e-05, 1.00254510471e-05, 1.20732420328e-05, 1.14881904665e-05, 8.1244024841e-06, 8.50132346386e-06, 8.43115685711e-06, 6.25028633294e-06, 6.7247115112e-06, 5.13706163474e-06, 4.79899517813e-06, 5.62988452657e-06, 2.78872721537e-06, 2.58837872025e-06, 2.44814941652e-06, 1.68447979831e-06, 1.12319594336e-06, 1.09491008971e-06, 6.84407950757e-07, 6.16905083461e-07, 6.16030092715e-07, 4.29424062531e-07, 5.46916055555e-07, 3.97364374294e-07], "mean": [0.00221077818424, 0.00183449173346, 0.00072660803562, 0.00020027278515, 7.789630763e-05, 4.66808160127e-05, 5.17563676112e-05, 9.75667862804e-05, 4.3379222916e-05, 8.13430960989e-05, 0.000109434840851, 5.57408675377e-05, 6.03321241215e-05, 2.1111975002e-05, 2.94931269309e-05, 2.57097835856e-05, 2.21601931116e-05, 1.7798582121e-05, 2.09539848584e-05, 2.13344792428e-05, 1.55186098709e-05, 1.70351449924e-05, 1.63236327353e-05, 1.22968440337e-05, 1.31037459141e-05, 1.1106414604e-05, 1.0958013263e-05, 1.19612659546e-05, 6.36563436274e-06, 6.02116779191e-06, 5.80840060138e-06, 3.6952769733e-06, 2.4600190045e-06, 1.69343775269e-06, 1.12784084649e-06, 9.26154939407e-07, 7.6458275089e-07, 5.34861101187e-07, 5.41248880381e-07, 3.93098815721e-07], "max": [0.0396059155464, 0.0378341078758, 0.0133538050577, 0.00339959561825, 0.00221277424134, 0.0014515016228, 0.000909536611289, 0.00189381942619, 0.00142312515527, 0.00323897902854, 0.00349057163112, 0.00174216751475, 0.00256930920295, 0.000491924292874, 0.00043299049139, 0.000697116076481, 0.000362921855412, 0.00047709181672, 0.000456797919469, 0.000520254892763, 0.000425647565862, 0.0004219840921, 0.000259066611761, 0.000280442560324, 0.000278250518022, 0.000269754731562, 0.000309590424877, 0.000306304456899, 0.000143292068969, 0.000138573552249, 9.87092644209e-05, 0.000147424230818, 7.1260787081e-05, 0.000108297623228, 5.87442409596e-05, 4.83401236124e-05, 5.94679477217e-05, 4.64935255877e-05, 5.66843700653e-05, 4.46453377663e-05], "dmean2": [0.00278779538348, 0.00184566783719, 0.000626722991001, 0.000205769232707, 9.73235946731e-05, 4.83910371258e-05, 4.63203141408e-05, 8.77128986758e-05, 3.86200845242e-05, 5.54677972104e-05, 6.91695240675e-05, 3.78501317755e-05, 4.61014642497e-05, 2.14087885979e-05, 2.85960632027e-05, 2.74570284091e-05, 2.12304712477e-05, 1.71266510733e-05, 2.01720795303e-05, 1.86487959581e-05, 1.30619473566e-05, 1.3953396774e-05, 1.4218177057e-05, 1.05278777482e-05, 1.10429746201e-05, 8.59778447193e-06, 8.06589468993e-06, 9.48200249695e-06, 4.61644231109e-06, 4.29330657425e-06, 3.98607380703e-06, 2.70864302365e-06, 1.81746554517e-06, 1.87281682429e-06, 1.07964353901e-06, 9.59249632615e-07, 1.02133526525e-06, 7.37056666367e-07, 9.38724269872e-07, 6.82074016822e-07], "median": [0.000232554695685, 0.000367521337466, 0.000205139032914, 7.66218217905e-05, 2.09572463064e-05, 9.32781495067e-06, 1.07193973236e-05, 1.68361675605e-05, 8.59729880176e-06, 1.03735446828e-05, 7.01745511833e-06, 6.7832206696e-06, 9.02393003344e-06, 8.72568489285e-06, 1.38060195241e-05, 8.56108181324e-06, 6.69160408506e-06, 5.21557467437e-06, 6.63350328978e-06, 5.61819069844e-06, 3.38180461767e-06, 2.58569843936e-06, 1.83184920388e-06, 1.31755746224e-06, 8.75435205216e-07, 6.59352508592e-07, 5.07624179136e-07, 2.04900430845e-07, 1.45519805983e-07, 9.67063371604e-08, 3.43729134045e-08, 2.62743675705e-08, 1.47126781869e-08, 8.23838330888e-09, 5.7629425676e-09, 3.16942094791e-09, 2.36734765124e-09, 1.34637867522e-09, 8.25524704151e-10, 5.92530080556e-10], "dvar": [1.34383108161e-05, 5.03055935042e-06, 6.5129847826e-07, 7.98884940423e-08, 2.37824604454e-08, 4.90074381077e-09, 3.39079186951e-09, 1.52435664091e-08, 2.94227064934e-09, 1.31336621578e-08, 2.37118129576e-08, 4.95861884886e-09, 7.73554642564e-09, 6.63720078897e-10, 8.23524137772e-10, 1.36934219519e-09, 7.05408120805e-10, 5.93696480866e-10, 8.02081900897e-10, 6.48279152582e-10, 3.8061256924e-10, 4.96744201328e-10, 3.89203280715e-10, 2.45795717113e-10, 3.12213477294e-10, 1.87070206548e-10, 1.58619423152e-10, 2.53429943697e-10, 5.92937296484e-11, 5.72820089972e-11, 5.01230723593e-11, 3.41513275992e-11, 1.49250785342e-11, 3.48093706637e-11, 9.73314918246e-12, 8.65699092273e-12, 1.23983826678e-11, 6.2739214865e-12, 1.21285906665e-11, 6.1426701399e-12]}, "spectral_skewness": {"dvar2": 1.00726187229, "var": 2.47155237198, "min": -0.0850148573518, "dmean": 0.513559401035, "mean": 1.94062149525, "max": 10.2675685883, "dmean2": 0.867524802685, "median": 1.42171382904, "dvar": 0.362652420998}, "melbands_flatness_db": {"dvar2": 0.00223390921019, "var": 0.0168346408755, "min": 0.00501054571941, "dmean": 0.0320867151022, "mean": 0.303639173508, "max": 0.70133292675, "dmean2": 0.0501957461238, "median": 0.295566380024, "dvar": 0.000871482479852}, "spectral_decrease": {"dvar2": 3.75946441565e-17, "var": 4.52217258603e-17, "min": -4.35261178211e-08, "dmean": 1.81690151813e-09, "mean": -4.73682204571e-09, "max": 7.96131612779e-21, "dmean2": 3.09728398484e-09, "median": -9.43125688657e-10, "dvar": 1.27174023009e-17}, "erbbands_crest": {"dvar2": 12.4537353516, "var": 22.8301715851, "min": 2.80179738998, "dmean": 2.35176992416, "mean": 9.25289726257, "max": 28.2235298157, "dmean2": 3.83969473839, "median": 7.77227497101, "dvar": 4.99319696426}, "gfcc": {"mean": [-145.131729126, 149.945785522, -127.047737122, 22.1900291443, -5.23628091812, -6.52636289597, -2.24780154228, -3.44406795502, -12.1427021027, -5.24308919907, -11.3893861771, -8.50164413452, -11.7646951675], "cov": [[31727.5820312, -6818.46191406, -2607.55932617, 3502.71508789, -3425.90087891, 2472.68505859, -559.327514648, 1324.03845215, 93.0767974854, 788.244384766, -165.017868042, 427.471435547, 334.387176514], [-6818.46191406, 3595.02075195, 101.637947083, -1541.95300293, 1551.24133301, -999.695861816, 406.466247559, -748.07824707, 188.473495483, -330.705413818, 191.882553101, -238.88571167, -64.6405258179], [-2607.55932617, 101.637947083, 1394.5135498, -240.721099854, 112.709861755, 129.477706909, -78.2108688354, 93.1818161011, -135.223937988, -1.88717401028, -59.9350090027, 73.905632019, -56.5429115295], [3502.71508789, -1541.95300293, -240.721099854, 1284.4901123, -640.957885742, 358.226959229, -169.397903442, 341.061737061, -73.1129760742, 68.1650466919, -53.4081687927, 103.997497559, 88.355682373], [-3425.90087891, 1551.24133301, 112.709861755, -640.957885742, 1187.77929688, -452.123260498, 244.326675415, -374.068786621, 132.439971924, -182.113967896, 55.4201507568, -86.9738845825, -42.836807251], [2472.68505859, -999.695861816, 129.477706909, 358.226959229, -452.123260498, 655.086120605, -54.7719154358, 268.863891602, -58.7896957397, 122.17350769, -19.6225605011, 81.2983856201, 9.60204982758], [-559.327514648, 406.466247559, -78.2108688354, -169.397903442, 244.326675415, -54.7719154358, 290.234466553, -71.4142913818, 87.6355743408, 6.81251001358, 67.0737609863, -25.3215141296, -33.0231742859], [1324.03845215, -748.07824707, 93.1818161011, 341.061737061, -374.068786621, 268.863891602, -71.4142913818, 293.573181152