{"tonal": {"thpcp": [1, 0.850801289082, 0.461454153061, 0.362774252892, 0.381052225828, 0.595003068447, 0.890523791313, 0.794433236122, 0.508017241955, 0.354887187481, 0.258011937141, 0.298559069633, 0.428925454617, 0.573608756065, 0.795221328735, 0.913816690445, 0.687264859676, 0.454568266869, 0.467239767313, 0.523570656776, 0.709735929966, 0.954528093338, 0.807807862759, 0.519611179829, 0.438436925411, 0.424637168646, 0.532876253128, 0.716691792011, 0.691446721554, 0.593505501747, 0.652978539467, 0.59613275528, 0.467853456736, 0.448031157255, 0.460061907768, 0.663747310638], "hpcp": {"dmean2": [0.262850373983, 0.259532183409, 0.255855888128, 0.252526313066, 0.243255808949, 0.245341405272, 0.258708626032, 0.243414416909, 0.262282431126, 0.321551471949, 0.306108504534, 0.208109363914, 0.175291702151, 0.171005770564, 0.223815947771, 0.297657757998, 0.262186676264, 0.207907319069, 0.164584755898, 0.121245101094, 0.140297397971, 0.18741479516, 0.242505803704, 0.342481791973, 0.349133044481, 0.28992113471, 0.240640863776, 0.256519526243, 0.253770202398, 0.311477690935, 0.379391729832, 0.320350855589, 0.249918118119, 0.22664898634, 0.216007173061, 0.234464168549], "median": [0.0727472156286, 0.0696780532598, 0.0573028735816, 0.0458381250501, 0.0334268808365, 0.0246261917055, 0.023757038638, 0.0308409407735, 0.0676484555006, 0.103015482426, 0.08142991364, 0.0356547683477, 0.0191418174654, 0.0224457606673, 0.0535013452172, 0.0965542793274, 0.0819133669138, 0.0357881970704, 0.0155417155474, 0.00980825349689, 0.0151299498975, 0.0257164966315, 0.0541089251637, 0.082568898797, 0.0996789187193, 0.0615629926324, 0.0326224677265, 0.0237511936575, 0.0280090272427, 0.0602030530572, 0.0955895707011, 0.0755490511656, 0.0343199148774, 0.019249767065, 0.0184396058321, 0.0413483940065], "min": [0, 0, 0, 0, 0, 0, 0, 0, 0, 0, 0, 0, 0, 0, 0, 0, 0, 0, 0, 0, 0, 0, 0, 0, 0, 0, 0, 0, 0, 0, 0, 0, 0, 0, 0, 0], "dvar2": [0.105467766523, 0.108082294464, 0.115519620478, 0.110462427139, 0.11945066601, 0.142051443458, 0.180401220918, 0.133475065231, 0.123004890978, 0.140381023288, 0.136652439833, 0.0924516916275, 0.086676441133, 0.0786620751023, 0.0955084562302, 0.128991439939, 0.106856837869, 0.0945143997669, 0.0772947371006, 0.0517413988709, 0.0624686740339, 0.0872768312693, 0.103988729417, 0.173976913095, 0.158959150314, 0.143576905131, 0.12851639092, 0.151103228331, 0.133939027786, 0.161964222789, 0.188972011209, 0.146109357476, 0.127295836806, 0.121738508344, 0.11828609556, 0.106342747808], "dvar": [0.0441222302616, 0.0460870936513, 0.043447420001, 0.0471219718456, 0.0504941120744, 0.04949715361, 0.0612575411797, 0.0465442314744, 0.0459414049983, 0.0591589659452, 0.0572284273803, 0.0350991487503, 0.032200474292, 0.0291772484779, 0.0371991321445, 0.0537569113076, 0.046699360013, 0.0363971926272, 0.0292176101357, 0.0194470621645, 0.0227058976889, 0.0331334806979, 0.0412330813706, 0.0669790059328, 0.0660231932998, 0.0565971359611, 0.0461197979748, 0.0543972738087, 0.0527860336006, 0.0603302791715, 0.0756301805377, 0.0590522289276, 0.0469740517437, 0.0450514927506, 0.0449442341924, 0.0399942472577], "dmean": [0.155898734927, 0.152863442898, 0.148273706436, 0.148930341005, 0.142466261983, 0.136978760362, 0.141685351729, 0.134696856141, 0.151825845242, 0.18905633688, 0.179213657975, 0.119382105768, 0.0997028052807, 0.0990285873413, 0.13331463933, 0.177279084921, 0.155114755034, 0.119976617396, 0.0938093885779, 0.069158397615, 0.0800763219595, 0.108041368425, 0.139057159424, 0.194834634662, 0.203867807984, 0.169417053461, 0.134208396077, 0.142472490668, 0.143050581217, 0.175480753183, 0.215066105127, 0.184716492891, 0.141192361712, 0.126614153385, 0.120048381388, 0.134303659201], "max": [1, 1, 1, 1, 1, 1, 1, 1, 1, 1, 1, 1, 1, 1, 1, 1, 1, 1, 1, 1, 1, 1, 1, 1, 1, 1, 1, 1, 1, 1, 1, 1, 1, 1, 1, 1], "var": [0.0681543722749, 0.0673381537199, 0.0524757504463, 0.071499504149, 0.0704905539751, 0.0476334914565, 0.0499479845166, 0.0439578071237, 0.0605310983956, 0.109224766493, 0.0896016359329, 0.0391867421567, 0.0345205292106, 0.0346689447761, 0.0545112229884, 0.093129567802, 0.0814038142562, 0.0478108152747, 0.03491698578, 0.0223948787898, 0.02263510786, 0.0397684276104, 0.0527358949184, 0.0805920362473, 0.093678124249, 0.0684249922633, 0.0419057644904, 0.0488207116723, 0.0601085089147, 0.0732462406158, 0.105089426041, 0.0830729082227, 0.0512179993093, 0.0483615323901, 0.0503455735743, 0.0490813218057], "mean": [0.196071207523, 0.189164713025, 0.16237013042, 0.178640648723, 0.16308888793, 0.127994477749, 0.122571527958, 0.125862881541, 0.181586757302, 0.273578137159, 0.232760637999, 0.126243770123, 0.0992471054196, 0.104247555137, 0.162779837847, 0.243627846241, 0.21733956039, 0.138982415199, 0.0970893725753, 0.0705864280462, 0.0816792324185, 0.117344625294, 0.156926810741, 0.217555165291, 0.250000268221, 0.188020646572, 0.124359942973, 0.127826586366, 0.143237486482, 0.194168239832, 0.261138021946, 0.220998570323, 0.14215426147, 0.119946755469, 0.116171449423, 0.145783290267]}, "tuning_equal_tempered_deviation": 0.134369432926, "chords_changes_rate": 0.0962039977312, "key_key": "F", "tuning_diatonic_strength": 0.685914814472, "key_scale": "major", "chords_number_rate": 0.0015937408898, "tuning_frequency": 442.804626465, "tuning_nontempered_energy_ratio": 0.813505291939, "chords_histogram": [28.1367721558, 0.999710202217, 12.3877134323, 1.95595479012, 2.41958856583, 0.695450603962, 1.28948128223, 0.347725301981, 1.31845843792, 0.333236753941, 0.449145168066, 0, 0, 0, 0, 0.289771080017, 0.0579542145133, 2.66589403152, 0.883801817894, 5.01303958893, 0.188351199031, 23.5294113159, 7.53404808044, 9.50449180603], "key_strength": 0.757120013237, "chords_key": "F", "chords_strength": {"dmean2": 0.0159119479358, "median": 0.497328579426, "min": -1, "dvar2": 0.000725855701603, "dvar": 0.000400362419896, "dmean": 0.0142470300198, "max": 0.753238260746, "var": 0.00934358220547, "mean": 0.499084889889}, "chords_scale": "major", "hpcp_entropy": {"dmean2": 1.21330428123, "median": 2.42538356781, "min": 0, "dvar2": 0.964864552021, "dvar": 0.362362116575, "dmean": 0.732100307941, "max": 4.73803567886, "var": 0.815224647522, "mean": 2.47944283485}}, "metadata": {"audio_properties": {"equal_loudness": 0, "codec": "mp3", "downmix": "mix", "sample_rate": 44100, "analysis_sample_rate": 44100, "bit_rate": 160000, "md5_encoded": "1e5c5d5797bee9ce2db91ae1bcca580e", "length": 320.470214844, "replay_gain": -9.62898635864, "lossless": false}, "version": {"essentia_build_sha": "cead25079874084f62182a551b7393616cd33d87", "essentia": "2.1-beta2", "extractor": "music 1.0", "essentia_git_sha": "v2.1_beta2-1-ge3940c0"}, "tags": {"title": ["Ecstasy"], "acoustid_fingerprint": ["AQADtIm2JZGkRAm-h5AT5ZIRik4DzziLRyF6Hj96BUccFkkpvOj14Dku_Zg-HcmTmIjNBlaDP8YqPiK8HR_RHz_ejCh9pFkU5fCUGjqPPCZuownTCI_z45XQ5wvR5w9OI8wSaD9qXUHzHOqDj6iZiYE9PNEhHofGXugfhNFxMviZ402u4Ds-XMJ0BfmRKI_x5CjJYbOIo_qRO0jaTA_6jBJOXUT3YTyS60f4ZAGTmmjuYFSXFk2STMa3IqTS7EjOw-MD_-gf_OilB84T4SXh6B3KjDm-4-GLhHUu5MdzXNnxuSh3uDhzVNRiJA2jzYgeHM3ugI-rGL2MQD3yDs6NJ180ZJ12KMwUIn52_EYZXkEzHpeKKzkuPWieOfC1HqHSKERylEk-NOOH50G-HU10tAs0qWdg5SmJhNl4lEqGO-jzAF6sIxZpJF6SeHDFRqgSdlIwh3OQI3nAfGiaiTmebJmC_AqYNdkOfQqzIHWkoMYzopm2FLWYZjimvCfCR6RxKza0JD3KEDkf3MabD-5w3MeHH9eNHqniIJmWRMeDZxTKaU8wJVRD4Q-OH4eb6MglZoeeZRUinR8cfhmqLEaPhGsuhN0e4VJ4TM9xC-Z87OHgM0GbPAnx46jFw9ZSXOmDO3lg5UJFH_1ORPMOfcE9g7LwajEaWcN_qI-OkE_QSRdyHT-0fCgZfNKMXKiOhCPyoX6QPyTu6GiOR4WeHLqQw5OOJ0eJcA2N5tCrHHl-VFKO2PgKcePR5niHnhcaRU2gCz-07Bae5WiDF1qeFX0cHE961MehR8gvNJEenMh-MNnRRjn05dDEysj74EoPSzlCMkcfiM-OSiRC_3hJ5D0OMX1QD5zR8EOtmJCysBCNC3mUI18veNAe9KGD68gz5KmgS0jz4crxD34efHiWI82i47VgRRVy6XhyI4fV7PgPcQxyHZeNHD9EHw-YH-GHpkcuCT-YHM-hNT36Cenz48zxG4-e40UuTRWSCtaOJwe17ug_lM-RK4NIBZL2FIG38LiiBQ-RjhyeHTqPeDl-48uQMYepo9CD3vATFdekItbhusLFa7BkotJT5Mp6aHEevDrO4YVaRUecwUePx3iOsHEOagrD45EFx0S4jyiVkEWjHfFG9IS4G4-H8IqD64hD4Xlw3YePH1dU4plRPRdE94QV6vASaDt-9IG_Ixe8fcfH4SnezcFxHT_CU4de5MKn5HhEefgSfMngHhfyHBo__E_wJUeJQzv63XjxB81fyExm6PCFZ9fwjIGW7rhZaKfhw0Okpsd5ofphxcqGPZKRQ9yPayx6tGJwZoT2VDg0aVlrNDzyoRaPRyleIydsaGKTD8-NPAsevImKRkx21DpuXD7e_Qg5EY516CfOHP5hQq8RSwue40fOE4cec-A95M2ETNMOX2EEVeQMS9kOxmFyVGIOX8px5tBT4XrgHyeeJ3Cco9ZxXI3RTOLRH9KPfMwRakejSPiJPhE86sF95ME14UGT7zh-PDnCRj_ErUFoEX1WIQ3V4dHhqMeVDIcefNkgfisufGh3xDfKJTOY5LiOJwgjf9CR_8MV7ejBiUFfpKuyQvuF0H7wwvnx6EC55HiP_DPKBwl5Hu_hK0blhRrO4z2aowyP5ORo5LrwP0Bs3HiGD5rqorla5Erk4Uepw5JyuD0qMTOO8IP4B_nh-kE8-ZCPf8J14jl-6Nnw54SdQxUzBs1zfIG66SvcIz96eClcXTjiHMny5ODt4FlyfEevHM0zvBfIC--JvA4qQstD9PCYHTrhHj8eDeqD8MEVTyh9-Dj-I2GqHOHy4ouWZcIpC_XR2PjxI-wH_4GvoHp2aIriH1ny48dfXGrQI7UONY6yCWHyxHiEyzgDn8N9BrmU41HSHLpl9MzhP3iSF2FqCV-M9mhGGrEDeZkyIfYONj1YRXhH-By-4PsRKypRigqsH5X8HHpyND36LMizw8g3qOGE2EscPD0-_bh6-JyQP4Uq5seThELeHFl-Fc12SE2OHs3b4wp-_KgoLoSsHz-u8AijHXd0fOzx40N8yD3y45IuVMpvNCmF-niOUtKO49rwGCUJ5wnC5-CFUjOhw5mm40sPNStuEn4zaKTwD_rwIxd_3Hnw5CQuolHWrKgo-uCJ8IGkSwj1JBa-Dw-u5_iN5kd5ZDv4SDmhPYphXTh5sDxkoezRSyE48_BzXIcqTjc-OFEP7eiPdOfhE7WPHKoWXciTbMabpXhloo6PBleR_AlC_qh-4pOKnCgL6cZ35Ief6cOzUPiF2_hxTUfIG89iaIYfsIs03MfDQ1cm4oSOk4d_tDyeH9r7I6ay5egdPMYDx8S1ECEL1RqsdQz6SMYr_METo1fQ_Mfp4dEgqlFs_ERIgYmk7DjCZ3A-6JzB58h9pMsWnOMR54J_lDxQdseR_MiXo9qSGQ-XRcNz1FTQ6Dx-xDq0xhe-7fgj6AilGrn64GSJP4Z_Qc_xJD7YX9BxoRkzQ-sd9MQz5OJhyjhylJR8yDya0EafpdB-uDfUKw0yqjtK4rSFI2SXgskP9Q8eGXkiGeHSE78DTzNMMUdIfXjQx_BIhJvyCMn0CK8zlJSO_UKzLugRdjkSTskH153wItSjCzqeJNFRX4F3iD-sEF3zQM8Q3Uefoj-uXGifHZ6FfLgFSqRSPMd3pIqnoD_eHOWD5jn2IH8EBAQxShAmwRWCCKKAEIYI4RAlVgkkmFIICCIJEIAQgAQQyBOjRBSGUgQAAAZDZYyyRLBEABCAKEWIAQgJQYwCQjEnGBBCIKMIUJQJpJwyBFIBlACCAGWEE8AQg4gCgBBjEAKOAAGQIEgtQYhwghASBAFCGKSMCxIpiIQDlAFBAFRSCQOEAEoAAgQjxiBEJAgIAeOAAEIQAAAwBCIBHAGCCMEIAAQZIwBQxiFACABKEEgEMAYQoShQzhAgBFLIEeYQIAAR4owCAggAFFdCDAOAEIgBAiRBRgGjmSBKKCMkIEQYZZSgzhAjALBCK0QgIIQJAAwCSkCDgABCGEEEYwQoBhCRDjEgCDDCAEQMY0ASx5BBzBAipEGGACCIZQZKIAAgDimhjAFGAIoYFURIAZDQAjBlkQFAKECAYIAAICYxggCCBXFAATEA8USJYQixygghRHJGEyQIEBIQAyQCggJBwALIEIEIMIRAZoRhQBjCjiAKOAEEQIIgAhIAQjTCHBCCOIAoYgQIgxxUkhghhBBQCASYoAALJRgQABBBkGEOEmCMMAA8BoygDAJLABIUIAGMgQwwhQwgAglCAGPcIGoMIIIQA4AwUiEFxEDQOkAwAoIiYAABxDlEQEMAACSAEAwYRIgShDAGgCDAAYQIIcRBIRjjiBABCBBOCIEMEQQQBJhCAAEEkGAKBIEUI1QgxA0gABhCCDSGIUKAAIwAeQwRhCBAnENEEoUMAEAIhIQUQAjCgAAGAOTIAEIqoYQAAEEgEIHCECCQBwAJBwQTBAGBkBEEAiAgQAQIIBgwQigDIBGEKAMQEEAwgxgARBAJDAEKMUOEQMQIBBxwhBBVgCBCKYIckYAQhiQBBAFAkBEGAJGEZcYQEZQwgAEBRBJAGYOEIYgpYRAwQhHBgHACIaOI0UIogRAAwlBBjSAGMAgAEAQ"], "date": ["0000"], "genre": ["Synthpop"], "acoustid_id": ["d0012c51-4120-424a-ad40-c750cb779d39"], "musicbrainz_recordingid": ["14738408-8ac3-4fba-8d5a-080fc2971f42"], "originaldate": ["0000"], "artist": ["Endgames"], "tracknumber": ["0/0"], "artistsort": ["Endgames"], "bpm": ["0"], "discnumber": ["0/0"], "musicbrainz_artistid": ["40280569-c0a0-468d-9d3e-0f4accc069c3"], "file_name": "Endgames - Ecstasy.2.mp3"}}, "rhythm": {"bpm_histogram_first_peak_bpm": {"dmean2": 0, "median": 105, "min": 105, "dvar2": 0, "dvar": 0, "dmean": 0, "max": 105, "var": 0, "mean": 105}, "bpm": 106.154815674, "bpm_histogram_second_peak_spread": {"dmean2": 0, "median": 0.324324369431, "min": 0.324324369431, "dvar2": 0, "dvar": 0, "dmean": 0, "max": 0.324324369431, "var": 0, "mean": 0.324324369431}, "bpm_histogram_first_peak_weight": {"dmean2": 0, "median": 0.531034469604, "min": 0.531034469604, "dvar2": 0, "dvar": 0, "dmean": 0, "max": 0.531034469604, "var": 0, "mean": 0.531034469604}, "onset_rate": 4.95503950119, "beats_position": [0.371519267559, 0.754648506641, 1.13777780533, 1.52090704441, 1.90403628349, 2.28716540337, 2.67029476166, 3.07664394379, 3.48299312592, 3.87773227692, 4.27247142792, 4.67882061005, 5.08516979218, 5.50312900543, 6.00235795975, 6.5015873909, 7.01242637634, 7.45360517502, 7.90639448166, 8.33596324921, 8.75392246246, 9.18349170685, 9.61306095123, 10.0426301956, 10.47219944, 10.9017686844, 11.3313379288, 11.7609071732, 12.1904764175, 12.6316547394, 13.0728340149, 13.5256233215, 13.9784126282, 14.4079818726, 14.8375511169, 15.2671203613, 15.6850786209, 16.1030387878, 16.5326080322, 16.9621772766, 17.391746521, 17.8213157654, 18.2508831024, 18.6688423157, 19.0984115601, 19.5279808044, 19.9459400177, 20.3755092621, 20.8050785065, 21.246257782, 21.6990470886, 22.1518363953, 22.6046257019, 23.0690250397, 23.5334243774, 24.009431839, 24.4390010834, 24.8685703278, 25.2981395721, 25.7160987854, 26.1340579987, 26.563627243, 27.132516861, 27.7014045715, 28.2702941895, 28.8391838074, 29.3964614868, 29.9653511047, 30.5342407227, 31.1031284332, 31.6720180511, 32.2292976379, 32.7981834412, 33.3670730591, 33.9243545532, 34.4816322327, 35.0389099121, 35.6194114685, 36.1766891479, 36.7455787659, 37.3144645691, 37.8717460632, 38.4406356812, 39.0095214844, 39.5668029785, 40.1356925964, 40.6929702759, 41.2502479553, 41.8191375732, 42.3996353149, 42.9685249329, 43.5374145508, 44.0946922302, 44.6635818481, 45.2324714661, 45.801361084, 46.3702468872, 46.9275283813, 47.4848060608, 48.0420837402, 48.6109733582, 49.1798629761, 49.7371406555, 50.2944221497, 50.8516998291, 51.4321975708, 52.0010871887, 52.5699768066, 53.1388664246, 53.7077522278, 54.2650337219, 54.8339233398, 55.4028091431, 55.971698761, 56.5405883789, 57.0978660583, 57.6551475525, 58.2240333557, 58.7813148499, 59.3502044678, 59.919090271, 60.4879798889, 61.0452613831, 61.6141471863, 62.1830368042, 62.7403144836, 63.3092041016, 63.8780937195, 64.4353713989, 65.0158691406, 65.5731506348, 66.142036438, 66.7109298706, 67.2682037354, 67.837097168, 68.4059829712, 68.9632644653, 69.5321502686, 70.1010437012, 70.6583175659, 71.2155990601, 71.7960968018, 72.3649902344, 72.9222640991, 73.4795455933, 74.0484313965, 74.6057128906, 75.1745986938, 75.7434921265, 76.3123779297, 76.8812713623, 77.4501571655, 78.0190429688, 78.5763244629, 79.133605957, 79.7024917603, 80.2713851929, 80.8402709961, 81.4091567993, 81.9780502319, 82.5469360352, 83.1042175293, 83.661491394, 84.2303848267, 84.7876663208, 85.356552124, 85.9138336182, 86.4827194214, 87.0516052246, 87.6204986572, 88.1893844604, 88.7466659546, 89.3039474487, 89.8844451904, 90.4417190552, 90.9990005493, 91.5678863525, 92.1367797852, 92.6940536499, 93.2629470825, 93.8318328857, 94.4007263184, 94.9696121216, 95.5384979248, 96.1073913574, 96.6646728516, 97.2219467163, 97.7908401489, 98.3597259521, 98.9170074463, 99.4858932495, 100.054779053, 100.623672485, 101.192558289, 101.749839783, 102.307121277, 102.87600708, 103.444892883, 104.002174377, 104.571060181, 105.139953613, 105.708839417, 106.277732849, 106.835006714, 107.392288208, 107.97278595, 108.541679382, 109.110565186, 109.679450989, 110.236732483, 110.805618286, 111.36289978, 111.920181274, 112.489067078, 113.05796051, 113.615234375, 114.172515869, 114.741401672, 115.310295105, 115.890792847, 116.448066711, 117.005348206, 117.5626297, 118.143127441, 118.723625183, 119.304122925, 119.884620667, 120.465126038, 121.045623779, 121.602897644, 122.171791077, 122.74067688, 123.309570312, 123.878456116, 124.43573761, 125.004623413, 125.573509216, 126.13079071, 126.688072205, 127.256958008, 127.82585144, 128.394729614, 128.963623047, 129.532516479, 130.101409912, 130.658676147, 131.215957642, 131.773239136, 132.33052063, 132.911010742, 133.468292236, 134.037185669, 134.606079102, 135.174957275, 135.743850708, 136.301132202, 136.858413696, 137.42729187, 137.996185303, 138.565078735, 139.133972168, 139.691238403, 140.260131836, 140.829025269, 141.397918701, 141.966796875, 142.524078369, 143.092971802, 143.661849976, 144.21913147, 144.776412964, 145.333694458, 145.890975952, 146.471466064, 147.040359497, 147.597640991, 148.166534424, 148.735412598, 149.30430603, 149.861587524, 150.430480957, 150.999359131, 151.556640625, 152.113922119, 152.682815552, 153.251693726, 153.80897522, 154.377868652, 154.946762085, 155.515640259, 156.084533691, 156.653427124, 157.210693359, 157.779586792, 158.336868286, 158.905761719, 159.474639893, 160.031921387, 160.589202881, 161.158096313, 161.726974487, 162.29586792, 162.864761353, 163.422042847, 163.979324341, 164.559814453, 165.117095947, 165.68598938, 166.254867554, 166.823760986, 167.392654419, 167.961532593, 168.530426025, 169.08770752, 169.644989014, 170.213867188, 170.78276062, 171.340042114, 171.908935547, 172.477813721, 173.035095215, 173.592376709, 174.149658203, 174.718551636, 175.28742981, 175.856323242, 176.413604736, 176.982498169, 177.551376343, 178.120269775, 178.689163208, 179.258041382, 179.826934814, 180.395828247, 180.953109741, 181.521987915, 182.079269409, 182.648162842, 183.217056274, 183.785934448, 184.343215942, 184.900497437, 185.457778931, 186.026657104, 186.595550537, 187.16444397, 187.733337402, 188.302215576, 188.871109009, 189.428390503, 189.985671997, 190.542938232, 191.111831665, 191.680725098, 192.24961853, 192.818496704, 193.375778198, 193.933059692, 194.490341187, 195.05921936, 195.628112793, 196.208618164, 196.777496338, 197.346389771, 197.903671265, 198.472564697, 199.041442871, 199.598724365, 200.156005859, 200.73651123, 201.305389404, 201.874282837, 202.431564331, 202.988845825, 203.546112061, 204.115005493, 204.683898926, 205.252792358, 205.821670532, 206.378952026, 206.947845459, 207.516723633, 208.074005127, 208.631286621, 209.200180054, 209.769073486, 210.33795166, 210.906845093, 211.475738525, 212.044616699, 212.601898193, 213.159179688, 213.716461182, 214.296951294, 214.854232788, 215.423126221, 215.992019653, 216.549285889, 217.106567383, 217.675460815, 218.244354248, 218.813232422, 219.382125854, 219.951019287, 220.51991272, 221.077178955, 221.634460449, 222.203353882, 222.772247314, 223.32951355, 223.898406982, 224.467300415, 225.036193848, 225.605072021, 226.162353516, 226.71963501, 227.288528442, 227.857406616, 228.41468811, 228.983581543, 229.552474976, 230.121353149, 230.678634644, 231.235916138, 231.80480957, 232.373687744, 232.930969238, 233.488250732, 234.057144165, 234.637634277, 235.194915771, 235.763809204, 236.332687378, 236.901580811, 237.470474243, 238.039367676, 238.60824585, 239.165527344, 239.722808838, 240.291702271, 240.860580444, 241.417861938, 241.975143433, 242.544036865, 243.101318359, 243.670196533, 244.227478027, 244.79637146, 245.365249634, 245.945755005, 246.503036499, 247.071929932, 247.640808105, 248.209701538, 248.778594971, 249.335861206, 249.8931427, 250.462036133, 251.030929565, 251.58821106, 252.145477295, 252.725982666, 253.28326416, 253.840545654, 254.409423828, 254.978317261, 255.547210693, 256.116088867, 256.684997559, 257.253875732, 257.811157227, 258.368438721, 258.937316895, 259.506195068, 260.07510376, 260.643981934, 261.201263428, 261.770141602, 262.339050293, 262.896331787, 263.465209961, 264.034088135, 264.591369629, 265.16027832, 265.729156494, 266.286437988, 266.843719482, 267.412597656, 267.981506348, 268.550384521, 269.107666016, 269.676544189, 270.245422363, 270.814331055, 271.371612549, 271.940490723, 272.509368896, 273.066650391, 273.635559082, 274.204437256, 274.77331543, 275.342224121, 275.899505615, 276.456787109, 277.025665283, 277.594543457, 278.151824951, 278.720733643, 279.289611816, 279.846893311, 280.404174805, 280.973052979, 281.541931152, 282.122436523, 282.679718018, 283.248626709, 283.817504883, 284.374786377, 284.932067871, 285.500946045, 286.069824219, 286.63873291, 287.207611084, 287.764892578, 288.333770752, 288.902679443, 289.459960938, 290.017242432, 290.574493408, 291.154998779, 291.712280273, 292.281188965, 292.850067139, 293.418945312, 293.976226807, 294.54510498, 295.114013672, 295.682891846, 296.24017334, 296.809051514, 297.377960205, 297.946838379, 298.515716553, 299.072998047, 299.630279541, 300.199188232, 300.768066406, 301.33694458, 301.905853271, 302.463134766, 303.02041626, 303.589294434, 304.146575928, 304.715454102, 305.284362793, 305.853240967, 306.422119141, 306.991027832, 307.548278809, 308.105560303, 308.674468994, 309.243347168, 309.812225342, 310.369506836, 310.938415527, 311.495697021, 312.052978516, 312.621856689, 313.190734863, 313.759643555, 314.328521729, 314.885803223, 315.454681396, 316.023590088, 316.580841064, 317.138122559, 317.695404053, 318.252685547, 318.809967041, 319.378845215, 319.947753906], "beats_loudness": {"dmean2": 0.0617437399924, "median": 0.0332510173321, "min": 9.46143940972e-10, "dvar2": 0.00312514184043, "dvar": 0.00107540749013, "dmean": 0.0429992750287, "max": 0.248798921704, "var": 0.00166874437127, "mean": 0.0418475568295}, "danceability": 1.91676306725, "bpm_histogram_second_peak_weight": {"dmean2": 0, "median": 0.0431034490466, "min": 0.0431034490466, "dvar2": 0, "dvar": 0, "dmean": 0, "max": 0.0431034490466, "var": 0, "mean": 0.0431034490466}, "beats_count": 581, "bpm_histogram_second_peak_bpm": {"dmean2": 0, "median": 140, "min": 140, "dvar2": 0, "dvar": 0, "dmean": 0, "max": 140, "var": 0, "mean": 140}, "bpm_histogram_first_peak_spread": {"dmean2": 0, "median": 0.406551063061, "min": 0.406551063061, "dvar2": 0, "dvar": 0, "dmean": 0, "max": 0.406551063061, "var": 0, "mean": 0.406551063061}, "beats_loudness_band_ratio": {"dmean2": [0.906555473804, 0.208082064986, 0.111342579126, 0.12537188828, 0.46524733305, 0.371166288853], "median": [0.466868817806, 0.0683386102319, 0.0281699690968, 0.0549457445741, 0.106361113489, 0.138967588544], "min": [0.000274960446404, 1.42196158777e-05, 4.28342309533e-06, 2.55666464e-06, 4.54750579593e-06, 1.7535612642e-05], "dvar2": [0.216265022755, 0.0243257824332, 0.0174351651222, 0.00894967280328, 0.0611167140305, 0.0330797061324], "dvar": [0.0755167976022, 0.00909997615963, 0.00675028096884, 0.00362743879668, 0.0238358732313, 0.0100667150691], "dmean": [0.470850557089, 0.116939216852, 0.0658255442977, 0.0697369202971, 0.238971292973, 0.188784137368], "max": [0.999968767166, 0.462639689445, 0.615419268608, 0.515209197998, 0.806390404701, 0.622673690319], "var": [0.113931931555, 0.0110443234444, 0.00848091393709, 0.00468228524551, 0.0356657244265, 0.0154172498733], "mean": [0.51393532753, 0.105097897351, 0.0634184032679, 0.0673499256372, 0.168865695596, 0.138782992959]}}, "lowlevel": {"barkbands_spread": {"dmean2": 17.8756732941, "median": 22.7546901703, "min": 0.0214551147074, "dvar2": 465.961029053, "dvar": 198.54750061, "dmean": 11.2690553665, "max": 141.573043823, "var": 424.560760498, "mean": 26.2129459381}, "melbands_spread": {"dmean2": 24.1002635956, "median": 25.6218070984, "min": 0.00164266210049, "dvar2": 1284.65820312, "dvar": 596.077026367, "dmean": 15.2200651169, "max": 287.481201172, "var": 1225.08239746, "mean": 34.016002655}, "hfc": {"dmean2": 10.9171953201, "median": 3.26649403572, "min": 1.08280794302e-16, "dvar2": 584.567871094, "dvar": 293.164764404, "dmean": 8.14615631104, "max": 232.04788208, "var": 531.714416504, "mean": 12.4615345001}, "barkbands_kurtosis": {"dmean2": 46.1252250671, "median": 1.99477052689, "min": -1.9337502718, "dvar2": 48900.2148438, "dvar": 16505.3222656, "dmean": 27.3833122253, "max": 4884.90136719, "var": 18305.4667969, "mean": 28.0857086182}, "gfcc": {"mean": [-122.27784729, 65.1973876953, -120.398857117, 43.6992607117, -39.2409515381, 14.7735261917, -24.1258678436, 8.1284198761, -17.608581543, 5.37758016586, -13.9575767517, 2.23000049591, -9.8303232193], "icov": [[6.28373672953e-05, -5.26792937308e-05, 5.52487035748e-05, -0.000108787753561, 5.95902711211e-05, -6.21470535407e-05, 7.34955538064e-05, -7.7761382272e-05, 0.000195956527023, -9.39758610912e-05, 0.000211849343032, -0.000135566588142, 0.000285086978693], [-5.26792937308e-05, 0.000632548006251, -0.000226264557568, 0.000337032222888, -0.000227787226322, 0.000383171747671, -0.000406280363677, 0.000675093324389, -0.000749053840991, 0.00104325416032, -0.00138220645022, 0.00152484129649, -0.000864211295266], [5.52487035748e-05, -0.000226264557568, 0.000594919780269, -9.58082237048e-05, -6.32264345768e-05, -0.000364113366231, 0.000105580533273, -0.000465511257062, 0.000323033396853, -0.00015214078303, 0.000312683056109, -0.00087490392616, 0.00155537668616], [-0.000108787753561, 0.000337032222888, -9.58082237048e-05, 0.0019405959174, -0.000470949802548, 2.51092915278e-05, -0.000549199350644, 0.000709262676537, -0.000561657478102, 0.00146154221147, -0.00131011835765, 0.00109264545608, 0.000134840549435], [5.95902711211e-05, -0.000227787226322, -6.32264345768e-05, -0.000470949802548, 0.00210862932727, -0.000416801223764, -0.000502019654959, -0.00129515619483, 0.00115728215314, -0.000848813448101, 0.000260876840912, 0.000312352523906, -0.000148551800521], [-6.21470535407e-05, 0.000383171747671, -0.000364113366231, 2.51092915278e-05, -0.000416801223764, 0.00448236288503, -0.00272758631036, 0.00119905651081, -0.000826531730127, -0.000385343679227, 0.000579628103878, 0.000237391708652, -0.00117095815949], [7.34955538064e-05, -0.000406280363677, 0.000105580533273, -0.000549199350644, -0.000502019654959, -0.00272758631036, 0.00862294156104, -0.00459782592952, -0.000327170710079, 0.00261315959506, -0.00287760142237, 0.00121078535449, 0.000251104735071], [-7.7761382272e-05, 0.000675093324389, -0.000465511257062, 0.000709262676537, -0.00129515619483, 0.00119905651081, -0.00459782592952, 0.0110200447962, -0.00342503096908, -0.00316671514884, 0.00213776389137, -0.00147566047963, 0.000287176371785], [0.000195956527023, -0.000749053840991, 0.000323033396853, -0.000561657478102, 0.00115728215314, -0.000826531730127, -0.000327170710079, -0.00342503096908, 0.0101814148948, -0.00388860120438, 0.000348836329067, 0.00120639975648, -0.00223506125621], [-9.39758610912e-05, 0.00104325416032, -0.00015214078303, 0.00146154221147, -0.000848813448101, -0.000385343679227, 0.00261315959506, -0.00316671514884, -0.00388860120438, 0.0159540735185, -0.00710844714195, -0.000114602815302, 0.0019623467233], [0.000211849343032, -0.00138220645022, 0.000312683056109, -0.00131011835765, 0.000260876840912, 0.000579628103878, -0.00287760142237, 0.00213776389137, 0.000348836329067, -0.00710844714195, 0.0173880122602, -0.00614514062181, -0.000949888024479], [-0.000135566588142, 0.00152484129649, -0.00087490392616, 0.00109264545608, 0.000312352523906, 0.000237391708652, 0.00121078535449, -0.00147566047963, 0.00120639975648, -0.000114602815302, -0.00614514062181, 0.0202557723969, -0.00673225987703], [0.000285086978693, -0.000864211295266, 0.00155537668616, 0.000134840549435, -0.000148551800521, -0.00117095815949, 0.000251104735071, 0.000287176371785, -0.00223506125621, 0.0019623467233, -0.000949888024479, -0.00673225987703, 0.0184206664562]], "cov": [[23408.6992188, -591.633117676, -1197.60668945, 1021.9810791, -622.377258301, -176.610244751, -494.579193115, -370.942077637, -641.128662109, -245.266967773, -405.654327393, -115.630325317, -414.961669922], [-591.633117676, 3759.48095703, 444.664916992, -52.8103637695, 230.992858887, -47.5630760193, 251.504547119, -142.17918396, 176.804885864, -178.007965088, 211.320373535, -199.378036499, 124.447067261], [-1197.60668945, 444.664916992, 2776.21411133, 43.0117416382, 390.080047607, 221.972869873, 189.15397644, 193.667022705, -10.2418794632, 45.0019416809, 10.6611375809, 13.109992981, -184.369659424], [1021.9810791, -52.8103637695, 43.0117416382, 719.008422852, 133.863555908, 65.1159896851, 74.9382858276, -28.6402759552, -30.5320491791, -66.8421173096, 4.13172340393, -44.5044441223, -35.18151474], [-622.377258301, 230.992858887, 390.080047607, 133.863555908, 722.073181152, 147.898864746, 190.62789917, 144.545074463, 20.209104538, 32.4982261658, 32.25548172, -20.145160675, -9.78410816193], [-176.610244751, -47.5630760193, 221.972869873, 65.1159896851, 147.898864746, 339.684967041, 151.422622681, 65.9483566284, 41.0536155701, 15.7987565994, 8.47994422913, -0.286880403757, 4.60662651062], [-494.579193115, 251.504547119, 189.15397644, 74.9382858276, 190.62789917, 151.422622681, 273.9921875, 115.205696106, 68.7005996704, 3.00613737106, 46.2343444824, -16.5725574493, 12.9083805084], [-370.942077637, -142.17918396, 193.667022705, -28.6402759552, 144.545074463, 65.9483566284, 115.205696106, 207.132629395, 72.123840332, 65.6069259644, 8.76031684875, 19.7062129974, -7.09834194183], [-641.128662109, 176.804885864, -10.2418794632, -30.5320491791, 20.209104538, 41.0536155701, 68.7005996704, 72.123840332, 174.946517944, 47.2768440247, 37.5836486816, -2.40491724014, 37.267074585], [-245.266967773, -178.007965088, 45.0019416809, -66.8421173096, 32.4982261658, 15.7987565994, 3.00613737106, 65.6069259644, 47.2768440247, 120.63343811, 32.5167541504, 28.0001888275, -2.86799955368], [-405.654327393, 211.320373535, 10.6611375809, 4.13172340393, 32.25548172, 8.47994422913, 46.2343444824, 8.76031684875, 37.5836486816, 32.5167541504, 105.794197083, 18.433303833, 28.5826740265], [-115.630325317, -199.378036499, 13.109992981, -44.5044441223, -20.145160675, -0.286880403757, -16.5725574493, 19.7062129974, -2.40491724014, 28.0001888275, 18.433303833, 81.4674530029, 18.842540741], [-414.961669922, 124.447067261, -184.369659424, -35.18151474, -9.78410816193, 4.60662651062, 12.9083805084, -7.09834194183, 37.267074585, -2.86799955368, 28.5826740265, 18.842540741, 95.7088165283]]}, "spectral_energyband_middle_low": {"dmean2": 0.0034833336249, "median": 0.000647196371574, "min": 2.6432005155e-22, "dvar2": 0.000107851206849, "dvar": 4.14989117417e-05, "dmean": 0.00210075569339, "max": 0.0817302241921, "var": 3.47400091414e-05, "mean": 0.00236951932311}, "melbands_crest": {"dmean2": 6.18092441559, "median": 15.71808815, "min": 1.79340088367, "dvar2": 40.2150802612, "dvar": 18.1704120636, "dmean": 3.860060215, "max": 39.9968757629, "var": 64.4381408691, "mean": 16.2016448975}, "spectral_kurtosis": {"dmean2": 4.16099500656, "median": 3.77838945389, "min": -1.22714745998, "dvar2": 51.3216667175, "dvar": 22.5228748322, "dmean": 2.56398749352, "max": 94.7066802979, "var": 33.1813468933, "mean": 5.17605781555}, "spectral_rms": {"dmean2": 0.00161630939692, "median": 0.00225260271691, "min": 3.17164523811e-12, "dvar2": 7.80744539952e-06, "dvar": 4.33430159319e-06, "dmean": 0.00118454918265, "max": 0.0179385822266, "var": 9.86886971077e-06, "mean": 0.00303279561922}, "zerocrossingrate": {"dmean2": 0.0240985769778, "median": 0.06787109375, "min": 0.00048828125, "dvar2": 0.000973676156718, "dvar": 0.000885362969711, "dmean": 0.0220642480999, "max": 0.5341796875, "var": 0.00425359560177, "mean": 0.0773021429777}, "silence_rate_60dB": {"dmean2": 0.201144844294, "median": 0, "min": 0, "dvar2": 0.17546364665, "dvar": 0.0904577821493, "dmean": 0.100565135479, "max": 1, "var": 0.233876243234, "mean": 0.372889965773}, "erbbands_kurtosis": {"dmean2": 2.56856560707, "median": 0.118296384811, "min": -1.8565788269, "dvar2": 34.8916358948, "dvar": 12.7726821899, "dmean": 1.53661251068, "max": 138.852966309, "var": 11.1500434875, "mean": 0.810492753983}, "erbbands": {"dmean2": [0.279805392027, 4.29061746597, 9.71313762665, 4.46003437042, 7.33409786224, 4.75632619858, 2.99541378021, 3.00228691101, 4.11752414703, 3.68033742905, 4.42567157745, 4.12419366837, 4.31730270386, 5.56134271622, 5.9076385498, 8.06718635559, 10.2320661545, 12.9019289017, 16.6962203979, 20.636095047, 23.6878356934, 24.2482891083, 27.3603248596, 39.2980270386, 22.593875885, 20.4722003937, 16.3562870026, 9.17383098602, 5.89872980118, 3.46860384941, 1.8513635397, 1.1208127737, 0.612054646015, 0.372952759266, 0.24535369873, 0.141251042485, 0.0817561969161, 0.027746271342, 0.002821611939, 6.69907167321e-05], "median": [0.00884850602597, 0.133411228657, 0.333446532488, 0.293810874224, 0.367852479219, 0.356098473072, 0.355417907238, 0.367485076189, 0.405995249748, 0.493623644114, 0.621334850788, 0.633006095886, 0.830572843552, 1.10096251965, 1.37889945507, 1.35388052464, 1.58074128628, 1.96224105358, 2.49740433693, 2.19123744965, 1.98045516014, 2.08140063286, 2.10171484947, 1.94990170002, 1.93820357323, 1.39521372318, 1.14102399349, 0.951682448387, 0.663994073868, 0.532885432243, 0.285998135805, 0.154009580612, 0.0838700756431, 0.0362833477557, 0.0142191434279, 0.00474112015218, 0.00148425914813, 0.000281720451312, 1.87357236427e-05, 9.50540288613e-06], "min": [6.27837052147e-22, 4.60715609723e-21, 1.52170344703e-21, 1.33363769456e-20, 4.78906555395e-20, 1.3732300645e-19, 1.56110268565e-19, 1.92049831539e-19, 1.06490585825e-19, 4.26853863055e-19, 7.01255444085e-19, 3.75900984888e-19, 1.54739953407e-18, 1.10761314158e-18, 1.26728629676e-18, 1.24866160149e-18, 2.41308085465e-18, 2.83570128488e-18, 3.94918854618e-18, 4.83099037612e-18, 5.28687732225e-18, 5.61435316367e-18, 6.45565416287e-18, 6.3764011612e-18, 1.01010192701e-17, 9.36018307857e-18, 1.18903796799e-17, 1.13027067321e-17, 1.43029454078e-17, 1.22667112898e-17, 1.08381811253e-17, 1.51140505923e-17, 1.11696572121e-17, 1.01578548499e-17, 7.12193242985e-18, 5.29562227568e-18, 2.43180160627e-18, 1.09913371312e-18, 2.73690877787e-19, 2.88973317485e-20], "dvar2": [0.621620178223, 171.929336548, 1080.63134766, 189.341781616, 713.214477539, 294.911712646, 62.5192337036, 77.5961074829, 181.296783447, 101.132980347, 256.377532959, 188.792007446, 101.629989624, 233.347763062, 170.379104614, 486.412841797, 714.114624023, 1206.39160156, 2935.08056641, 5204.58398438, 6490.21533203, 4113.54443359, 4777.84667969, 11971.3212891, 3172.44848633, 2935.38769531, 1760.88195801, 460.723144531, 212.068115234, 110.458374023, 19.9779701233, 9.29564571381, 1.95925343037, 0.66363286972, 0.264159828424, 0.0947420448065, 0.0327117964625, 0.0038832470309, 4.04378770327e-05, 1.5086698113e-08], "dvar": [0.358055442572, 67.9897689819, 396.027770996, 67.6092605591, 266.104309082, 107.519111633, 27.6527900696, 30.7588996887, 67.8394775391, 40.7614936829, 96.1892623901, 88.3904495239, 51.3998146057, 113.445236206, 81.3601226807, 218.862609863, 311.97442627, 523.743835449, 1206.76171875, 2245.4128418, 2718.52026367, 1809.59228516, 1988.92956543, 4418.81494141, 1320.296875, 1111.28991699, 692.742736816, 207.722320557, 103.321983337, 54.9877967834, 12.3657875061, 4.51818084717, 1.07703793049, 0.356775730848, 0.136112496257, 0.0484569892287, 0.0160976573825, 0.00188727397472, 1.99792029889e-05, 7.85019516059e-09], "dmean": [0.193321928382, 2.53348183632, 5.57759284973, 2.53161931038, 4.21207427979, 2.7504234314, 1.9053529501, 1.89276373386, 2.51596593857, 2.35653686523, 2.86207270622, 2.74400115013, 2.91998410225, 3.77388238907, 3.9591782093, 5.31996965408, 6.62351179123, 8.42335224152, 10.7218894958, 13.403093338, 15.3009815216, 15.5642271042, 17.215341568, 22.980381012, 14.2286510468, 12.4394626617, 10.3009538651, 6.18124866486, 4.02352619171, 2.48493432999, 1.31153452396, 0.791821360588, 0.445386320353, 0.270804554224, 0.173192739487, 0.0984755754471, 0.0554643012583, 0.0188183728606, 0.00189905648585, 4.71673520224e-05], "max": [6.24026060104, 73.0831298828, 169.087768555, 93.7490158081, 217.644760132, 149.575820923, 98.6049346924, 107.470207214, 124.646057129, 140.567703247, 286.298400879, 366.703735352, 229.477035522, 361.485046387, 264.772796631, 470.286071777, 295.656768799, 490.589935303, 673.577148438, 927.332092285, 886.033752441, 688.096435547, 611.413391113, 773.818664551, 628.248352051, 323.017852783, 273.872589111, 207.806213379, 213.696853638, 214.063079834, 77.008026123, 72.3177337646, 36.8489837646, 11.3695573807, 5.49133014679, 3.23654532433, 2.06463336945, 0.589991986752, 0.0509356856346, 0.000985671416856], "var": [0.495845884085, 65.9783096313, 284.670318604, 44.6755867004, 185.739379883, 76.6265029907, 34.2863044739, 35.1041717529, 60.2800827026, 59.0976066589, 133.013534546, 153.146636963, 161.061660767, 223.681655884, 142.525161743, 289.762481689, 390.190765381, 760.805114746, 1573.27685547, 2817.17651367, 3696.15356445, 2869.13916016, 2736.89794922, 3795.19995117, 1733.51818848, 1077.36950684, 745.461975098, 308.292694092, 172.166641235, 98.2513198853, 24.7305908203, 7.63688087463, 1.95403373241, 0.572917222977, 0.190147608519, 0.0647923871875, 0.0195970609784, 0.00219938973896, 2.32960392168e-05, 1.11367803868e-08], "mean": [0.222781196237, 2.51218676567, 4.71904754639, 2.21115803719, 3.32188892365, 2.55871748924, 2.27337646484, 2.42250013351, 2.90786671638, 3.25677251816, 3.87106537819, 3.83468604088, 4.79744815826, 5.61056852341, 5.59708023071, 6.76790046692, 8.07011985779, 11.4700593948, 14.4498662949, 17.1237392426, 20.9509372711, 20.6348361969, 21.2293071747, 22.9138126373, 16.9192504883, 13.7382116318, 11.6402053833, 7.91332292557, 5.35392332077, 3.65572500229, 1.83334827423, 0.9912301898, 0.555378675461, 0.305611133575, 0.178903654218, 0.0976750403643, 0.0525056384504, 0.0172896180302, 0.00172470184043, 5.2982231864e-05]}, "spectral_strongpeak": {"dmean2": 0.504781663418, "median": 0.207780957222, "min": 0, "dvar2": 0.728228569031, "dvar": 0.309313625097, "dmean": 0.305640220642, "max": 8.11601638794, "var": 0.741199970245, "mean": 0.500064849854}, "spectral_energy": {"dmean2": 0.0236814208329, "median": 0.00520107476041, "min": 1.03108176446e-20, "dvar2": 0.00334564479999, "dvar": 0.00147246487904, "dmean": 0.0154056213796, "max": 0.329837590456, "var": 0.00189102208242, "mean": 0.0195434335619}, "average_loudness": 0.936134696007, "spectral_rolloff": {"dmean2": 1574.63464355, "median": 1636.5234375, "min": 21.533203125, "dvar2": 6439419, "dvar": 3314865.25, "dmean": 958.79119873, "max": 19056.8847656, "var": 7004163.5, "mean": 2232.14331055}, "spectral_centroid": {"dmean2": 654.722473145, "median": 1952.26330566, "min": 56.217464447, "dvar2": 637151.125, "dvar": 307595.875, "dmean": 431.636566162, "max": 11202.1308594, "var": 1075938.875, "mean": 1888.86083984}, "pitch_salience": {"dmean2": 0.170645132661, "median": 0.523688197136, "min": 0.00125541491434, "dvar2": 0.0330061651766, "dvar": 0.015095599927, "dmean": 0.105823948979, "max": 0.94455242157, "var": 0.040529821068, "mean": 0.494661450386}, "spectral_energyband_middle_high": {"dmean2": 0.00279924250208, "median": 0.000615917902905, "min": 1.2594780042e-21, "dvar2": 5.14705461683e-05, "dvar": 2.31584508583e-05, "dmean": 0.00192905124277, "max": 0.0721175596118, "var": 3.67861139239e-05, "mean": 0.00284355808981}, "spectral_contrast_coeffs": {"dmean2": [0.0886530280113, 0.0651291012764, 0.0558582693338, 0.0498041436076, 0.0393852479756, 0.0433685481548], "median": [-0.700167477131, -0.797381699085, -0.813539803028, -0.807463169098, -0.811197459698, -0.743742406368], "min": [-0.971090555191, -0.979524791241, -0.977556586266, -0.990902900696, -0.986382961273, -0.961570441723], "dvar2": [0.00724556250498, 0.0030485636089, 0.0020657943096, 0.00178371975198, 0.00118936435319, 0.00191513902973], "dvar": [0.00351713038981, 0.00126268900931, 0.000873503624462, 0.000748088466935, 0.000542752095498, 0.000935057702009], "dmean": [0.0567573383451, 0.0411087609828, 0.035176075995, 0.03130684793, 0.0251462496817, 0.028963778168], "max": [-0.317794233561, -0.418447107077, -0.435444176197, -0.421308040619, -0.530522823334, -0.515937387943], "var": [0.0116388518363, 0.00534277362749, 0.00483578629792, 0.00453650718555, 0.00298651959747, 0.00502047035843], "mean": [-0.692135751247, -0.78779566288, -0.802578210831, -0.798709392548, -0.804236829281, -0.750009059906]}, "melbands_skewness": {"dmean2": 2.7795612812, "median": 2.46880102158, "min": -2.76168036461, "dvar2": 82.3274688721, "dvar": 33.7102851868, "dmean": 1.83822715282, "max": 524.964233398, "var": 76.0985183716, "mean": 3.91763067245}, "spectral_spread": {"dmean2": 1335804.375, "median": 4015730, "min": 980505.4375, "dvar2": 2935627972610.0, "dvar": 1670859587580.0, "dmean": 938774.3125, "max": 41388360, "var": 5625672105980.0, "mean": 4541060}, "dissonance": {"dmean2": 0.021161692217, "median": 0.483778655529, "min": 0.2057223171, "dvar2": 0.000583077955525, "dvar": 0.000235677332967, "dmean": 0.0131505960599, "max": 0.500000059605, "var": 0.000562147470191, "mean": 0.476581186056}, "spectral_skewness": {"dmean2": 0.52879357338, "median": 1.30377209187, "min": -0.222257196903, "dvar2": 0.45858964324, "dvar": 0.204719886184, "dmean": 0.340935260057, "max": 8.06072044373, "var": 0.492087543011, "mean": 1.42465507984}, "spectral_flux": {"dmean2": 0.0591378584504, "median": 0.0343868099153, "min": 6.46889555811e-11, "dvar2": 0.00952754169703, "dvar": 0.00434441911057, "dmean": 0.03893223