{"metadata": {"tags": {"label": ["Electromode Music"], "title": ["Deliwe"], "genre": ["Pop"], "originalyear": ["2002"], "album": ["The Best of Juluka / Savuka featuring Johnny Clegg"], "musicbrainz album type": ["album/compilation"], "script": ["Latn"], "albumartistsort": ["Clegg, Johnny and Savuka"], "musicbrainz album release country": ["ZA"], "acoustid_id": ["9b497bfe-a38f-4f6e-b0bd-ff46d511ca22"], "musicbrainz_artistid": ["08e3c40b-dbec-49aa-96ff-e1ab37ae6aca"], "musicbrainz_releasegroupid": ["80a9e495-7800-3f4c-af72-169f43cab3b9"], "musicbrainz_recordingid": ["10856513-4234-4c4a-b58f-c99372764fac"], "albumartist": ["Johnny Clegg and Savuka"], "barcode": ["6009143003637"], "originaldate": ["2002"], "musicbrainz album status": ["official"], "artist": ["Johnny Clegg and Savuka"], "musicbrainz_albumid": ["921d96a2-b52e-408c-b684-114cf5c9f684"], "artistsort": ["Clegg, Johnny and Savuka"], "catalognumber": ["CRMCD 152"], "tracknumber": ["14/16"], "musicbrainz_albumartistid": ["08e3c40b-dbec-49aa-96ff-e1ab37ae6aca"], "discnumber": ["1/1"], "date": ["2002"], "media": ["CD"], "file_name": "14. Johnny Clegg and Savuka - Deliwe.mp3", "composer": ["Johnny Clegg"], "length": ["322351"]}, "audio_properties": {"sample_rate": 44100, "downmix": "mix", "lossless": false, "analysis_sample_rate": 44100, "md5_encoded": "81cbe82d75df5ce89abe6fe43321562b", "equal_loudness": 0, "replay_gain": -12.9574775696, "codec": "mp3", "bit_rate": 128000, "length": 322.351013184}, "version": {"extractor": "music 1.0", "essentia_build_sha": "2d9f1f26377add8aeb1075a9c2973f962c4f09fd", "essentia_git_sha": "v2.1_beta2-1-ge3940c0", "essentia": "2.1-beta2"}}, "rhythm": {"beats_loudness_band_ratio": {"dvar2": [0.0447258725762, 0.0267866980284, 0.0345095992088, 0.0375471189618, 0.00206995895132, 0.00695634633303], "var": [0.0316221229732, 0.00847696326673, 0.0149017702788, 0.0146486479789, 0.000799725123215, 0.00184037268627], "min": [0, 0, 0, 0, 0, 0], "dmean": [0.178116589785, 0.0894447565079, 0.119547650218, 0.101127080619, 0.0252547878772, 0.0530556030571], "mean": [0.543124377728, 0.142355084419, 0.136575132608, 0.103770494461, 0.0362703166902, 0.0653608217835], "max": [0.910547554493, 0.657332062721, 0.63509619236, 0.575791180134, 0.213579595089, 0.282130390406], "dmean2": [0.313653230667, 0.159268468618, 0.209123298526, 0.182304933667, 0.0459297336638, 0.101882003248], "median": [0.567558348179, 0.116910479963, 0.0907801687717, 0.0466356687248, 0.0286996997893, 0.0568280890584], "dvar": [0.0158121474087, 0.00854129437357, 0.0120946550742, 0.0139843896031, 0.000693696492817, 0.00196854374371]}, "bpm_histogram_first_peak_weight": {"dvar2": 0, "var": 0, "min": 0.733050823212, "dmean": 0, "mean": 0.733050823212, "max": 0.733050823212, "dmean2": 0, "median": 0.733050823212, "dvar": 0}, "bpm": 88.5173416138, "beats_count": 473, "bpm_histogram_first_peak_spread": {"dvar2": 0, "var": 0, "min": 0.249457746744, "dmean": 0, "mean": 0.249457746744, "max": 0.249457746744, "dmean2": 0, "median": 0.249457746744, "dvar": 0}, "danceability": 1.2673407793, "bpm_histogram_first_peak_bpm": {"dvar2": 0, "var": 0, "min": 89, "dmean": 0, "mean": 89, "max": 89, "dmean2": 0, "median": 89, "dvar": 0}, "beats_position": [0.638548731804, 1.30031740665, 1.97369611263, 2.65868473053, 3.34367346764, 4.02866220474, 4.76009082794, 5.47990942001, 6.21133756638, 6.94276618958, 7.67419481277, 8.42884349823, 9.14866161346, 9.86848068237, 10.5650787354, 11.261677742, 11.9582767487, 12.6548748016, 13.3514738083, 14.0596818924, 14.7678909302, 15.4644899368, 16.1726989746, 16.8809070587, 17.5891151428, 18.2973232269, 19.0055332184, 19.7369613647, 20.45677948, 21.1882076263, 21.8964176178, 22.6046257019, 23.312833786, 24.009431839, 24.7060317993, 25.4026298523, 26.0992279053, 26.7958278656, 27.4924259186, 28.1890239716, 28.8856239319, 29.5706119537, 30.2555999756, 30.9405899048, 31.6255779266, 32.322177887, 33.0187759399, 33.7153739929, 34.4119720459, 35.0853500366, 35.7819480896, 36.4785499573, 37.1751480103, 37.8717460632, 38.5567321777, 39.2417221069, 39.9383201599, 40.6349182129, 41.3083000183, 42.0048980713, 42.7014961243, 43.3980941772, 44.0946922302, 44.7912902832, 45.4762802124, 46.1612701416, 46.8462562561, 47.5428581238, 48.2278442383, 48.901222229, 49.5746040344, 50.2595901489, 50.9445800781, 51.6411781311, 52.3145561218, 53.0111541748, 53.696144104, 54.3811340332, 55.0777320862, 55.7627182007, 56.4477081299, 57.1326980591, 57.8176841736, 58.5142860413, 59.2108840942, 59.8958702087, 60.5808601379, 61.2774581909, 61.9624481201, 62.6474380493, 63.3440361023, 64.0406341553, 64.7256240845, 65.4106140137, 66.0839920044, 66.7805862427, 67.4655761719, 68.1505661011, 68.8471679688, 69.5205459595, 70.1939239502, 70.8789138794, 71.5638961792, 72.2604980469, 72.9338760376, 73.6072540283, 74.280632019, 74.9656219482, 75.6506118774, 76.3356018066, 77.0205917358, 77.7055740356, 78.3905639648, 79.0871658325, 79.7605438232, 80.4455337524, 81.1305236816, 81.8039016724, 82.4772796631, 83.1622695923, 83.8472518921, 84.5206298828, 85.1940155029, 85.8906097412, 86.5755996704, 87.2605895996, 87.9339675903, 88.6305618286, 89.3039474487, 89.9889297485, 90.6739196777, 91.3705215454, 92.0555114746, 92.7404937744, 93.4254837036, 94.1104736328, 94.795463562, 95.4804534912, 96.1538314819, 96.8272094727, 97.5121994019, 98.1971893311, 98.8705673218, 99.5439453125, 100.228935242, 100.913917542, 101.587303162, 102.272285461, 102.957275391, 103.630653381, 104.315643311, 105.00063324, 105.685623169, 106.35900116, 107.043991089, 107.740585327, 108.425575256, 109.110565186, 109.807167053, 110.492149353, 111.165527344, 111.827301025, 112.512290955, 113.197273254, 113.882263184, 114.567253113, 115.252243042, 115.937232971, 116.6222229, 117.295600891, 117.98059082, 118.66557312, 119.350563049, 120.035552979, 120.720542908, 121.393920898, 122.055686951, 122.717460632, 123.379226685, 124.040992737, 124.725982666, 125.410972595, 126.084350586, 126.757728577, 127.431106567, 128.104492188, 128.777862549, 129.451248169, 130.12461853, 130.79800415, 131.471374512, 132.144760132, 132.818145752, 133.468292236, 134.141677856, 134.815048218, 135.488433838, 136.161804199, 136.858413696, 137.531784058, 138.205169678, 138.878540039, 139.551925659, 140.225296021, 140.898681641, 141.572067261, 142.257049561, 142.94203186, 143.61541748, 144.288803101, 144.962173462, 145.647155762, 146.320541382, 147.005523682, 147.678909302, 148.352294922, 149.025665283, 149.699050903, 150.372421265, 151.057418823, 151.742401123, 152.415786743, 153.100769043, 153.785751343, 154.459136963, 155.132507324, 155.805892944, 156.479278564, 157.152648926, 157.826034546, 158.499404907, 159.184402466, 159.869384766, 160.542770386, 161.216140747, 161.889526367, 162.562896729, 163.236282349, 163.90965271, 164.606262207, 165.279632568, 165.953018188, 166.638000488, 167.322982788, 167.996368408, 168.669754028, 169.34312439, 170.01651001, 170.689880371, 171.37487793, 172.059860229, 172.756454468, 173.418228149, 174.09161377, 174.764984131, 175.449981689, 176.123352051, 176.796737671, 177.470108032, 178.155105591, 178.828475952, 179.513473511, 180.186843872, 180.88343811, 181.55682373, 182.230194092, 182.903579712, 183.576965332, 184.250335693, 184.912109375, 185.585479736, 186.258865356, 186.943847656, 187.617233276, 188.290603638, 188.987213135, 189.660583496, 190.333969116, 191.007339478, 191.680725098, 192.354095459, 193.027481079, 193.70085144, 194.374237061, 195.047622681, 195.720993042, 196.394378662, 197.067749023, 197.741134644, 198.414505005, 199.076278687, 199.738052368, 200.411422729, 201.08480835, 201.758178711, 202.44317627, 203.128158569, 203.801544189, 204.474914551, 205.148300171, 205.821670532, 206.495056152, 207.168426514, 207.853424072, 208.538406372, 209.211791992, 209.885162354, 210.558547974, 211.231918335, 211.905303955, 212.578674316, 213.252059937, 213.925445557, 214.610427856, 215.283798218, 215.968795776, 216.642166138, 217.315551758, 217.988937378, 218.673919678, 219.358901978, 220.032287598, 220.705657959, 221.379043579, 222.052429199, 222.725799561, 223.399185181, 224.072555542, 224.745941162, 225.419311523, 226.092697144, 226.766067505, 227.451065063, 228.136047363, 228.809432983, 229.482803345, 230.179412842, 230.852783203, 231.526168823, 232.199539185, 232.872924805, 233.546295166, 234.219680786, 234.893051147, 235.578048706, 236.251419067, 236.936416626, 237.621398926, 238.306396484, 238.979766846, 239.653152466, 240.326522827, 240.999908447, 241.673278809, 242.346664429, 243.02003479, 243.69342041, 244.366790771, 245.040176392, 245.713562012, 246.386932373, 247.060317993, 247.733688354, 248.407073975, 249.080444336, 249.753829956, 250.427200317, 251.100585938, 251.773956299, 252.447341919, 253.120727539, 253.7940979, 254.467483521, 255.140853882, 255.814239502, 256.487609863, 257.160980225, 257.834381104, 258.507751465, 259.181121826, 259.866119385, 260.527893066, 261.201263428, 261.874633789, 262.548034668, 263.221405029, 263.894775391, 264.568145752, 265.241546631, 265.903320313, 266.576690674, 267.238464355, 267.90020752, 268.561981201, 269.23538208, 269.897125244, 270.558898926, 271.232299805, 271.905670166, 272.579040527, 273.240814209, 273.902587891, 274.575958252, 275.249328613, 275.911102295, 276.572875977, 277.246246338, 277.919647217, 278.581390381, 279.243164063, 279.916534424, 280.589935303, 281.263305664, 281.936676025, 282.610076904, 283.283447266, 283.93359375, 284.583770752, 285.257141113, 285.918914795, 286.592285156, 287.254058838, 287.927429199, 288.600799561, 289.274200439, 289.947570801, 290.620941162, 291.294311523, 291.967712402, 292.617858887, 293.291229248, 293.964630127, 294.626403809, 295.288146973, 295.961547852, 296.634918213, 297.308288574, 297.970062256, 298.643432617, 299.305206299, 299.97857666, 300.628753662, 301.302124023, 301.963897705, 302.625671387, 303.275817871, 303.949188232, 304.599365234, 305.272735596, 305.92288208, 306.596282959, 307.26965332, 307.943023682, 308.616424561, 309.278167725, 309.951568604, 310.613342285, 311.286712646, 311.960083008, 312.621856689, 313.283630371, 313.945404053, 314.607147217, 315.280548096, 315.953918457, 316.638916016, 317.335510254, 318.032104492, 318.72869873, 319.425292969, 320.121887207, 320.818511963, 321.515106201], "beats_loudness": {"dvar2": 0.000377457006834, "var": 0.000361723446986, "min": 0, "dmean": 0.0143026700243, "mean": 0.0534268729389, "max": 0.0988727584481, "dmean2": 0.0251190811396, "median": 0.0559035055339, "dvar": 0.000124436453916}, "bpm_histogram_second_peak_weight": {"dvar2": 0, "var": 0, "min": 0.0211864411831, "dmean": 0, "mean": 0.0211864411831, "max": 0.0211864411831, "dmean2": 0, "median": 0.0211864411831, "dvar": 0}, "bpm_histogram_second_peak_spread": {"dvar2": 0, "var": 0, "min": 0.0909090638161, "dmean": 0, "mean": 0.0909090638161, "max": 0.0909090638161, "dmean2": 0, "median": 0.0909090638161, "dvar": 0}, "bpm_histogram_second_peak_bpm": {"dvar2": 0, "var": 0, "min": 82, "dmean": 0, "mean": 82, "max": 82, "dmean2": 0, "median": 82, "dvar": 0}, "onset_rate": 4.32742452621}, "lowlevel": {"spectral_energyband_high": {"dvar2": 2.04396997106e-06, "var": 1.9922804313e-06, "min": 6.80033824971e-21, "dmean": 0.000562852947041, "mean": 0.00108434108552, "max": 0.0145794283599, "dmean2": 0.000781714974437, "median": 0.000550324213691, "dvar": 1.00938711967e-06}, "spectral_energyband_middle_low": {"dvar2": 0.000148043443915, "var": 0.000131539345603, "min": 1.51895823633e-22, "dmean": 0.00558813055977, "mean": 0.0144956130534, "max": 0.0943991392851, "dmean2": 0.00857829395682, "median": 0.0117825511843, "dvar": 6.16237302893e-05}, "spectral_energy": {"dvar2": 0.000253390317084, "var": 0.000371965026716, "min": 9.90136889592e-21, "dmean": 0.00839596800506, "mean": 0.0254864748567, "max": 0.128161594272, "dmean2": 0.0118625229225, "median": 0.0204173084348, "dvar": 0.000126884609926}, "spectral_spread": {"dvar2": 1153702428670.0, "var": 9840892051460.0, "min": 1914651.75, "dmean": 664546.9375, "mean": 5709104, "max": 45074564, "dmean2": 918359.3125, "median": 5363519.5, "dvar": 629869051904}, "spectral_energyband_low": {"dvar2": 0.000113816313387, "var": 7.58495007176e-05, "min": 1.27176770926e-23, "dmean": 0.00332198361866, "mean": 0.00504224468023, "max": 0.0936594754457, "dmean2": 0.00498071592301, "median": 0.00214294157922, "dvar": 5.23133530805e-05}, "spectral_rolloff": {"dvar2": 2521801.25, "var": 3882937.25, "min": 21.533203125, "dmean": 554.938232422, "mean": 1542.17663574, "max": 19832.0800781, "dmean2": 909.102355957, "median": 1012.06054688, "dvar": 1167061.75}, "barkbands": {"dvar2": [1.10458501013e-07, 5.08780722157e-05, 3.51472372131e-05, 2.6323066777e-05, 3.43871615769e-05, 8.55719099491e-06, 1.67651014635e-05, 1.59588016686e-05, 2.1912250304e-05, 1.38539653562e-05, 9.17182569538e-06, 3.47902232534e-06, 7.01701037542e-06, 1.79804646905e-06, 4.0841223381e-07, 1.45748188629e-07, 2.26276796411e-07, 2.11620047708e-07, 1.10660273833e-07, 1.93216223465e-07, 1.39561890933e-07, 1.2928870774e-07, 6.01831757763e-08, 6.73384406014e-08, 4.62613485297e-08, 9.81680869927e-08, 2.95895447033e-10], "var": [8.42787315491e-08, 3.136334999e-05, 1.04013379314e-05, 1.02779404187e-05, 2.10601192521e-05, 8.15811563371e-06, 1.31859342218e-05, 1.15701195682e-05, 2.124364255e-05, 1.48797516886e-05, 1.62771120813e-05, 3.97774692829e-06, 5.11588177687e-06, 1.88838714621e-06, 5.15054921379e-07, 1.27448203102e-07, 2.5427533501e-07, 1.73661206304e-07, 6.66477149025e-08, 1.46648389432e-07, 7.5845775882e-08, 1.24055389961e-07, 5.66897035981e-08, 4.88212634764e-08, 4.48626025218e-08, 6.50811955438e-08, 1.54269416686e-10], "min": [3.47034900564e-25, 1.80280887304e-24, 1.25502425488e-24, 9.12545814905e-25, 5.20658531524e-24, 5.87634597314e-24, 1.16000016072e-23, 6.39055036028e-24, 1.87441823447e-23, 2.01520308478e-23, 1.57922332829e-23, 2.29299240617e-23, 2.32141790448e-23, 3.35480423331e-23, 4.74950999819e-23, 4.28744829137e-23, 4.30963610873e-23, 7.76212877447e-23, 1.30808839573e-22, 1.52750507092e-22, 2.5557939699e-22, 3.01251616125e-22, 3.86084607156e-22, 4.75472392701e-22, 8.79578647144e-22, 1.08972987963e-21, 1.80013444051e-21], "dmean": [0.000117341754958, 0.00183465506416, 0.00140462850686, 0.00147899764124, 0.00217862124555, 0.00106250552926, 0.00127034739126, 0.000970637134742, 0.00128404435236, 0.000977035611868, 0.000793511338998, 0.000467012170702, 0.000464681303129, 0.000326150329784, 0.00016679977125, 0.000111843764898, 0.000147120153997, 0.000167267819052, 0.000125067381305, 0.000146479695104, 0.000111133471364, 0.0001337837748, 9.47294029174e-05, 8.70162984938e-05, 7.68267273088e-05, 8.135594544e-05, 4.02506611863e-06], "mean": [0.000157790491357, 0.00239920895547, 0.00148397765588, 0.00206009158865, 0.00407854048535, 0.00203561829403, 0.00219321041368, 0.00151475891471, 0.00210226536728, 0.00161246582866, 0.00143134838436, 0.000730244442821, 0.000664793071337, 0.000600375875365, 0.000296187470667, 0.000166913232533, 0.000267182738753, 0.000280596141238, 0.000220857720706, 0.000239440938458, 0.000175914014108, 0.000246200914262, 0.00016330795188, 0.000138496907311, 0.000121898359794, 0.000100593962998, 4.2057695282e-06], "max": [0.0032814880833, 0.0685022175312, 0.0522723123431, 0.0410932376981, 0.0590914562345, 0.0459870249033, 0.0635764747858, 0.0594767779112, 0.0551318228245, 0.0463262200356, 0.0711487755179, 0.0374982766807, 0.0527911521494, 0.0281362626702, 0.0204300303012, 0.00600997451693, 0.0147821512073, 0.00532117160037, 0.00294740661047, 0.00504554016516, 0.00390878785402, 0.00479780789465, 0.003058899194, 0.00445372192189, 0.00503925187513, 0.00338142551482, 0.000193786865566], "dmean2": [0.000174191911356, 0.00280071608722, 0.00240071048029, 0.00247813249007, 0.0034991723951, 0.00167917530052, 0.00196071411483, 0.0014829194406, 0.00191609794274, 0.00148217065725, 0.00115506071597, 0.000709624087904, 0.000709710700903, 0.000503796443809, 0.000257433101069, 0.000171891908394, 0.000225956668146, 0.00025807248312, 0.000197536370251, 0.000219189358177, 0.000169391336385, 0.000197350731469, 0.000138593662996, 0.00012780445104, 0.00011028337758, 0.000115820344945, 6.14705140833e-06], "median": [5.26443400304e-05, 0.000641457270831, 0.000529708049726, 0.00101839494891, 0.0027097358834, 0.00117494526785, 0.00110986561049, 0.000477454857901, 0.000309357536025, 0.000275308382697, 0.00023636003607, 0.000134683374199, 8.76334233908e-05, 0.000204295065487, 0.000121912671602, 6.095963181e-05, 0.000124897371279, 0.000125204125652, 0.000140990829095, 8.20712302811e-05, 7.99672998255e-05, 0.000100317614852, 7.05667916918e-05, 6.08042901149e-05, 5.42634152225e-05, 2.74760313914e-05, 7.26552059405e-07], "dvar": [5.58813297857e-08, 2.32952661463e-05, 1.31056449391e-05, 9.94419224298e-06, 1.31140104713e-05, 3.62596733794e-06, 7.36026731829e-06, 6.81423307469e-06, 9.90078842733e-06, 6.19942875346e-06, 4.80966218674e-06, 1.62623803135e-06, 3.03862134388e-06, 7.50331935251e-07, 1.94678634102e-07, 6.66451853704e-08, 1.09799991321e-07, 8.96763836522e-08, 4.47898784728e-08, 8.30473041447e-08, 5.80396708472e-08, 5.68280356106e-08, 2.78107883389e-08, 2.99003311e-08, 2.32736230288e-08, 4.84649547161e-08, 1.34827232712e-10]}, "melbands_skewness": {"dvar2": 0.90694051981, "var": 1.98881733418, "min": -2.25091338158, "dmean": 0.63458520174, "mean": 2.38851261139, "max": 13.4575242996, "dmean2": 0.926561176777, "median": 2.3116774559, "dvar": 0.41511118412}, "barkbands_skewness": {"dvar2": 0.461591720581, "var": 0.925034344196, "min": -2.43217778206, "dmean": 0.458414673805, "mean": 1.56083774567, "max": 10.6284885406, "dmean2": 0.682524979115, "median": 1.50736808777, "dvar": 0.205315157771}, "erbbands": {"dvar2": [0.0365389287472, 3.75224471092, 32.8788146973, 177.605300903, 242.876312256, 645.319213867, 847.971679688, 552.014831543, 2524.93432617, 7308.94335938, 6874.45263672, 12356.3144531, 15574.8916016, 18298.2402344, 13632.2441406, 5897.96191406, 18539.65625, 5407.55957031, 1259.18212891, 653.203125, 423.743164063, 596.733764648, 616.160644531, 327.273010254, 296.765167236, 433.733428955, 284.597808838, 221.837112427, 191.936309814, 102.509475708, 45.2076911926, 53.3608131409, 14.0951509476, 5.93571186066, 3.01799225807, 1.48510551453, 0.446627110243, 0.00732612842694, 3.18997354043e-06, 4.43326264588e-09], "var": [0.0344223715365, 1.5669451952, 9.58744525909, 64.2662658691, 115.461746216, 430.619476318, 730.202941895, 549.624023438, 2055.64208984, 5244.73291016, 6698.5078125, 12144.3349609, 12658.0029297, 24511.5175781, 22865.78125, 7047.52587891, 13440.8769531, 5546.19628906, 1837.27868652, 672.530761719, 433.833007813, 609.796508789, 463.81741333, 245.935394287, 168.960357666, 353.958679199, 168.420501709, 120.236251831, 169.710739136, 108.310112, 39.7071495056, 29.0580997467, 12.4415369034, 5.3382601738, 2.64169669151, 1.09695410728, 0.270081400871, 0.00456763990223, 2.02893988899e-06, 3.70643005176e-09], "min": [8.97188862448e-23, 5.61366496314e-22, 1.92836278353e-21, 6.0712217567e-21, 1.50825317927e-20, 2.47707829353e-20, 4.01952327422e-20, 8.16953299761e-20, 1.7322777614e-19, 2.15508570313e-19, 2.36234976428e-19, 4.36630698456e-19, 5.88531147616e-19, 7.27298605286e-19, 7.73326139893e-19, 1.15075691778e-18, 1.78051040442e-18, 2.02962784001e-18, 3.73429322689e-18, 2.3402821365e-18, 3.28176980393e-18, 3.73667467987e-18, 5.123597246e-18, 6.85213837408e-18, 7.33553279789e-18, 7.12055103823e-18, 9.25999248123e-18, 1.15996182499e-17, 1.11259175557e-17, 1.0196073903e-17, 1.10018636249e-17, 9.32542329487e-18, 9.01403777072e-18, 8.32680453728e-18, 6.68608352047e-18, 3.74745449762e-18, 2.24601415235e-18, 9.97078133697e-19, 2.45512220588e-19, 2.32109868719e-20], "dmean": [0.0568770989776, 0.450469046831, 1.33732163906, 3.65625309944, 5.48467159271, 8.77201747894, 9.50665187836, 7.79365253448, 13.9048643112, 23.6492652893, 21.5871486664, 28.4803733826, 28.3688545227, 32.4465484619, 29.55560112, 19.8625202179, 22.9820823669, 17.7156772614, 9.59900379181, 6.73872709274, 6.06083917618, 8.07683944702, 8.65769386292, 6.61382818222, 6.24246788025, 6.8924612999, 5.27274179459, 4.32661819458, 4.88386249542, 3.9807779789, 2.51585292816, 2.0888607502, 1.31736910343, 0.852288246155, 0.58874642849, 0.364100009203, 0.153639256954, 0.0203474722803, 0.000439340306912, 2.28161552513e-05], "mean": [0.0742648616433, 0.520752370358, 1.48901474476, 4.88910055161, 8.97865581512, 15.5722475052, 17.8630142212, 14.6634836197, 23.3455410004, 40.1727104187, 35.8400306702, 47.3199043274, 48.2657546997, 59.7305450439, 55.2433013916, 33.5489425659, 35.0887908936, 33.5552253723, 18.5354042053, 12.4417324066, 10.2016401291, 15.4037246704, 15.0488834381, 12.1270923615, 10.99467659, 11.3347997665, 8.42151260376, 7.09222745895, 8.82007694244, 7.31978988647, 4.26021528244, 3.13691592216, 2.13092780113, 1.33680045605, 0.900609254837, 0.490024656057, 0.177766785026, 0.0234589502215, 0.00052478624275, 4.90259699291e-05], "max": [1.56442916393, 16.5743255615, 58.4036712646, 119.859336853, 127.298942566, 351.49041748, 420.366760254, 557.737670898, 1043.89587402, 1373.98461914, 1347.52575684, 1708.97998047, 1462.36584473, 2577.8737793, 2223.30175781, 1869.81286621, 2927.9609375, 1693.89367676, 593.105041504, 929.260925293, 565.825439453, 619.778076172, 347.00567627, 165.352737427, 188.534210205, 237.689910889, 170.16973877, 192.152999878, 189.68132019, 143.066467285, 68.8835372925, 167.02520752, 89.3505706787, 43.4143409729, 48.1479454041, 18.8087310791, 7.58345508575, 0.942784011364, 0.0188701879233, 0.000730607134756], "dmean2": [0.0801694989204, 0.725121855736, 2.269551754, 6.10129928589, 8.95043373108, 14.1597118378, 15.059463501, 12.3604860306, 21.7214260101, 36.2828521729, 32.2826271057, 42.2220230103, 43.5942802429, 47.0923461914, 42.8880805969, 30.1125526428, 34.8444328308, 27.2391052246, 14.4070911407, 10.4219112396, 9.26675701141, 12.3532686234, 13.3157224655, 10.1937770844, 9.72511196136, 10.324177742, 8.01915454865, 6.54695272446, 7.27495908737, 5.83688640594, 3.68276810646, 3.10305213928, 1.92928290367, 1.22876930237, 0.856537938118, 0.523894548416, 0.220713764429, 0.0292181149125, 0.000630930124316, 3.1018651498e-05], "median": [0.0118516683578, 0.162381783128, 0.589494109154, 2.56809616089, 5.96489477158, 8.93629646301, 10.2351284027, 8.31006526947, 10.8831615448, 19.1006584167, 9.97175216675, 7.70814418793, 7.8427324295, 11.0064249039, 11.0015563965, 6.61678123474, 5.31009817123, 11.5489864349, 6.07672119141, 6.4041390419, 3.99933242798, 7.84251260757, 7.39677715302, 6.69310522079, 6.93900489807, 3.77823734283, 3.63841533661, 3.17843961716, 3.50348615646, 3.11394143105, 1.84688198566, 1.29404830933, 0.919896960258, 0.563777089119, 0.387378454208, 0.167147189379, 0.0389933027327, 0.00501501560211, 0.00013160405797, 3.32083145622e-05], "dvar": [0.0211322158575, 1.52178871632, 12.2362165451, 68.5768280029, 91.7179794312, 249.386520386, 345.442230225, 241.394470215, 1152.58508301, 3081.08886719, 3177.31762695, 5754.14257813, 6428.15234375, 8681.67871094, 7069.90917969, 2715.1730957, 8021.39746094, 2201.29858398, 615.698913574, 306.921203613, 198.644775391, 281.75390625, 259.295043945, 136.822433472, 120.82673645, 188.087585449, 119.179428101, 90.6905136108, 82.5818481445, 46.695350647, 20.7630023956, 22.2617778778, 6.50778865814, 2.84510231018, 1.46926045418, 0.734146177769, 0.216031879187, 0.00359237892553, 1.57223337283e-06, 2.27564256328e-09]}, "silence_rate_30dB": {"dvar2": 0.000432093715062, "var": 7.20178140909e-05, "min": 0, "dmean": 0.000144061079482, "mean": 0.999927997589, "max": 1, "dmean2": 0.000288142909994, "median": 1, "dvar": 0.000144030913361}, "melbands_spread": {"dvar2": 161.967819214, "var": 232.158874512, "min": 2.16030716896, "dmean": 6.21326112747, "mean": 21.9087486267, "max": 168.170227051, "dmean2": 9.46656036377, "median": 18.724029541, "dvar": 71.2644882202}, "melbands_crest": {"dvar2": 19.1223907471, "var": 19.7477779388, "min": 1.59357213974, "dmean": 3.0393242836, "mean": 12.28840065, "max": 38.8259086609, "dmean2": 4.91635417938, "median": 11.4814395905, "dvar": 7.76513671875}, "zerocrossingrate": {"dvar2": 0.000240777430008, "var": 0.00223618675955, "min": 0.0009765625, "dmean": 0.0120234731585, "mean": 0.0701174214482, "max": 0.52685546875, "dmean2": 0.0137820392847, "median": 0.06201171875, "dvar": 0.00019887938106}, "barkbands_kurtosis": {"dvar2": 23.4240531921, "var": 24.7128486633, "min": -1.87457191944, "dmean": 2.2898888588, "mean": 3.9935426712, "max": 114.696395874, "dmean2": 3.52627301216, "median": 2.67251491547, "dvar": 9.97222423553}, "spectral_flux": {"dvar2": 0.00146791664883, "var": 0.00244756019674, "min": 6.25902246698e-11, "dmean": 0.0254760552198, "mean": 0.0806533768773, "max": 0.304765552282, "dmean2": 0.0382211022079, "median": 0.0696655213833, "dvar": 0.000771593709942}, "barkbands_crest": {"dvar2": 13.1369342804, "var": 13.1190490723, "min": 2.24458312988, "dmean": 2.41866278648, "mean": 9.17426013947, "max": 26.346704483, "dmean2": 3.89162063599, "median": 8.45438957214, "dvar": 5.29959249496}, "barkbands_flatness_db": {"dvar2": 0.000788591394667, "var": 0.00142718711868, "min": 0.0212022680789, "dmean": 0.0198385957628, "mean": 0.111915096641, "max": 0.312629908323, "dmean2": 0.0295853242278, "median": 0.106869593263, "dvar": 0.000353898853064}, "spectral_entropy": {"dvar2": 0.0721106901765, "var": 0.198472440243, "min": 5.89527130127, "dmean": 0.191785559058, "mean": 7.57551336288, "max": 9.82480144501, "dmean2": 0.2681029737, "median": 7.58668422699, "dvar": 0.0377307347953}, "pitch_salience": {"dvar2": 0.00947681441903, "var": 0.0106495311484, "min": 0.0445139408112, "dmean": 0.0680816993117, "mean": 0.603269219398, "max": 0.93110281229, "dmean2": 0.108391605318, "median": 0.612160801888, "dvar": 0.0038596643135}, "erbbands_spread": {"dvar2": 187.184616089, "var": 454.97756958, "min": 1.59888279438, "dmean": 9.34452629089, "mean": 41.24477005, "max": 137.596725464, "dmean2": 13.3590526581, "median": 37.9954071045, "dvar": 95.0140991211}, "dynamic_complexity": 3.09265828133, "spectral_contrast_valleys": {"dvar2": [0.321053922176, 0.264827281237, 0.234297722578, 0.236992314458, 0.263692438602, 0.31609365344], "var": [3.49796843529, 3.43167090416, 3.21643447876, 3.13391900063, 3.28414654732, 3.17974424362], "min": [-28.2548370361, -28.189365387, -27.678943634, -27.6848049164, -27.43450737, -27.4193763733], "dmean": [0.395117670298, 0.358359009027, 0.346090912819, 0.340139180422, 0.350038051605, 0.40112632513], "mean": [-7.53277492523, -6.79710102081, -7.58634996414, -8.13916397095, -7.92923498154, -10.0527181625], "max": [-5.2120051384, -4.61193656921, -5.38007450104, -6.02496194839, -5.47338438034, -7.60041618347], "dmean2": [0.616895258427, 0.575467288494, 0.544736683369, 0.515946865082, 0.489761859179, 0.518389701843], "median": [-7.28177452087, -6.56147813797, -7.43644237518, -7.99190664291, -7.74886369705, -9.73426055908], "dvar": [0.151890873909, 0.111185900867, 0.1037254408, 0.112405918539, 0.136112421751, 0.17844209075]}, "hfc": {"dvar2": 243.305053711, "var": 401.229858398, "min": 1.03628571718e-16, "dmean": 7.87171125412, "mean": 22.5174217224, "max": 142.164810181, "dmean2": 10.660700798, "median": 15.9976024628, "dvar": 126.138450623}, "spectral_kurtosis": {"dvar2": 5.83700656891, "var": 6.2211523056, "min": -1.26254057884, "dmean": 1.25928783417, "mean": 3.82636713982, "max": 29.3138980865, "dmean2": 1.96735525131, "median": 3.33074593544, "dvar": 2.41778111458}, "mfcc": {"mean": [-638.846557617, 113.623031616, 10.5476741791, 16.7548236847, -4.62615633011, -0.365236520767, -3.49532032013, 0.431893914938, -7.14205884933, -3.9114575386, -0.540083289146, -5.21334075928, -4.30162858963], "cov": [[7304.22460938, -174.377441406, 185.572006226, -37.0692901611, -143.837844849, 149.374725342, 43.2273750305, 109.005714417, 14.1352586746, -4.78058338165, 83.3268585205, 57.7949409485, -27.0739574432], [-174.377441406, 1004.83221436, -183.460693359, 19.5828323364, -29.8252334595, -49.9822654724, 38.3315200806, -16.03474617, -13.145403862, 9.88645744324, 12.6095285416, -34.9718170166, -29.7474918365], [185.572006226, -183.460693359, 470.600616455, 122.224716187, 101.541374207, -0.271341830492, -50.5667915344, 3.0627989769, -14.2192020416, 12.3952522278, 6.02268981934, 40.7270889282, 34.9511070251], [-37.0692901611, 19.5828323364, 122.224716187, 319.275909424, 136.514053345, -4.149559021, -70.4816970825, -8.41983699799, -5.06335163116, 15.1929664612, -30.1656990051, 20.7425804138, 19.1679992676], [-143.837844849, -29.8252334595, 101.541374207, 136.514053345, 197.004989624, 16.4277114868, -33.1217689514, -11.0190296173, 1.81511330605, 1.50518846512, -22.2663383484, 37.1184501648, 15.7821626663], [149.374725342, -49.9822654724, -0.271341830492, -4.149559021, 16.4277114868, 131.915817261, 65.3230667114, 7.33161354065, 2.17710399628, -10.4567184448, 11.1240692139, 13.8902740479, -1.86818790436], [43.2273750305, 38.3315200806, -50.5667915344, -70.4816970825, -33.1217689514, 65.3230667114, 188.765655518, 12.8145942688, 3.17627072334, 0.55837649107, -6.12883520126, 10.7943563461, -1.48076450825], [109.005714417, -16.03474617, 3.0627989769, -8.41983699799, -11.0190296173, 7.33161354065, 12.8145942688, 110.419471741, 50.2000961304, -10.9599456787, -4.5343542099, -16.9162864685, -9.18688106537], [14.1352586746, -13.145403862, -14.2192020416, -5.06335163116, 1.81511330605, 2.17710399628, 3.17627072334, 50.2000961304, 128.794219971, 21.5133094788, -8.30636978149, -24.0086841583, -23.7093524933], [-4.78058338165, 9.88645744324, 12.3952522278, 15.1929664612, 1.50518846512, -10.4567184448, 0.55837649107, -10.9599456787, 21.5133094788, 114.841751099, 12.6134786606, -8.93346786499, 1.03401124477], [83.3268585205, 12.6095285416, 6.02268981934, -30.1656990051, -22.2663383484, 11.1240692139, -6.12883520126, -4.5343542099, -8.30636978149, 12.6134786606, 105.430267334, 30.0527744293, -9.98426246643], [57.7949409485, -34.9718170166, 40.7270889282, 20.7425804138, 37.1184501648, 13.8902740479, 10.7943563461, -16.9162864685, -24.0086841583, -8.93346786499, 30.0527744293, 121.264343262, 29.6771678925], [-27.0739574432, -29.7474918365, 34.9511070251, 19.1679992676, 15.7821626663, -1.86818790436, -1.48076450825, -9.18688106537, -23.7093524933, 1.03401124477, -9.98426246643, 29.6771678925, 90.2148742676]], "icov": [[0.000150228588609, 2.33088462664e-06, -8.17508480395e-05, -3.01820073219e-05, 0.00020456672064, -0.000202810100745, 5.41987792531e-05, -0.000147224243847, 2.60910292127e-05, -2.91340766125e-05, -1.67482139659e-05, -0.000113646572572, 7.25709542166e-05], [2.33088462664e-06, 0.00117661245167, 0.000485757685965, -0.000422008946771, -6.97619616403e-05, 0.00072265585186, -0.000574476085603, 0.000104095146526, 0.000187032594113, 2.63017100224e-05, -0.000484428775962, 0.000362957944162, 0.000194329040824], [-8.17508480395e-05, 0.000485757685965, 0.00283489516005, -0.000656151561998, -0.00101999053732, 0.000369431742001, 0.000133637600811, -0.000414004549384, 0.000389211025322, -0.000271867902484, -0.000567491399124, -0.000117037161544, -0.000596023106482], [-3.01820073219e-05, -0.000422008946771, -0.000656151561998, 0.00514083495364, -0.00277824467048, -0.000561186636332, 0.00162157020532, -0.000306721020024, 0.000359957804903, -0.000865418987814, 0.00134660990443, -0.000326930865413, -0.000155395493493], [0.00020456672064, -6.97619616403e-05, -0.00101999053732, -0.00277824467048, 0.00867880042642, -0.00182992534246, 0.000991360284388, 0.000609804003034, -0.000887713511474, 2.93994780804e-05, 0.0018826215528, -0.00247180485167, 0.000333901756676], [-0.000202810100745, 0.00072265585186, 0.000369431742001, -0.000561186636332, -0.00182992534246, 0.0106688672677, -0.0043344674632, 9.41524267546e-05, -0.000197241315618, 0.0013113032328, -0.00219407374971, 0.000583134533372, 0.000131519511342], [5.41987792531e-05, -0.000574476085603, 0.000133637600811, 0.00162157020532, 0.000991360284388, -0.0043344674632, 0.00795709714293, -0.00096708862111, 0.000282498192973, -0.00115544069558, 0.00224935286678, -0.00178032019176, 0.000121546952869], [-0.000147224243847, 0.000104095146526, -0.000414004549384, -0.000306721020024, 0.000609804003034, 9.41524267546e-05, -0.00096708862111, 0.0119893141091, -0.00495575554669, 0.002301388653, -0.000455930101452, 0.00127209397033, -0.000481712952023], [2.60910292127e-05, 0.000187032594113, 0.000389211025322, 0.000359957804903, -0.000887713511474, -0.000197241315618, 0.000282498192973, -0.00495575554669, 0.0108123011887, -0.00268312077969, 0.000893005053513, 0.000593384553213, 0.00226938305423], [-2.91340766125e-05, 2.63017100224e-05, -0.000271867902484, -0.000865418987814, 2.93994780804e-05, 0.0013113032328, -0.00115544069558, 0.002301388653, -0.00268312077969, 0.0100754732266, -0.00227404781617, 0.00155920127872, -0.00105868442915], [-1.67482139659e-05, -0.000484428775962, -0.000567491399124, 0.00134660990443, 0.0018826215528, -0.00219407374971, 0.00224935286678, -0.000455930101452, 0.000893005053513, -0.00227404781617, 0.0125715918839, -0.00448105065152, 0.00251086079516], [-0.000113646572572, 0.000362957944162, -0.000117037161544, -0.000326930865413, -0.00247180485167, 0.000583134533372, -0.00178032019176, 0.00127209397033, 0.000593384553213, 0.00155920127872, -0.00448105065152, 0.0117177022621, -0.00346732256003], [7.25709542166e-05, 0.000194329040824, -0.000596023106482, -0.000155395493493, 0.000333901756676, 0.000131519511342, 0.000121546952869, -0.000481712952023, 0.00226938305423, -0.00105868442915, 0.00251086079516, -0.00346732256003, 0.0133587298915]]}, "silence_rate_20dB": {"dvar2": 0, "var": 0, "min": 1, "dmean": 0, "mean": 1, "max": 1, "dmean2": 0, "median": 1, "dvar": 0}, "melbands_kurtosis": {"dvar2": 138.680786133, "var": 134.95072937, "min": -1.69210982323, "dmean": 5.16413927078, "mean": 11.4736461639, "max": 217.35697937, "dmean2": 7.98036336899, "median": 8.17279624939, "dvar": 56.9430122375}, "barkbands_spread": {"dvar2": 114.387710571, "var": 177.498016357, "min": 1.9302520752, "dmean": 6.18492841721, "mean": 21.8983726501, "max": 118.920562744, "dmean2": 8.99389743805, "median": 18.6978149414, "dvar": 57.169128418}, "erbbands_skewness": {"dvar2": 0.33854714036, "var": 0.521026492119, "min": -2.32052636147, "dmean": 0.385325342417, "mean": 0.714599311352, "max": 4.88590431213, "dmean2": 0.568956434727, "median": 0.672212958336, "dvar": 0.150301232934}, "average_loudness": 0.887015998363, "spectral_centroid": {"dvar2": 187587.90625, "var": 828337.375, "min": 286.405181885, "dmean": 250.654953003, "mean": 1276.5177002, "max": 11696.1884766, "dmean2": 373.189331055, "median": 1153.39367676, "dvar": 87733.75}, "dissonance": {"dvar2": 0.00118477712385, "var": 0.001004342339, "min": 0.234052032232, "dmean": 0.0223638340831, "mean": 0.452228248119, "max": 0.500000119209, "dmean2": 0.0366123132408, "median": 0.458715558052, "dvar": 0.000450680148788}, "erbbands_flatness_db": {"dvar2": 0.000681431614794, "var": 0.00171238020994, "min": 0.0228336956352, "dmean": 0.0197275597602, "mean": 0.144256383181, "max": 0.343888282776, "dmean2": 0.027214853093, "median": 0.142659187317, "dvar": 0.000353383569745}, "spectral_strongpeak": {"dvar2": 1.67347741127, "var": 2.13506817818, "min": 0, "dmean": 0.617988705635, "mean": 1.28955233097, "max": 10.9955911636, "dmean2": 0.98852211237, "median": 0.696433186531, "dvar": 0.783011257648}, "spectral_rms": {"dvar2": 1.45122294271e-06, "var": 3.67940515389e-06, "min": 3.10803357877e-12, "dmean": 0.000778474088293, "mean": 0.00460276938975, "max": 0.0111819365993, "dmean2": 0.00107451109216, "median": 0.00446310732514, "dvar": 7.85582471963e-07}, "silence_rate_60dB": {"dvar2": 0.0263638235629, "var": 0.0547545813024, "min": 0, "dmean": 0.0103723974898, "mean": 0.0581244602799, "max": 1, "dmean2": 0.0207462906837, "median": 0, "dvar": 0.0102640623227}, "melbands": {"dvar2": [3.13316581924e-06, 6.74424973113e-06, 4.78443962493e-06, 1.72931879661e-06, 9.93910362013e-07, 2.89318080604e-07, 5.62193520182e-07, 8.25264692139e-07, 5.11138523507e-07, 4.70747437475e-07, 3.78952790925e-07, 3.18583033732e-07, 2.08047126193e-07, 4.67073135724e-08, 5.65692310772e-08, 5.25235712701e-08, 2.09441832766e-08, 4.37681757504e-09, 2.32522379129e-09, 7.90047471888e-10, 8.624280734e-10, 8.6500151486e-10, 5.25041787824e-10, 6.11080019919e-10, 2.39819719638e-10, 1.90280721735e-10, 2.39681496872e-10, 2.05987615853e-10, 1.51566204032e-10, 8.76747077716e-11, 8.1633567961e-11, 7.31431235024e-11, 5.52021310607e-11, 3.33416870502e-11, 1.90926181115e-11, 1.31200189601e-11, 2.54735451483e-11, 8.57061210197e-12, 5.35698698942e-12, 4.43664419439e-12], "var": [2.49021786658e-06, 2.44706529884e-06, 1.88326771422e-06, 1.028856218e-06, 7.53536710363e-07, 2.85650628484e-07, 4.67726920306e-07, 5.42434577255e-07, 4.75661579458e-07, 4.60881750541e-07, 3.08639727109e-07, 4.13011917999e-07, 3.65549084336e-07, 5.46893801356e-08, 5.13448910056e-08, 3.80307376702e-08, 2.05445616075e-08, 5.8791695956e-09, 3.12122239166e-09, 7.20737691751e-10, 8.6524742926e-10, 8.98972507546e-10, 3.87205184582e-10, 4.93772356336e-10, 1.69298561281e-10, 1.11004858083e-10, 1.35034733395e-10, 1.79591660987e-10, 8.86429471492e-11, 4.18583119555e-11, 4.57727675207e-11, 6.14919642983e-11, 4.89945861659e-11, 3.24761363635e-11, 1.53817566323e-11, 9.68651027444e-12, 1.20797512618e-11, 6.7330459784e-12, 4.96204639877e-12, 3.64025042748e-12], "min": [8.87906040353e-25, 1.06195261909e-24, 1.65211770469e-24, 8.88399374242e-25, 1.57227433146e-24, 2.09061905506e-24, 2.38552188549e-24, 2.52528535814e-24, 1.44379275304e-24, 2.86004223036e-24, 2.82412933765e-24, 2.8336252508e-24, 2.37960621756e-24, 2.08082771351e-24, 3.82057050983e-24, 2.24378823273e-24, 3.34297045198e-24, 3.48820368894e-24, 4.22499070251e-24, 1.75834413647e-24, 3.9277242476e-24, 2.38617131523e-24, 3.66132591991e-24, 4.30606982635e-24, 4.16918944309e-24, 4.2784731053e-24, 4.76224442201e-24, 3.94684150278e-24, 3.88346007892e-24, 3.94808711415e-24, 5.58609722484e-24, 4.95317282134e-24, 5.61319735795e-24, 4.32964020134e-24, 5.82820494754e-24, 6.65492525975e-24, 4.22357943035e-24, 5.50778976379e-24, 5.53780986554e-24, 6.76136231739e-24], "dmean": [0.000491955666803, 0.000644558749627, 0.000651969050523, 0.000485735188704, 0.000340577680618, 0.000183796044439, 0.000222017188207, 0.000242320471443, 0.000188254620298, 0.000180144081241, 0.000139445939567, 0.000131816283101, 0.000115139089758, 5.42429916095e-05, 5.18507840752e-05, 4.34447320004e-05, 3.36258781317e-05, 1.66722438735e-05, 1.08603435365e-05, 7.92629361968e-06, 7.70135102357e-06, 8.94180993782e-06, 7.96106542111e-06, 8.75020850799e-06, 5.37586129212e-06, 5.35995422979e-06, 4.6325162657e-06, 4.73312684335e-06, 3.80870028494e-06, 2.60006163444e-06, 2.71572412203e-06, 2.96278221867e-06, 2.7057421903e-06, 2.18129252971e-06, 1.58321358867e-06, 1.24271525692e-06, 1.33911453304e-06, 9.90014882518e-07, 7.94730169673e-07, 7.16168756298e-07], "mean": [0.0006657744525, 0.00075993797509, 0.000956240051892, 0.00087635347154, 0.000654092407785, 0.000346788525349, 0.000380325276637, 0.000400882767281, 0.000299217761494, 0.000297502090689, 0.000229260564083, 0.000231673708186, 0.000211301710806, 8.68225179147e-05, 8.06452226243e-05, 6.70794033795e-05, 6.14415912423e-05, 2.98205650324e-05, 1.93975211005e-05, 1.28433566715e-05, 1.19859623737e-05, 1.60134350153e-05, 1.35806694743e-05, 1.41263290061e-05, 9.09619939193e-06, 9.24886353459e-06, 6.93939909979e-06, 7.62270474297e-06, 5.84586314289e-06, 3.74093497157e-06, 4.29477813668e-06, 5.03790306539e-06, 4.72107467431e-06, 3.77584501621e-06, 2.55505756286e-06, 1.88496119335e-06, 1.90280297829e-06, 1.55065652052e-06, 1.2198801187e-06, 1.08184212877e-06], "max": [0.0172515586019, 0.0250883083791, 0.0182087905705, 0.0146432425827, 0.0117341177538, 0.0110990414396, 0.0144943706691, 0.0137370424345, 0.00999082718045, 0.0101522151381, 0.00724835181609, 0.0104449084029, 0.00947588309646, 0.00459958007559, 0.00379234715365, 0.0055432