{"metadata": {"tags": {"album": ["Celtic Woman"], "albumartist": ["Celtic Woman"], "musicbrainz_recordingid": ["147fea6c-db37-40ff-8822-1f3216f54047"], "artist": ["Celtic Woman"], "date": ["2005"], "tracknumber": ["2"], "title": ["02-kate_power--bridget_omalley"], "file_name": "264401.mp3"}, "audio_properties": {"sample_rate": 44100, "downmix": "mix", "lossless": false, "analysis_sample_rate": 44100, "md5_encoded": "4f8ccd3ea12b971496bf0b134a46e777", "equal_loudness": 0, "replay_gain": -12.1276569366, "codec": "mp3", "bit_rate": 162254, "length": 285.544494629}, "version": {"extractor": "music 1.0", "essentia_build_sha": "70f2e5ece6736b2c40cc944ad0e695b16b925413", "essentia_git_sha": "v2.1_beta2", "essentia": "2.1-beta2"}}, "rhythm": {"beats_loudness_band_ratio": {"dvar2": [0.0873104706407, 0.0813221484423, 0.0361236669123, 0.011130457744, 0.00356296659447, 0.00451036915183], "var": [0.0753238424659, 0.0496530644596, 0.0169695410877, 0.00317528704181, 0.00151816545986, 0.00186199066229], "min": [0.000809019664302, 0.00011035928037, 0.00138671812601, 6.25782267889e-05, 6.03470871283e-05, 9.1790316219e-06], "dmean": [0.233883917332, 0.219040155411, 0.103659056127, 0.0393099449575, 0.0252750311047, 0.0100464867428], "mean": [0.420399487019, 0.50101172924, 0.129720211029, 0.036811042577, 0.0276441704482, 0.00900066830218], "max": [0.975369870663, 0.956911623478, 0.795975029469, 0.454928517342, 0.325610071421, 0.505251049995], "dmean2": [0.402453303337, 0.381562590599, 0.174863263965, 0.0709974244237, 0.0435121320188, 0.0189793482423], "median": [0.398581981659, 0.509327411652, 0.085085734725, 0.016886934638, 0.012613051571, 0.00194160023239], "dvar": [0.0350477993488, 0.0282860342413, 0.0133864749223, 0.00392454396933, 0.00128004746512, 0.00158720545005]}, "bpm_histogram_first_peak_weight": {"dvar2": 0, "var": 0, "min": 0.360606074333, "dmean": 0, "mean": 0.360606074333, "max": 0.360606074333, "dmean2": 0, "median": 0.360606074333, "dvar": 0}, "bpm": 165.001220703, "beats_count": 661, "bpm_histogram_first_peak_spread": {"dvar2": 0, "var": 0, "min": 0, "dmean": 0, "mean": 0, "max": 0, "dmean2": 0, "median": 0, "dvar": 0}, "danceability": 0.984720468521, "bpm_histogram_first_peak_bpm": {"dvar2": 0, "var": 0, "min": 167, "dmean": 0, "mean": 167, "max": 167, "dmean2": 0, "median": 167, "dvar": 0}, "beats_position": [0.66176867485, 1.34675729275, 2.03174591064, 2.71673464775, 3.41333317757, 4.1099319458, 4.81814050674, 5.52634906769, 6.24616765976, 6.97759628296, 7.69741487503, 8.42884349823, 9.16027164459, 9.8800907135, 10.6115188599, 11.3429479599, 12.0743761063, 12.8058052063, 13.5372333527, 14.2570514679, 14.9768705368, 15.696688652, 16.4048976898, 17.1247158051, 17.8329238892, 18.5411338806, 19.2609519958, 19.9923801422, 20.7121982574, 21.3855781555, 22.0589561462, 22.6394557953, 23.2431735992, 23.7888431549, 24.3345127106, 24.8801803589, 25.4374599457, 25.9947395325, 26.5404071808, 27.0976867676, 27.6549663544, 28.2354640961, 28.8159637451, 29.3964614868, 29.9653511047, 30.5342407227, 31.0915184021, 31.6720180511, 32.2409057617, 32.8097953796, 33.3786849976, 33.9475746155, 34.5977325439, 35.2478904724, 35.9096603394, 36.5714263916, 37.3028564453, 38.0226745605, 38.7541046143, 39.4855308533, 40.216960907, 40.9599990845, 41.6914291382, 42.4228553772, 43.1542854309, 43.8857116699, 44.6055335999, 45.3253517151, 46.0451698303, 46.7649879456, 47.4848060608, 48.204624176, 48.9244422913, 49.6210403442, 50.3176422119, 51.0606803894, 51.7921066284, 52.5235366821, 53.2665748596, 53.9980049133, 54.7410430908, 55.4724693298, 56.2038993835, 56.8656692505, 57.5390472412, 58.1659851074, 58.7697029114, 59.37342453, 59.977142334, 60.5924720764, 61.1845779419, 61.7766876221, 62.3920173645, 62.9957351685, 63.5762329102, 64.2380065918, 64.899772644, 65.5731506348, 66.2697525024, 66.9315185547, 67.6165084839, 68.2898864746, 68.9632644653, 69.6250305176, 70.2868041992, 70.9485702515, 71.6103363037, 72.2721099854, 72.9454879761, 73.6188659668, 74.2922439575, 74.9075698853, 75.5229034424, 76.0221328735, 76.5329666138, 77.0438079834, 77.426940918, 77.8100662231, 78.1815872192, 78.5531082153, 78.924621582, 79.2961425781, 79.6676635742, 80.0391845703, 80.3990936279, 80.7706069946, 81.1305236816, 81.5020370483, 81.8503417969, 82.198638916, 82.5469360352, 82.8952331543, 83.2551422119, 83.6150588989, 83.9865722656, 84.3464813232, 84.7063903809, 85.0662994385, 85.414604187, 85.7745132446, 86.1228103638, 86.4827194214, 86.8310165405, 87.1909255981, 87.5392303467, 87.9107437134, 88.2822647095, 88.6537857056, 89.0253067017, 89.3736038208, 89.7451248169, 90.1050338745, 90.4649429321, 90.8248519897, 91.1847610474, 91.5330581665, 91.8929672241, 92.2528762817, 92.6243972778, 92.972694397, 93.3326034546, 93.6925125122, 94.0524215698, 94.4123306274, 94.7722396851, 95.1321487427, 95.4920654297, 95.8519744873, 96.2002716064, 96.5717926025, 96.9433059692, 97.3148269653, 97.6747360229, 98.0346450806, 98.3945541382, 98.7660751343, 99.1375961304, 99.497505188, 99.8690261841, 100.240539551, 100.612060547, 100.960357666, 101.308662415, 101.668571472, 102.02848053, 102.400001526, 102.748298645, 103.096595764, 103.46811676, 103.839637756, 104.199546814, 104.559455872, 104.919364929, 105.290885925, 105.650794983, 106.010704041, 106.370613098, 106.730522156, 107.090431213, 107.450340271, 107.810249329, 108.170158386, 108.530067444, 108.90158844, 109.249885559, 109.621406555, 109.981315613, 110.34122467, 110.712738037, 111.072654724, 111.432563782, 111.792472839, 112.152381897, 112.512290955, 112.872200012, 113.23210907, 113.592018127, 113.951927185, 114.311836243, 114.6717453, 115.031654358, 115.391563416, 115.763084412, 116.134597778, 116.517730713, 116.889251709, 117.249160767, 117.609069824, 117.98059082, 118.352104187, 118.723625183, 119.083534241, 119.443443298, 119.791740417, 120.151649475, 120.511566162, 120.87147522, 121.242988586, 121.591293335, 121.951202393, 122.299499512, 122.647796631, 122.99609375, 123.356010437, 123.704307556, 124.064216614, 124.424125671, 124.795646667, 125.178771973, 125.550292969, 125.933418274, 126.30493927, 126.850608826, 127.373062134, 127.895507812, 128.42956543, 128.963623047, 129.497680664, 130.04335022, 130.589019775, 131.204345703, 131.796463013, 132.400177002, 133.003890991, 133.619232178, 134.257781982, 134.884719849, 135.523269653, 136.161804199, 136.765533447, 137.357635498, 137.949752808, 138.553466797, 139.133972168, 139.71446228, 140.30657959, 140.910293579, 141.455963135, 142.013244629, 142.547302246, 142.988479614, 143.429656982, 143.859222412, 144.288803101, 144.729980469, 145.171157837, 145.612335205, 146.007064819, 146.413421631, 146.808166504, 147.19128418, 147.562805176, 147.922714233, 148.282623291, 148.642532349, 149.002441406, 149.373962402, 149.745483398, 150.117004395, 150.476913452, 150.848434448, 151.231567383, 151.603088379, 151.974594116, 152.334503174, 152.694412231, 153.042724609, 153.402633667, 153.750930786, 154.110839844, 154.470748901, 154.830657959, 155.178955078, 155.538864136, 155.898773193, 156.258682251, 156.618591309, 156.978500366, 157.338409424, 157.70993042, 158.081451416, 158.452972412, 158.824493408, 159.184402466, 159.544311523, 159.904220581, 160.264129639, 160.612426758, 160.972335815, 161.332244873, 161.680541992, 162.04045105, 162.400360107, 162.760269165, 163.120178223, 163.491699219, 163.851608276, 164.223129272, 164.58303833, 164.942947388, 165.302856445, 165.651153564, 166.022674561, 166.405807495, 166.788925171, 167.114013672, 167.462310791, 167.822219849, 168.170516968, 168.530426025, 168.901947021, 169.250244141, 169.621765137, 169.993286133, 170.364807129, 170.736328125, 171.084625244, 171.432922363, 171.792831421, 172.14112854, 172.489425659, 172.849334717, 173.209243774, 173.569152832, 173.917449951, 174.265762329, 174.637283325, 175.008789062, 175.380310059, 175.740219116, 176.100128174, 176.47164917, 176.854782104, 177.237915039, 177.621032715, 178.004165649, 178.352462769, 178.700775146, 179.049072266, 179.397369385, 179.757278442, 180.105575562, 180.442260742, 180.778961182, 181.115646362, 181.487167358, 181.870285034, 182.253417969, 182.636550903, 182.996459961, 183.367980957, 183.739501953, 184.111022949, 184.470932007, 184.830841064, 185.202362061, 185.562271118, 185.910568237, 186.270477295, 186.618774414, 186.978683472, 187.338592529, 187.698501587, 188.070022583, 188.429931641, 188.789840698, 189.149749756, 189.509658813, 189.869567871, 190.241088867, 190.612609863, 190.972518921, 191.332427979, 191.692337036, 192.052246094, 192.412155151, 192.783676147, 193.143585205, 193.491882324, 193.851791382, 194.211700439, 194.571609497, 194.931518555, 195.303039551, 195.662948608, 196.011245728, 196.371154785, 196.731063843, 197.0909729, 197.450881958, 197.810791016, 198.170700073, 198.530609131, 198.890518188, 199.250427246, 199.598724365, 199.970245361, 200.330154419, 200.690063477, 201.061584473, 201.42149353, 201.781402588, 202.141311646, 202.501220703, 202.861129761, 203.221038818, 203.580947876, 203.940856934, 204.300765991, 204.660675049, 205.020584106, 205.380493164, 205.740402222, 206.100311279, 206.448608398, 206.820129395, 207.191650391, 207.551559448, 207.911468506, 208.259765625, 208.619674683, 208.97958374, 209.351104736, 209.711013794, 210.070922852, 210.442443848, 210.813964844, 211.18548584, 211.557006836, 211.928527832, 212.28843689, 212.648345947, 212.996643066, 213.344940186, 213.704849243, 214.076370239, 214.436279297, 214.796188354, 215.156097412, 215.51600647, 215.875915527, 216.235824585, 216.595733643, 216.944030762, 217.303939819, 217.663848877, 218.023757935, 218.383666992, 218.755187988, 219.115097046, 219.475006104, 219.8465271, 220.218048096, 220.577957153, 220.937866211, 221.297775269, 221.657684326, 222.005981445, 222.377502441, 222.737411499, 223.097320557, 223.457229614, 223.82875061, 224.200271606, 224.560180664, 224.920089722, 225.291610718, 225.651519775, 226.011428833, 226.371337891, 226.731246948, 227.102767944, 227.47428894, 227.834197998, 228.205703735, 228.577224731, 228.925521851, 229.285430908, 229.645339966, 230.005249023, 230.36517334, 230.725082397, 231.084991455, 231.456497192, 231.81640625, 232.164718628, 232.524627686, 232.872924805, 233.244445801, 233.615966797, 233.987472534, 234.370605469, 234.800170898, 235.229751587, 235.659317017, 236.100494385, 236.541671753, 236.971237183, 237.400817871, 237.795547485, 238.190292358, 238.573425293, 238.968154907, 239.351287842, 239.722808838, 240.094329834, 240.454238892, 240.814147949, 241.174057007, 241.533966064, 241.905487061, 242.265396118, 242.625305176, 242.985214233, 243.345123291, 243.716644287, 244.088165283, 244.448074341, 244.807983398, 245.167892456, 245.527801514, 245.876098633, 246.23600769, 246.595916748, 246.967437744, 247.327346802, 247.687255859, 248.035552979, 248.383850098, 248.743759155, 249.103668213, 249.475189209, 249.846710205, 250.218231201, 250.589752197, 250.961257935, 251.321166992, 251.66947937, 252.029388428, 252.389297485, 252.760818481, 253.120727539, 253.480636597, 253.840545654, 254.200454712, 254.56036377, 254.920272827, 255.280181885, 255.640090942, 256.01159668, 256.371520996, 256.731414795, 257.091339111, 257.462860107, 257.822753906, 258.182678223, 258.542572021, 258.902496338, 259.274017334, 259.64553833, 260.017059326, 260.365356445, 260.713653564, 261.050323486, 261.387023926, 261.723724365, 262.060394287, 262.397094727, 262.733795166, 263.151733398, 263.558105469, 263.964447021, 264.370788574, 264.765533447, 265.16027832, 265.543395996, 265.938140869, 266.344482422, 266.750823975, 267.157196045, 267.563537598, 267.96987915, 268.376220703, 268.782592773, 269.177307129, 269.583679199, 269.978393555, 270.384765625, 270.791107178, 271.185852051, 271.592193604, 271.998535156, 272.393280029, 272.799621582, 273.205993652, 273.623931885, 274.041900635, 274.459869385, 274.877807617, 275.226104736, 275.574401855, 275.934326172, 276.410339355, 276.874725342, 277.350738525, 277.826751709, 278.279541016, 278.743927002, 279.196716309, 279.684356689, 280.171966553, 280.659576416, 281.158813477, 281.658050537, 282.157287598, 282.57522583, 283.00479126, 283.42276001, 283.852325439, 284.281890869, 284.711456299], "beats_loudness": {"dvar2": 0.000582617067266, "var": 0.000418835435994, "min": 5.90943960432e-10, "dmean": 0.0152179626748, "mean": 0.0280581451952, "max": 0.113100990653, "dmean2": 0.0251778941602, "median": 0.0235572084785, "dvar": 0.000221827678615}, "bpm_histogram_second_peak_weight": {"dvar2": 0, "var": 0, "min": 0.175757586956, "dmean": 0, "mean": 0.175757586956, "max": 0.175757586956, "dmean2": 0, "median": 0.175757586956, "dvar": 0}, "bpm_histogram_second_peak_spread": {"dvar2": 0, "var": 0, "min": 0.147058844566, "dmean": 0, "mean": 0.147058844566, "max": 0.147058844566, "dmean2": 0, "median": 0.147058844566, "dvar": 0}, "bpm_histogram_second_peak_bpm": {"dvar2": 0, "var": 0, "min": 161, "dmean": 0, "mean": 161, "max": 161, "dmean2": 0, "median": 161, "dvar": 0}, "onset_rate": 3.08167505264}, "lowlevel": {"spectral_energyband_high": {"dvar2": 7.01050026919e-08, "var": 1.14415662722e-07, "min": 7.41286145434e-21, "dmean": 4.17768205807e-05, "mean": 8.43151501613e-05, "max": 0.00984662678093, "dmean2": 5.70352131035e-05, "median": 1.36381177072e-05, "dvar": 4.07064248975e-08}, "spectral_energyband_middle_low": {"dvar2": 8.38200285216e-05, "var": 0.000257376639638, "min": 2.83006815865e-22, "dmean": 0.00474498653784, "mean": 0.0181702729315, "max": 0.138379260898, "dmean2": 0.00688143353909, "median": 0.0137567212805, "dvar": 4.03051417379e-05}, "spectral_energy": {"dvar2": 9.44832718233e-05, "var": 0.000330944516463, "min": 1.04598725213e-20, "dmean": 0.00527939898893, "mean": 0.0229048132896, "max": 0.142870828509, "dmean2": 0.00764393480495, "median": 0.0184058509767, "dvar": 4.60123956145e-05}, "spectral_spread": {"dvar2": 901672534016, "var": 3081963044860.0, "min": 560144.5625, "dmean": 440625.15625, "mean": 3019976, "max": 40860632, "dmean2": 649011.625, "median": 2634362.5, "dvar": 608602357760}, "spectral_energyband_low": {"dvar2": 1.62232136063e-05, "var": 2.57408919424e-05, "min": 2.80148267934e-23, "dmean": 0.0014071619371, "mean": 0.00409457739443, "max": 0.0691557750106, "dmean2": 0.00221611303277, "median": 0.00227927253582, "dvar": 6.70173676554e-06}, "spectral_rolloff": {"dvar2": 1386826.125, "var": 2858836.75, "min": 21.533203125, "dmean": 194.419311523, "mean": 739.779846191, "max": 18841.5527344, "dmean2": 326.939483643, "median": 387.59765625, "dvar": 613428.3125}, "barkbands": {"dvar2": [2.55995402654e-09, 2.73195354339e-07, 1.06542065623e-05, 8.20426248538e-06, 4.71027597087e-05, 3.0908617191e-05, 4.48328501079e-06, 1.46180514093e-06, 2.68734834208e-06, 1.37866595651e-06, 5.46307433069e-07, 8.39315248413e-07, 1.31503469447e-07, 2.73084737046e-07, 3.87325684414e-07, 1.53121476387e-07, 1.29157811557e-07, 3.98528783307e-08, 1.11169864425e-08, 4.69197258823e-09, 6.6503225149e-09, 9.23922938156e-10, 2.07071848557e-09, 7.2867605283e-09, 9.90580062421e-09, 2.87106405317e-09, 8.9910396836e-12], "var": [1.88777016241e-09, 2.39506493926e-06, 1.38565137604e-05, 1.16804721983e-05, 6.93585825502e-05, 0.000109239394078, 9.3265907708e-06, 1.75098841737e-06, 6.79527056491e-06, 2.78226571027e-06, 9.62802346294e-07, 1.54872350322e-06, 1.31973123985e-07, 4.15364127093e-07, 7.62032016155e-07, 9.62992103837e-08, 2.3962479645e-07, 6.12566779523e-08, 1.92029432355e-08, 4.63970950548e-09, 1.26681749535e-08, 6.99438340579e-10, 1.89918325511e-09, 8.48467962555e-09, 1.18216307854e-08, 1.85838300304e-09, 1.07283591733e-11], "min": [1.46636423291e-24, 1.13527544557e-23, 2.65187130381e-24, 1.44320771407e-24, 4.00659235209e-23, 5.59320746484e-23, 5.67270508033e-23, 3.88190878395e-23, 3.99729389083e-23, 3.94493529928e-23, 7.25073738643e-23, 6.77035769829e-23, 1.02732623624e-22, 8.67480991846e-23, 6.29812347232e-23, 1.51718651784e-22, 7.59539576463e-23, 1.7907025166e-22, 2.66607798662e-22, 2.63999736157e-22, 5.25563924223e-22, 4.33740110959e-22, 5.36658110585e-22, 7.56282085795e-22, 1.0956767549e-21, 1.42414248191e-21, 1.95183463926e-21], "dmean": [2.63533115685e-06, 0.000153316403157, 0.000976801849902, 0.000943265971728, 0.00279824575409, 0.00191224575974, 0.000547919655219, 0.000245254312176, 0.000369388581021, 0.000210797777981, 0.000137304334203, 0.00011345258099, 7.24475758034e-05, 0.000108810592792, 0.000135624388349, 6.30572612863e-05, 6.25606044196e-05, 4.45043187938e-05, 1.68187707459e-05, 1.37391334647e-05, 1.14361855594e-05, 4.53559232483e-06, 6.42506256554e-06, 8.20785680844e-06, 9.3191238193e-06, 4.48584432888e-06, 3.22849132317e-07], "mean": [2.73677710538e-06, 0.000617728685029, 0.00240333052352, 0.00223168591037, 0.00674040149897, 0.00626828242093, 0.0012383320136, 0.000538368942216, 0.000846496724989, 0.00045905308798, 0.000261628476437, 0.000242538269958, 0.000128807514557, 0.000204231531825, 0.000278187188087, 9.48121232796e-05, 0.00013340402802, 8.37200641399e-05, 3.56782584277e-05, 2.37659696722e-05, 2.248972487e-05, 7.44697445043e-06, 1.03313914224e-05, 1.16682995213e-05, 1.32213399411e-05, 6.1202863435e-06, 4.17414071308e-07], "max": [0.00339608825743, 0.0198184773326, 0.0534312874079, 0.0419092997909, 0.101492792368, 0.0742297545075, 0.0495645292103, 0.026535956189, 0.0401131510735, 0.0309413727373, 0.0198780111969, 0.0272619612515, 0.00824593380094, 0.0114962048829, 0.0166209675372, 0.00850443169475, 0.0085567953065, 0.00425336090848, 0.00379604892805, 0.00163320160937, 0.00327007309534, 0.000684254511725, 0.00118681043386, 0.00437139905989, 0.00343391019851, 0.00155091984197, 0.000104845719761], "dmean2": [4.19219486503e-06, 0.000217179418541, 0.00155131809879, 0.00144889717922, 0.00411251885816, 0.0027098718565, 0.000736493326258, 0.000353879877366, 0.00050517503405, 0.000307843991322, 0.000203129224246, 0.000168202299392, 0.000107509047666, 0.000154466673848, 0.000197522400413, 9.65106155491e-05, 9.44157363847e-05, 6.45715699648e-05, 2.49167678703e-05, 2.10748494283e-05, 1.65620494954e-05, 6.85383201926e-06, 9.6173307611e-06, 1.14510348794e-05, 1.3091836081e-05, 6.66382129566e-06, 4.667751341e-07], "median": [4.01778805781e-07, 5.45593429706e-05, 0.0010061764624, 0.0010864448268, 0.00403602793813, 0.001256071846, 0.000279114436125, 0.000225891693844, 0.000112595655082, 6.84722836013e-05, 3.87095169572e-05, 3.41778468282e-05, 2.50700159086e-05, 2.69681331702e-05, 5.32627091161e-05, 1.94667081814e-05, 2.31678550335e-05, 1.13349005915e-05, 7.29658722776e-06, 5.16478667123e-06, 2.04108346225e-06, 1.45096782944e-06, 1.50347591443e-06, 9.19354761209e-07, 7.39363542834e-07, 4.82746202124e-07, 1.31562911676e-08], "dvar": [1.38543565509e-09, 1.59960563906e-07, 4.33193190474e-06, 3.37735605171e-06, 2.22072649194e-05, 1.51927542902e-05, 2.47773436968e-06, 7.33989736545e-07, 1.53703922479e-06, 6.15163628481e-07, 2.74382131238e-07, 3.93019604417e-07, 6.01320806481e-08, 1.43676800235e-07, 2.09189053635e-07, 6.55367671243e-08, 5.98443179456e-08, 2.0857457983e-08, 5.22456966578e-09, 2.04758254796e-09, 3.32198135666e-09, 4.16883805254e-10, 1.02597308427e-09, 4.16584633456e-09, 5.45605072233e-09, 1.22791377066e-09, 4.91726191015e-12]}, "melbands_skewness": {"dvar2": 1.04603242874, "var": 2.47836637497, "min": -0.572656273842, "dmean": 0.613911211491, "mean": 3.23641848564, "max": 12.6165781021, "dmean2": 0.91920208931, "median": 3.06584882736, "dvar": 0.457742244005}, "barkbands_skewness": {"dvar2": 0.835177719593, "var": 2.02859902382, "min": -1.90549314022, "dmean": 0.558403193951, "mean": 2.65389585495, "max": 10.7933349609, "dmean2": 0.831286907196, "median": 2.51908349991, "dvar": 0.368012666702}, "erbbands": {"dvar2": [1.64668363141e-05, 0.041538592428, 8.66702079773, 31.5821113586, 440.182739258, 798.75970459, 1691.30358887, 2470.16723633, 1787.77746582, 790.198852539, 772.905761719, 1676.65270996, 2293.51196289, 439.808532715, 823.945251465, 1476.57971191, 245.65814209, 429.827850342, 443.542358398, 1624.3939209, 339.527770996, 222.221908569, 70.0306015015, 58.8386611938, 16.5745239258, 5.78697729111, 10.0251159668, 5.04507017136, 1.20075809956, 1.57237160206, 1.75313007832, 3.59369754791, 2.02252006531, 1.10188853741, 0.649046838284, 0.141663745046, 0.00602878630161, 7.24849014659e-05, 3.1773257092e-07, 3.16715681459e-10], "var": [5.08025332238e-05, 0.240105509758, 12.4509992599, 45.9762115479, 665.48651123, 1211.8927002, 4053.18457031, 8881.01757812, 4158.52294922, 1534.96362305, 1043.68481445, 4139.00830078, 4847.48291016, 637.063964844, 1341.22363281, 2767.69165039, 260.712768555, 619.353942871, 639.95526123, 3309.90356445, 399.279541016, 404.147216797, 121.130836487, 138.04927063, 14.501162529, 8.43769264221, 40.2815971375, 5.26717853546, 0.91437548399, 1.26597940922, 1.67926096916, 3.60353732109, 2.18211174011, 1.38802242279, 0.66795784235, 0.095557808876, 0.00348195480183, 6.17426339886e-05, 3.92360988144e-07, 6.71734390334e-10], "min": [1.42843651056e-22, 2.86030210481e-21, 5.36742232187e-21, 9.854321383e-21, 1.41796447671e-20, 1.60981341322e-19, 3.25277634798e-19, 4.76593138017e-19, 8.24706515341e-19, 5.98241524224e-19, 1.06700880986e-18, 9.5971262767e-19, 9.14950472604e-19, 1.68925015238e-18, 2.83998070377e-18, 3.67101060131e-18, 5.48059847221e-18, 4.33422457771e-18, 4.12419887069e-18, 4.60458318425e-18, 9.37457602123e-18, 5.57430852304e-18, 8.46300313386e-18, 1.15140877746e-17, 1.32123772533e-17, 1.33714085163e-17, 1.51852873867e-17, 2.11803566311e-17, 1.78764086674e-17, 1.36920311664e-17, 1.55086885364e-17, 1.33503418805e-17, 1.59218619436e-17, 1.27292591078e-17, 8.07669076264e-18, 4.78826318876e-18, 2.74616746217e-18, 1.26731690245e-18, 2.9254945838e-19, 2.84228596567e-20], "dmean": [0.000883767846972, 0.0614452511072, 0.872469127178, 2.07522583008, 6.9688835144, 9.9458398819, 12.6049928665, 16.5607261658, 10.7813463211, 6.00530195236, 5.51660585403, 8.63725852966, 8.8352022171, 4.18628883362, 5.21966981888, 4.83040523529, 3.10666465759, 4.43893527985, 4.3344244957, 7.95860433578, 3.31126737595, 2.65030431747, 1.95664894581, 1.56993806362, 0.570859611034, 0.591126918793, 0.493610680103, 0.347645640373, 0.154697328806, 0.180213913321, 0.179458215833, 0.177346855402, 0.131015494466, 0.0991765931249, 0.0714954733849, 0.0296108629555, 0.00639878725633, 0.000805741758086, 5.85918351135e-05, 6.92540015734e-06], "mean": [0.00332911661826, 0.219777062535, 2.22038578987, 5.77093172073, 14.5699920654, 24.5855884552, 35.1810379028, 51.1201629639, 27.4993724823, 14.3781290054, 13.3525209427, 20.0735340118, 19.9390506744, 8.86881828308, 10.241809845, 10.7795553207, 6.20819711685, 8.80161571503, 8.8519077301, 17.1418228149, 6.84360837936, 5.97417974472, 4.3857717514, 3.54652881622, 1.18862211704, 1.12968313694, 1.14724433422, 0.627430975437, 0.263869792223, 0.305509954691, 0.283488184214, 0.259180426598, 0.183711960912, 0.138785466552, 0.0980788990855, 0.0392783842981, 0.00883949268609, 0.00116737606004, 8.80991356098e-05, 2.78081624856e-05], "max": [0.165812760592, 6.26720333099, 58.6901473999, 69.208190918, 444.716400146, 378.674377441, 635.803344727, 811.021484375, 913.266235352, 693.695678711, 723.644958496, 1179.14221191, 1435.00170898, 744.865966797, 742.97253418, 1264.96948242, 307.194976807, 468.938110352, 671.973144531, 1198.63427734, 464.926330566, 439.94631958, 168.612808228, 237.903808594, 160.63180542, 54.2006340027, 173.506286621, 57.3223266602, 28.2004737854, 28.3865184784, 35.6511192322, 72.7444839478, 76.7577438354, 45.4461708069, 26.8760643005, 10.8045034409, 3.15820264816, 0.330345332623, 0.0182943791151, 0.000485609140014], "dmean2": [0.00130265695043, 0.0913442224264, 1.3938024044, 3.23458242416, 10.0217447281, 15.0240154266, 17.9552726746, 22.3996448517, 14.7815380096, 8.36835384369, 7.73847866058, 11.6458349228, 12.5337972641, 5.97287559509, 7.45702838898, 7.14326286316, 4.52507162094, 6.2670583725, 5.98289966583, 11.7014656067, 4.98250579834, 3.95992136002, 2.89092445374, 2.23574352264, 0.837650179863, 0.874101996422, 0.680856585503, 0.524739325047, 0.230750948191, 0.269423544407, 0.266910046339, 0.254864156246, 0.185766801238, 0.140468299389, 0.10158289969, 0.0438097864389, 0.0094120586291, 0.00118606165051, 8.54160025483e-05, 1.00199458757e-05], "median": [0.00083862664178, 0.0393171422184, 0.8796839118, 3.52228665352, 6.17455196381, 12.8246498108, 11.3374671936, 8.59589862823, 6.0674366951, 4.40446424484, 5.70810508728, 3.01969003677, 3.63160395622, 1.89483010769, 1.95919144154, 1.92331910133, 1.39237475395, 1.61878657341, 1.82889163494, 3.00091481209, 1.44677233696, 1.20086872578, 0.861963808537, 0.540099024773, 0.313173562288, 0.255138844252, 0.118035323918, 0.0768393650651, 0.0509038567543, 0.0479589886963, 0.0426177680492, 0.0253256056458, 0.0134101537988, 0.00755816791207, 0.00506779318675, 0.00266317580827, 0.000696208910085, 8.72642267495e-05, 1.37403339977e-05, 2.17437318497e-05], "dvar": [7.4278145803e-06, 0.0218810867518, 3.61450600624, 12.501033783, 237.112930298, 347.554473877, 856.846008301, 1328.95166016, 894.242797852, 410.540130615, 407.324768066, 960.062072754, 1093.2578125, 217.384689331, 444.801025391, 651.680236816, 110.575134277, 224.839935303, 239.214813232, 892.694274902, 154.134719849, 106.256149292, 31.7749938965, 30.6693954468, 7.04430961609, 2.7891254425, 5.91019296646, 2.19109106064, 0.539789736271, 0.735623240471, 0.877456009388, 1.86103498936, 1.12276792526, 0.625868618488, 0.339474767447, 0.062048882246, 0.00248534791172, 3.44311592926e-05, 1.74971418687e-07, 1.63531604924e-10]}, "silence_rate_30dB": {"dvar2": 0.00405574776232, "var": 0.00129932386335, "min": 0, "dmean": 0.00162628071848, "mean": 0.998699069023, "max": 1, "dmean2": 0.00325282593258, "median": 1, "dvar": 0.00162365415599}, "melbands_spread": {"dvar2": 56.4895744324, "var": 168.213516235, "min": 0.405545413494, "dmean": 2.4023206234, "mean": 8.70327663422, "max": 201.330749512, "dmean2": 3.54406380653, "median": 5.4181137085, "dvar": 27.0125255585}, "melbands_crest": {"dvar2": 16.1465435028, "var": 25.8023414612, "min": 1.66880297661, "dmean": 2.59444403648, "mean": 16.8451919556, "max": 36.5635032654, "dmean2": 4.08969306946, "median": 16.3501091003, "dvar": 6.17278146744}, "zerocrossingrate": {"dvar2": 0.000136172122438, "var": 0.00148212572094, "min": 0.00390625, "dmean": 0.00523665547371, "mean": 0.0292038563639, "max": 0.50732421875, "dmean2": 0.00610560039058, "median": 0.021484375, "dvar": 0.000123687175801}, "barkbands_kurtosis": {"dvar2": 162.778610229, "var": 261.040405273, "min": -1.94320583344, "dmean": 5.47669267654, "mean": 14.3245220184, "max": 175.57321167, "dmean2": 8.20812320709, "median": 9.99217319489, "dvar": 73.5026855469}, "spectral_flux": {"dvar2": 0.00109634152614, "var": 0.00123933388386, "min": 1.02273516045e-10, "dmean": 0.0186636820436, "mean": 0.0515965670347, "max": 0.273208916187, "dmean2": 0.0301434397697, "median": 0.0443679057062, "dvar": 0.000430779531598}, "barkbands_crest": {"dvar2": 11.2405109406, "var": 20.3476715088, "min": 3.71965670586, "dmean": 2.19590878487, "mean": 13.3097467422, "max": 26.3277873993, "dmean2": 3.42908549309, "median": 12.5013132095, "dvar": 4.49865722656}, "barkbands_flatness_db": {"dvar2": 0.00094781460939, "var": 0.00358084100299, "min": 0.0566185228527, "dmean": 0.0205664411187, "mean": 0.248945266008, "max": 0.539875864983, "dmean2": 0.0303944852203, "median": 0.248209908605, "dvar": 0.00045575137483}, "spectral_entropy": {"dvar2": 0.0889625251293, "var": 0.364745825529, "min": 4.20277166367, "dmean": 0.188492506742, "mean": 6.3601770401, "max": 9.81392669678, "dmean2": 0.27394965291, "median": 6.30469608307, "dvar": 0.0455416999757}, "pitch_salience": {"dvar2": 0.00742116803303, "var": 0.0119762318209, "min": 0.0845061391592, "dmean": 0.0573058910668, "mean": 0.481240361929, "max": 0.810778677464, "dmean2": 0.0897348150611, "median": 0.485385835171, "dvar": 0.00301597779617}, "erbbands_spread": {"dvar2": 137.141433716, "var": 278.227996826, "min": 1.96272003651, "dmean": 5.2761182785, "mean": 26.3356494904, "max": 161.305709839, "dmean2": 7.70531797409, "median": 23.4135227203, "dvar": 71.734375}, "dynamic_complexity": 4.18764257431, "spectral_contrast_valleys": {"dvar2": [0.387521117926, 0.158021450043, 0.145471170545, 0.137571871281, 0.150618091226, 0.22968120873], "var": [1.86958920956, 1.86537766457, 1.75151264668, 1.57672703266, 1.51826429367, 1.48476958275], "min": [-27.8083190918, -26.9698295593, -27.67445755, -27.272939682, -27.4828891754, -27.2643051147], "dmean": [0.437848567963, 0.274486511946, 0.266872435808, 0.253397852182, 0.254420250654, 0.284751772881], "mean": [-8.35941791534, -7.41787719727, -8.54374313354, -9.07882022858, -9.43785953522, -12.1553678513], "max": [-6.08999681473, -4.98674249649, -5.14165973663, -6.51244544983, -6.70163202286, -7.78185939789], "dmean2": [0.724595308304, 0.447391331196, 0.425943493843, 0.404290109873, 0.38225287199, 0.404776543379], "median": [-8.22973251343, -7.19656085968, -8.34786987305, -8.86571216583, -9.31088733673, -12.0685396194], "dvar": [0.157661855221, 0.0740200132132, 0.0697832331061, 0.0672052279115, 0.0822567939758, 0.126713573933]}, "hfc": {"dvar2": 17.5239391327, "var": 84.611114502, "min": 1.12359873365e-16, "dmean": 2.06334257126, "mean": 9.33099746704, "max": 89.2102813721, "dmean2": 2.86169576645, "median": 6.01094579697, "dvar": 9.34146690369}, "spectral_kurtosis": {"dvar2": 105.351020813, "var": 147.283218384, "min": -1.34787082672, "dmean": 5.79794597626, "mean": 16.9494438171, "max": 139.081512451, "dmean2": 9.74135875702, "median": 14.2112350464, "dvar": 39.6076622009}, "mfcc": {"mean": [-752.956115723, 177.706848145, 3.89137458801, 21.8040676117, 8.87993717194, -5.68453979492, -15.1599445343, -8.43386936188, -11.9299278259, -6.60738372803, -13.2259550095, -9.94575500488, -9.02379703522], "cov": [[7840.65722656, 465.452728271, -983.842834473, -91.7451248169, -332.521087646, -395.47467041, -422.006591797, -129.133575439, -301.088043213, -166.242080688, -258.071411133, -167.435028076, -200.433380127], [465.452728271, 1857.87805176, -182.643371582, -113.144096375, 95.6747741699, 55.4430541992, 56.4855117798, 6.67580842972, 20.1994400024, 44.1238098145, -31.8068847656, -63.8990859985, 17.6273231506], [-983.842834473, -182.643371582, 735.909912109, 68.1621170044, 64.5076522827, 88.1624145508, 140.158233643, 58.6251029968, 7.88990068436, 43.4267883301, 57.5297546387, 102.281539917, 58.8659133911], [-91.7451248169, -113.144096375, 68.1621170044, 468.269256592, 61.3476524353, -1.93658220768, -31.7473640442, 30.7380466461, 35.2533073425, -61.8316345215, 10.4767198563, 64.984954834, 15.4030866623], [-332.521087646, 95.6747741699, 64.5076522827, 61.3476524353, 230.255447388, 54.6829376221, 14.5815486908, 0.983326017857, 60.0686340332, 54.0794944763, 11.8276500702, 12.3107442856, 14.888510704], [-395.47467041, 55.4430541992, 88.1624145508, -1.93658220768, 54.6829376221, 197.014541626, 70.3831329346, 32.6467285156, 64.4468078613, 50.2863464355, 52.7607345581, -0.406973481178, 13.1306314468], [-422.006591797, 56.4855117798, 140.158233643, -31.7473640442, 14.5815486908, 70.3831329346, 233.531188965, 70.3465423584, 18.3389492035, 54.5582885742, 48.2870979309, 27.4517803192, 32.3851890564], [-129.133575439, 6.67580842972, 58.6251029968, 30.7380466461, 0.983326017857, 32.6467285156, 70.3465423584, 148.968811035, 27.8808574677, 8.55050849915, 10.7957620621, 17.3953399658, 14.8473787308], [-301.088043213, 20.1994400024, 7.88990068436, 35.2533073425, 60.0686340332, 64.4468078613, 18.3389492035, 27.8808574677, 177.278579712, 29.6735649109, 12.5608072281, -6.66073560715, 13.3092927933], [-166.242080688, 44.1238098145, 43.4267883301, -61.8316345215, 54.0794944763, 50.2863464355, 54.5582885742, 8.55050849915, 29.6735649109, 151.236282349, 44.0808372498, -12.9462490082, 9.52652645111], [-258.071411133, -31.8068847656, 57.5297546387, 10.4767198563, 11.8276500702, 52.7607345581, 48.2870979309, 10.7957620621, 12.5608072281, 44.0808372498, 137.363357544, 22.1184825897, 6.03060007095], [-167.435028076, -63.8990859985, 102.281539917, 64.984954834, 12.3107442856, -0.406973481178, 27.4517803192, 17.3953399658, -6.66073560715, -12.9462490082, 22.1184825897, 129.495742798, 31.9788093567], [-200.433380127, 17.6273231506, 58.8659133911, 15.4030866623, 14.888510704, 13.1306314468, 32.3851890564, 14.8473787308, 13.3092927933, 9.52652645111, 6.03060007095, 31.9788093567, 98.5096588135]], "icov": [[0.000187614219612, -4.96648026456e-05, 0.000162969066878, -4.36270711361e-05, 0.000167898586369, 0.00012219081691, 0.000165777164511, -5.94797857048e-05, 0.000207748424145, -0.00010293709056, 0.000167848513229, -5.77527498535e-06, 0.000186342920642], [-4.96648026456e-05, 0.000616315577645, 0.000160963507369, 0.000128125859192, -0.000368395296391, -0.000190982202184, -0.000265276263235, -9.16330009204e-06, 4.32668275607e-05, 4.63137948827e-05, 0.000133384455694, 0.000182611547643, -0.000235599000007], [0.000162969066878, 0.000160963507369, 0.00199209502898, -0.000154345034389, -0.00022348308994, -0.000430053041782, -0.000618609308731, -0.000184547825484, 0.000543161528185, -0.000261049717665, 0.00014201522572, -0.000983609352261, -0.000278733816231], [-4.36270711361e-05, 0.000128125859192, -0.000154345034389, 0.00276461103931, -0.000983023317531, 0.000122891360661, 0.000524220755324, -0.000642818107735, -0.000524385483004, 0.00143668381497, -0.000549773219973, -0.000949054548983, -0.000121345889056], [0.000167898586369, -0.000368395296391, -0.00022348308994, -0.000983023317531, 0.00599275669083, -0.00072290544631, 0.000530554680154, 0.000646753294859, -0.00109992630314, -0.00225042365491, 0.000824056449346, -0.000512110651471, 9.55521391006e-05], [0.00012219081691, -0.000190982202184, -0.000430053041782, 0.000122891360661, -0.00072290544631, 0.00740996003151, -0.000968609703705, -0.000516339961905, -0.00180845474824, -0.000504174618982, -0.00186249462422, 0.000840531254653, 0.000172629501321], [0.000165777164511, -0.000265276263235, -0.000618609308731, 0.000524220755324, 0.000530554680154, -0.000968609703705, 0.00672854436561, -0.00246735243127, 0.000420928525273, -0.00134050450288, -0.00085103767924, -0.000609896844253, -0.000795904430561], [-5.94797857048e-05, -9.16330009204e-06, -0.000184547825484, -0.000642818107735, 0.000646753294859, -0.000516339961905, -0.00246735243127, 0.00836485438049, -0.00111529580317, 0.000140926727909, 0.000487386569148, -0.000363323721103, -0.00016195756325], [0.000207748424145, 4.32668275607e-05, 0.000543161528185, -0.000524385483004, -0.00109992630314, -0.00180845474824, 0.000420928525273, -0.00111529580317, 0.0073897857219, -0.000729474064428, 0.000418912561145, 0.000656828691717, -0.000557347142603], [-0.00010293709056, 4.63137948827e-05, -0.000261049717665, 0.00143668381497, -0.00225042365491, -0.000504174618982, -0.00134050450288, 0.000140926727909, -0.000729474064428, 0.00963589828461, -0.00255405623466, 0.00135715526994, -0.000577108294237], [0.000167848513229, 0.000133384455694, 0.00014201522572, -0.000549773219973, 0.000824056449346, -0.00186249462422, -0.00085103767924, 0.000487386569148, 0.000418912561145, -0.00255405623466, 0.00951453018934, -0.00157093792222, 0.000766678072978], [-5.77527498535e-06, 0.000182611547643, -0.000983609352261, -0.000949054548983, -0.000512110651471, 0.000840531254653, -0.000609896844253, -0.000363323721103, 0.000656828691717, 0.00135715526994, -0.00157093792222, 0.0103611620143, -0.00257495581172], [0.000186342920642, -0.000235599000007, -0.000278733816231, -0.000121345889056, 9.55521391006e-05, 0.000172629501321, -0.000795904430561, -0.00016195756325, -0.000557347142603, -0.000577108294237, 0.000766678072978, -0.00257495581172, 0.0119268139824]]}, "silence_rate_20dB": {"dvar2": 0, "var": 0, "min": 1, "dmean": 0, "mean": 1, "max": 1, "dmean2": 0, "median": 1, "dvar": 0}, "melbands_kurtosis": {"dvar2": 315.110839844, "var": 469.969116211, "min": -1.7538216114, "dmean": 7.64007282257, "mean": 22.0669746399, "max": 329.381378174, "dmean2": 11.6191186905, "median": 16.2183418274, "dvar": 136.120315552}, "barkbands_spread": {"dvar2": 61.0134010315, "var": 215.314437866, "min": 0.248658120632, "dmean": 2.33842754364, "mean": 8.6214056015, "max": 156.66897583, "dmean2": 3.43604707718, "median": 5.28598165512, "dvar": 31.361410141}, "erbbands_skewness": {"dvar2": 0.311383128166, "var": 1.04512619972, "min": -2.98733115196, "dmean": 0.371901839972, "mean": 1.13824272156, "max": 6.69154691696, "dmean2": 0.541528820992, "median": 1.09214901924, "dvar": 0.148700475693}, "average_loudness": 0.603092670441, "spectral_centroid": {"dvar2": 55409.40625, "var": 215361.40625, "min": 134.115646362, "dmean": 86.9639587402, "mean": 545.79498291, "max": 11155.7294922, "dmean2": 125.690475464, "median": 426.875518799, "dvar": 32507.7851562}, "dissonance": {"dvar2": 0.0015947970096, "var": 0.00229043397121, "min": 0.195180550218, "dmean": 0.0257640965283, "mean": 0.415339171886, "max": 0.5, "dmean2": 0.0418781638145, "median": 0.42232978344, "dvar": 0.000601172621828}, "erbbands_flatness_db": {"dvar2": 0.000632582523394, "var": 0.00230209412985, "min": 0.0262827407569, "dmean": 0.0167850628495, "mean": 0.229015499353, "max": 0.393607258797, "dmean2": 0.0237773153931, "median": 0.235208854079, "dvar": 0.000335981952958}, "spectral_strongpeak": {"dvar2": 0.55949473381, "var": 0.83149510622, "min": 0, "dmean": 0.306898891926, "mean": 0.981446027756, "max": 9.55650424957, "dmean2": 0.497650742531, "median": 0.67334741354, "dvar": 0.239296659827}, "spectral_rms": {"dvar2": 6.88461796017e-07, "var": 3.74002252101e-06, "min": 3.19448807684e-12, "dmean": 0.000532856967766, "mean": 0.00431348569691, "max": 0.0118061918765, "dmean2": 0.000766233250033, "median": 0.00423756148666, "dvar": 3.41624200928e-07}, "silence_rate_60dB": {"dvar2": 0.0379909463227, "var": 0.0707184895873, "min": 0, "dmean": 0.0174012035131, "mean": 0.0765915960073, "max": 1, "dmean2": 0.0348052382469, "median": 0, "dvar": 0.0171005018055}, "melbands": {"dvar2": [5.64282354176e-09, 1.18833031593e-06, 1.53972666794e-06, 2.5642732453e-06, 1.46511194998e-06, 1.11836970973e-06, 3.30214817268e-07, 7.78571873639e-08, 5.87778750116e-08, 6.64484147705e-08, 5.64022677452e-08, 8.11814437895e-09, 1.24864936168e-08, 1.31761268563e-08, 4.29696056514e-09, 1.19644272267e-09, 1.92641924635e-09, 1.95110105849e-09, 1.82768655765e-09, 1.73512748614e-09, 7.18467840777e-10, 4.46244458052e-10, 8.32195423683e-11, 1.08019065914e-10, 5.11026256034e-11, 1.50022737289e-11, 5.94200079765e-12, 3.36639158389e-12, 7.65634430855e-12, 2.6648141159e-12, 1.81713292417e-12, 5.3759302782e-13, 3.55767471689e-13, 6.85466440553e-13, 6.83113721839e-13, 9.3650239473e-13, 1.76764549178e-12, 1.23823271515e-12, 1.04580320098e-12, 8.18343114627e-13], "var": [4.99405672372e-08, 2.00945282813e-06, 2.45300998358e-06, 3.37398864758e-06, 3.72626618628e-06, 4.26390488428e-06, 7.75114529006e-07, 1.42074071618e-07, 8.88314772851e-08, 1.52120293251e-07, 1.18288774331e-07, 1.08423749978e-08, 2.16500097849e-08, 2.31889654145e-08, 5.47504797055e-09, 1.2359634427e-09, 2.68150368576e-09, 2.721000536e-09, 3.86864895674e-09, 2.39323183493e-09, 9.00472973964e-10, 7.85397968883e-10, 1.40570374785e-10, 1.7837317734e-10, 1.05935316075e-10, 1.2350468738e-11, 5.02851146139e-12, 3.89541133725e-12, 2.4884826838e-11, 6.25654823089e-12, 1.27413737113e-12, 3.61098358246e-13, 2.27791906431e-13, 5.38979342928e-13, 5.90706194896e-13, 8.26188835228e-13, 1.63815022745e-12, 1.1665527485e-12, 1.00699982207e-12, 1.01232282106e-12], "min": [2.05312686282e-24, 3.34537766103e-24, 1.60218083724e-24, 4.33719275565e-24, 1.13735945831e-23, 1.08171273674e-23, 1.23574240388e-23, 6.61149057831e-24, 8.9965397389e-24, 5.2296839514e-24, 4.72166778363e-24, 5.01307181873e-24, 8.73672918863e-24, 7.33887003116e-24, 1.19959600834e-23, 1.08928193601e-23, 7.22874031563e-24, 7.09353665622e-24, 4.85678111847e-24, 5.5344469515e-24, 1.15162782216e-23, 5.1321831101e-24, 5.88412019736e-24, 8.82024747039e-24, 8.988027929