{"metadata": {"tags": {"bpm": ["82.47"], "musicip_puid": ["269700a7-febd-f28d-35e2-239dbb8541b7"], "musicbrainz_albumid": ["17ebfea0-a8ef-44a9-a5e6-05b20113aed5"], "genre": ["Texas Blues"], "musicbrainz_recordingid": ["148befce-dfd5-45f1-a59d-38bb3b3dbd15"], "title": ["Don't Lose Your Cool"], "tracknumber": ["04"], "artist": ["Albert Collins"], "album": ["Don't Lose Your Cool"], "musicbrainz album type": ["Album"], "musicbrainz album release country": ["France"], "date": ["1983"], "acoustid_id": ["1144feec-5482-4d59-8664-36651a206c59"], "file_name": "Albert Collins - Don't Lose Your Cool.mp3", "acoustid_fingerprint": ["AQABz0mTJEu0RJGCfFiL6jCXzygP7seP8IuDRvmIVkNz2oLEaEmCC8e-Cb-Q04ng7MaHUwmPE_kPvdPwpwijSDkqRcEv3NgRP3iOud9wXPgVC1OqKFNElAreQz3-4zkjotfhUDz64oS6ZU7w5UgZ7jgfvCZ8_PNwKoH5HPlynMpIons0TMljzIfeo07goyeiO8SlWMMYpbiI9MGlfNAXUqmQJU-Uoksy4ccdnCQaCiF1PIFu_Crk58O5B6EOHxQ51I7xT8hKMEm1vNCU-jiTDXlyXMcPhmSOXIGmcC2uHvEm7jiP6jHCVI8hU8dIfBRzTF8H7yeoC9Oh4w6L500CMXtwHY98fAoOnRom9kjPB-fxT0Z_4Ufm40at1At8SOEn9NHRfEkIXZdw4_kJhSKaJXlQX4geH0-24zl-BeeN88KpHF4m5Ixy49rBmYd8In-E9wqaRUEfnOFx4awVnMqDU0e7_EikSTtwLUwOM3xQdg0u5oSO434siHtSnDOR_fh29Dl6HnlCPHkgpTu8GxduCp5smEsSYXpwGdfx1TNq5UHDnriOJ8d9vDryC3vm5EjTJg4uPNCToyHnoNQCac2JO6gdpD1O8EmG0KKhC6suI8X-MMIvI_wFLW-NnLhSoaHCgHl05HrRH6cF9zsoh8eRK1EYvMtxXWiopgo-ysERH9sX6HrwHXmCShLlonvxJYoWwTHxCDGPS0fjMFDU5SQOlqJRqy_EHY2Z4CP4kDJuPCSURnfQG82DPcd7_MiV_Wh38MqDnkF3OIyw44_QM0HyDrHuY1V3nNFxHv3xHPdR9QJD7TAroye-9Hh8fElWBbkILT8RPsMZHs_xD-dRnXhsUrjx40gZdYKQ9USPyqmEY0uOGv3h8QjLGV8uQWdx68it8biYCO0N88QX_MFzlMfj4_sxkU8QBvqRpxGa75gcOQ8u-cafIBY_ND_qJDt08UPuJOhTNLgwMgl-ox_C9AlULciPJufQcsePI4TyyXjRS4e2Hf-RLvHw4xmH06ipcEH-E3rUI5a4wyce_Ji5B0yXPCif0XgmIokkJUGY4-lx4uGDWX5xKkFuC-4FPfrxQ8_oI3sYuCkuLvgz8ImKLj-S_EZa8UK5RiGxC_eN6-guPD58JWiO_IeeB9nRN4E1TNeI__iKnB90KkHKWsJ9fF9w7igJu8eP5_CDZFIR58XsFMyFvUd_PIiTcA7E6Lh-6Hh4_LiVKsUUsg169DoY4Tmio4efC7eKMA_0_chF4VGTMMmxv4j1E9KeGblxaU8OU7lwEU-I_DF0HmGjUGiSKHXAHecxp3uGXCWuH_-E5wilfHAS_gBkgIREUSIAMMgRBpAwiACBCCRIQScIEx4EYZwUBBgAlDCMEcCAUgBQAAQDRGghgIUGIiIAAAIR5RUQBBAiKAPCMEQIM0AZYgQThiAjDCCAWSAEJEQRBJUFAEChAAHgUUEIAMxoYAAyyjBEIHEACAKEEEwIZBghggEqgCHQAACUQAIpQIQBCiAihIHMKIGUAkgRIyRgCAlgATMAOYcUBkQoAgBiAAHlBDHCEAaIY0YAZAQzAgljoCXGMQKQkMaABRTARCAkhAHMAAEEYQIKQYhAQlgKhEKGMGEEMcAJJphBiBEgHEAMGEsUEERBYAABABCkPCGAASQMcxIQAIRRxhBHhFRIEMoMQ4RIapgARiFBHGNAEGAIYFAAIwAlBCMijEAECAKBIAgAIwCAQAiDDEEGECEBAJgBoJBjCAAmDIAMMWYQNMYxQB4CyEBDDRESAHECAAgJQxwARghhABBCECcFUJJYwBggCCDFhAA"]}, "audio_properties": {"sample_rate": 44100, "downmix": "mix", "lossless": false, "analysis_sample_rate": 44100, "md5_encoded": "be094aff0d2b1cee5df0db2af426d3de", "equal_loudness": 0, "replay_gain": -6.17436408997, "codec": "mp3", "bit_rate": 192000, "length": 282.331420898}, "version": {"extractor": "music 1.0", "essentia_build_sha": "2d9f1f26377add8aeb1075a9c2973f962c4f09fd", "essentia_git_sha": "v2.1_beta2-1-ge3940c0", "essentia": "2.1-beta2"}}, "rhythm": {"beats_loudness_band_ratio": {"dvar2": [0.106804318726, 0.00637429393828, 0.0283878818154, 0.042240280658, 0.0440653972328, 0.00268709799275], "var": [0.0447639599442, 0.00270003871992, 0.0144180925563, 0.0217661745846, 0.0266357231885, 0.00126337585971], "min": [0.027623731643, 0.000417590315919, 0.00177404785063, 0.0055947387591, 0.00804002769291, 0.00236929371022], "dmean": [0.220639765263, 0.0398726761341, 0.0956018790603, 0.131952404976, 0.146582186222, 0.0225742999464], "mean": [0.361494064331, 0.0534866005182, 0.128531903028, 0.208997741342, 0.239842295647, 0.039500258863], "max": [0.935119450092, 0.390347748995, 0.678768575191, 0.886112868786, 0.799257278442, 0.343389421701], "dmean2": [0.393812954426, 0.0704035609961, 0.165369749069, 0.231967449188, 0.260916262865, 0.0396800674498], "median": [0.314892649651, 0.0370785519481, 0.0818753913045, 0.180100291967, 0.212361142039, 0.0302474815398], "dvar": [0.0343345068395, 0.00231180363335, 0.00989755988121, 0.0142965577543, 0.0152910426259, 0.000976195966359]}, "bpm_histogram_first_peak_weight": {"dvar2": 0, "var": 0, "min": 0.585271298885, "dmean": 0, "mean": 0.585271298885, "max": 0.585271298885, "dmean2": 0, "median": 0.585271298885, "dvar": 0}, "bpm": 164.823608398, "beats_count": 775, "bpm_histogram_first_peak_spread": {"dvar2": 0, "var": 0, "min": 0, "dmean": 0, "mean": 0, "max": 0, "dmean2": 0, "median": 0, "dvar": 0}, "danceability": 1.27399754524, "bpm_histogram_first_peak_bpm": {"dvar2": 0, "var": 0, "min": 167, "dmean": 0, "mean": 167, "max": 167, "dmean2": 0, "median": 167, "dvar": 0}, "beats_position": [0.417959183455, 0.824308395386, 1.20743763447, 1.57895684242, 1.93886613846, 2.29877543449, 2.67029476166, 3.04181408882, 3.41333317757, 3.78485250473, 4.14476203918, 4.51628112793, 4.87619018555, 5.23609972, 5.59600877762, 5.9675283432, 6.33904743195, 6.71056699753, 7.07047605515, 7.4303855896, 7.77868461609, 8.13859367371, 8.51011276245, 8.88163280487, 9.24154186249, 9.61306095123, 9.98458003998, 10.3560991287, 10.7276191711, 11.0875282288, 11.4590473175, 11.8189563751, 12.1904764175, 12.5619955063, 12.9219045639, 13.2934236526, 13.6533327103, 14.0132427216, 14.3847618103, 14.7446708679, 15.1161899567, 15.4877090454, 15.8360090256, 16.1959171295, 16.5558280945, 16.9157371521, 17.2756462097, 17.6355552673, 17.995464325, 18.3669834137, 18.7385025024, 19.1100215912, 19.4699325562, 19.8298416138, 20.2013607025, 20.5728797913, 20.9327888489, 21.2926979065, 21.6642169952, 22.035736084, 22.3956451416, 22.7671642303, 23.1386852264, 23.4985942841, 23.8701133728, 24.2416324615, 24.6131515503, 24.9730606079, 25.3329696655, 25.7044887543, 26.076007843, 26.4475269318, 26.8074378967, 27.1673469543, 27.5388660431, 27.9103851318, 28.2819042206, 28.6534233093, 29.0249423981, 29.3964614868, 29.7679805756, 30.1394996643, 30.5110206604, 30.8825397491, 31.2424488068, 31.6023578644, 31.9738769531, 32.3453979492, 32.7169151306, 33.0768241882, 33.4483451843, 33.8082542419, 34.1797714233, 34.5512924194, 34.9228096008, 35.2943305969, 35.6774597168, 36.0605888367, 36.4321098328, 36.8036270142, 37.1635360718, 37.5234451294, 37.8949661255, 38.2664833069, 38.638004303, 39.0095214844, 39.3810424805, 39.7525634766, 40.124080658, 40.4956016541, 40.8671188354, 41.2386398315, 41.6101570129, 41.981678009, 42.3531951904, 42.7247161865, 43.0962333679, 43.467754364, 43.8392753601, 44.2107925415, 44.5823135376, 44.953830719, 45.3253517151, 45.6852607727, 46.0451698303, 46.4166870117, 46.7882080078, 47.1597251892, 47.5312461853, 47.9027671814, 48.262676239, 48.6225852966, 48.994102478, 49.3656234741, 49.7255325317, 50.0854415894, 50.4569587708, 50.8284797668, 51.2000007629, 51.5715179443, 51.9430389404, 52.302947998, 52.6628570557, 53.0343742371, 53.4058952332, 53.7774124146, 54.1489334106, 54.5204544067, 54.8919715881, 55.2634925842, 55.6234016418, 55.9833106995, 56.3548278809, 56.7147369385, 57.0746459961, 57.4345550537, 57.794467926, 58.1659851074, 58.525894165, 58.8858032227, 59.2457122803, 59.6172332764, 59.977142334, 60.3370513916, 60.6969604492, 61.0568695068, 61.4167785645, 61.7766876221, 62.1365966797, 62.4965057373, 62.8564147949, 63.2163238525, 63.5762329102, 63.9361457825, 64.2960510254, 64.655960083, 65.0274810791, 65.3873901367, 65.7472991943, 66.107208252, 66.478729248, 66.8386383057, 67.1985473633, 67.5700683594, 67.9415893555, 68.3014984131, 68.6614074707, 69.0213165283, 69.3812255859, 69.7411346436, 70.1010437012, 70.4609527588, 70.8208618164, 71.1923828125, 71.5638961792, 71.9238052368, 72.2837142944, 72.6552352905, 73.0151443481, 73.3750534058, 73.7349624634, 74.094871521, 74.4663925171, 74.8263015747, 75.1862106323, 75.5577316284, 75.917640686, 76.2775497437, 76.6374588013, 76.9973678589, 77.3572769165, 77.7171859741, 78.0770950317, 78.4370040894, 78.8085250854, 79.1684341431, 79.5283432007, 79.8766403198, 80.2481613159, 80.619682312, 80.9795913696, 81.3395004272, 81.6994094849, 82.0593185425, 82.4192276001, 82.7907485962, 83.1506576538, 83.5105667114, 83.870475769, 84.2419967651, 84.6019058228, 84.9618148804, 85.3333282471, 85.6932373047, 86.0531539917, 86.4130630493, 86.7729721069, 87.1444854736, 87.5160064697, 87.8875274658, 88.2590484619, 88.6305618286, 89.0020828247, 89.3736038208, 89.7451248169, 90.1050338745, 90.4649429321, 90.8364639282, 91.2079772949, 91.579498291, 91.9394073486, 92.3109283447, 92.6708374023, 93.03074646, 93.3906555176, 93.7621765137, 94.1336975098, 94.4936065674, 94.853515625, 95.2134246826, 95.5733337402, 95.9332427979, 96.2931518555, 96.6646728516, 97.0361862183, 97.4077072144, 97.7792282104, 98.1391372681, 98.4990463257, 98.8589553833, 99.2304763794, 99.590385437, 99.9502944946, 100.310203552, 100.681724548, 101.053237915, 101.413146973, 101.77305603, 102.144577026, 102.504486084, 102.864395142, 103.224304199, 103.584213257, 103.944122314, 104.304031372, 104.66394043, 105.023849487, 105.383758545, 105.743675232, 106.115188599, 106.475097656, 106.835006714, 107.20652771, 107.566436768, 107.926345825, 108.286254883, 108.64616394, 109.017684937, 109.377593994, 109.737503052, 110.085800171, 110.445709229, 110.805618286, 111.177139282, 111.548660278, 111.920181274, 112.280090332, 112.63999939, 112.999908447, 113.359817505, 113.731338501, 114.091247559, 114.451156616, 114.822669983, 115.194190979, 115.554100037, 115.914009094, 116.273918152, 116.633827209, 117.005348206, 117.365257263, 117.725166321, 118.096687317, 118.456596375, 118.816505432, 119.17641449, 119.536323547, 119.896232605, 120.267753601, 120.627662659, 120.999183655, 121.359092712, 121.71900177, 122.078910828, 122.438819885, 122.798728943, 123.158638, 123.518547058, 123.878456116, 124.238365173, 124.598274231, 124.958183289, 125.318092346, 125.689613342, 126.061134338, 126.421043396, 126.780952454, 127.140861511, 127.500770569, 127.860679626, 128.220581055, 128.592102051, 128.952011108, 129.311920166, 129.683441162, 130.04335022, 130.403259277, 130.763168335, 131.123077393, 131.494598389, 131.866119385, 132.237640381, 132.597549438, 132.969070435, 133.328979492, 133.68888855, 134.048797607, 134.420318604, 134.7918396, 135.163360596, 135.534866333, 135.906387329, 136.266296387, 136.626205444, 136.986114502, 137.34602356, 137.717544556, 138.089065552, 138.448974609, 138.808883667, 139.168792725, 139.528701782, 139.88861084, 140.260131836, 140.631652832, 141.003173828, 141.363082886, 141.722991943, 142.094512939, 142.454421997, 142.814331055, 143.174240112, 143.545761108, 143.905670166, 144.265579224, 144.63710022, 144.997009277, 145.356918335, 145.705215454, 146.065124512, 146.425033569, 146.784942627, 147.144851685, 147.493148804, 147.841445923, 148.189743042, 148.5496521, 148.909561157, 149.269470215, 149.629379272, 149.98928833, 150.349197388, 150.697509766, 151.057418823, 151.417327881, 151.777236938, 152.137145996, 152.497055054, 152.856964111, 153.228485107, 153.576782227, 153.936691284, 154.284988403, 154.644897461, 155.004806519, 155.364715576, 155.724624634, 156.084533691, 156.444442749, 156.804351807, 157.152648926, 157.512557983, 157.872467041, 158.232376099, 158.592285156, 158.963806152, 159.312103271, 159.672012329, 160.031921387, 160.403442383, 160.76335144, 161.134872437, 161.494781494, 161.854690552, 162.214599609, 162.574508667, 162.934417725, 163.282714844, 163.631011963, 163.990921021, 164.350830078, 164.710739136, 165.070648193, 165.418960571, 165.76725769, 166.138778687, 166.498687744, 166.858596802, 167.206893921, 167.566802979, 167.926712036, 168.286621094, 168.646530151, 168.994827271, 169.354736328, 169.714645386, 170.074554443, 170.434463501, 170.78276062, 171.142669678, 171.502578735, 171.850875854, 172.210784912, 172.57069397, 172.919006348, 173.278915405, 173.638824463, 173.987121582, 174.335418701, 174.68371582, 175.043624878, 175.403533936, 175.763442993, 176.123352051, 176.483261108, 176.843170166, 177.214691162, 177.57460022, 177.934509277, 178.294418335, 178.654327393, 179.002624512, 179.350921631, 179.722442627, 180.070739746, 180.430648804, 180.790557861, 181.150466919, 181.510375977, 181.870285034, 182.230194092, 182.590103149, 182.950012207, 183.309921265, 183.669830322, 184.029754639, 184.389663696, 184.749572754, 185.109481812, 185.469390869, 185.829299927, 186.189208984, 186.537506104, 186.897415161, 187.257324219, 187.617233276, 187.977142334, 188.337051392, 188.696960449, 189.056869507, 189.416778564, 189.776687622, 190.124984741, 190.496505737, 190.856414795, 191.216323853, 191.564620972, 191.924530029, 192.284439087, 192.655960083, 193.027481079, 193.399002075, 193.770523071, 194.130432129, 194.490341187, 194.838638306, 195.198547363, 195.558456421, 195.918365479, 196.289886475, 196.649795532, 197.021316528, 197.369613647, 197.729522705, 198.089431763, 198.44934082, 198.809249878, 199.180770874, 199.540679932, 199.900588989, 200.260498047, 200.620407104, 200.980316162, 201.34022522, 201.700134277, 202.060043335, 202.419952393, 202.77986145, 203.139770508, 203.499679565, 203.847976685, 204.207885742, 204.5677948, 204.939315796, 205.310836792, 205.67074585, 206.030654907, 206.402175903, 206.762084961, 207.121994019, 207.470291138, 207.830200195, 208.190109253, 208.550018311, 208.909927368, 209.258224487, 209.629745483, 210.001266479, 210.372787476, 210.744308472, 211.092605591, 211.452514648, 211.824035645, 212.183944702, 212.555465698, 212.926986694, 213.298492432, 213.658401489, 214.018310547, 214.378234863, 214.738143921, 215.109649658, 215.481170654, 215.85269165, 216.212600708, 216.572509766, 216.920806885, 217.280715942, 217.640625, 218.012145996, 218.383666992, 218.755187988, 219.115097046, 219.486618042, 219.8465271, 220.206436157, 220.566345215, 220.937866211, 221.309387207, 221.680908203, 222.052429199, 222.412338257, 222.772247314, 223.120544434, 223.480453491, 223.840362549, 224.211883545, 224.583404541, 224.943313599, 225.303222656, 225.651519775, 226.011428833, 226.371337891, 226.742858887, 227.114364624, 227.48588562, 227.857406616, 228.228927612, 228.600448608, 228.971969604, 229.343490601, 229.703399658, 230.063308716, 230.434829712, 230.79473877, 231.154647827, 231.514556885, 231.874465942, 232.245986938, 232.617507935, 232.977416992, 233.33732605, 233.708831787, 234.080352783, 234.428665161, 234.800170898, 235.160079956, 235.531600952, 235.89151001, 236.251419067, 236.611328125, 236.971237183, 237.33114624, 237.702667236, 238.062576294, 238.422485352, 238.782394409, 239.142303467, 239.513824463, 239.873733521, 240.233642578, 240.593551636, 240.965072632, 241.324981689, 241.684890747, 242.044799805, 242.404708862, 242.76461792, 243.124526978, 243.484436035, 243.855957031, 244.227478027, 244.598999023, 244.958908081, 245.318817139, 245.690338135, 246.050247192, 246.41015625, 246.781677246, 247.141586304, 247.501495361, 247.861404419, 248.221313477, 248.581222534, 248.941131592, 249.301040649, 249.660949707, 250.032470703, 250.403991699, 250.763900757, 251.123809814, 251.495330811, 251.855239868, 252.215148926, 252.586654663, 252.958175659, 253.318084717, 253.689605713, 254.049514771, 254.409423828, 254.769332886, 255.129241943, 255.489151001, 255.849060059, 256.220581055, 256.580505371, 256.94039917, 257.300323486, 257.648620605, 258.008514404, 258.368438721, 258.72833252, 259.088256836, 259.436553955, 259.796447754, 260.15637207, 260.516265869, 260.876190186, 261.224487305, 261.584381104, 261.94430542, 262.315826416, 262.687347412, 263.047241211, 263.407165527, 263.767059326, 264.126983643, 264.498504639, 264.858398438, 265.229919434, 265.58984375, 265.961364746, 266.309661865, 266.669555664, 267.02947998, 267.401000977, 267.772521973, 268.144042969, 268.503936768, 268.863861084, 269.223754883, 269.583679199, 269.955200195, 270.315093994, 270.675018311, 271.058135986, 271.418029785, 271.789550781, 272.137878418, 272.486175537, 272.846069336, 273.194366455, 273.554290771, 273.925811768, 274.285705566, 274.657226563, 275.005523682, 275.365447998, 275.725341797, 276.085266113, 276.456787109, 276.828308105, 277.199798584, 277.57131958, 277.942840576, 278.32598877, 278.709106445, 279.092254639, 279.475372314, 279.870117188, 280.264862061, 280.659576416, 281.054321289, 281.449066162, 281.843811035], "beats_loudness": {"dvar2": 0.000341345265042, "var": 0.000229818819207, "min": 1.32984174783e-08, "dmean": 0.0122042205185, "mean": 0.0302416197956, "max": 0.0875609442592, "dmean2": 0.0214443728328, "median": 0.0284952428192, "dvar": 0.000113044967293}, "bpm_histogram_second_peak_weight": {"dvar2": 0, "var": 0, "min": 0.332041352987, "dmean": 0, "mean": 0.332041352987, "max": 0.332041352987, "dmean2": 0, "median": 0.332041352987, "dvar": 0}, "bpm_histogram_second_peak_spread": {"dvar2": 0, "var": 0, "min": 0.0301886927336, "dmean": 0, "mean": 0.0301886927336, "max": 0.0301886927336, "dmean2": 0, "median": 0.0301886927336, "dvar": 0}, "bpm_histogram_second_peak_bpm": {"dvar2": 0, "var": 0, "min": 161, "dmean": 0, "mean": 161, "max": 161, "dmean2": 0, "median": 161, "dvar": 0}, "onset_rate": 3.65512824059}, "lowlevel": {"spectral_energyband_high": {"dvar2": 1.32894300009e-07, "var": 2.38373644379e-07, "min": 7.79647858031e-21, "dmean": 0.000139765921631, "mean": 0.000385502760764, "max": 0.0127510810271, "dmean2": 0.000207280769246, "median": 0.000255882972851, "dvar": 6.24373583946e-08}, "spectral_energyband_middle_low": {"dvar2": 9.9382841654e-06, "var": 2.07952252822e-05, "min": 2.44131296072e-22, "dmean": 0.00160676776432, "mean": 0.00462093111128, "max": 0.0563683584332, "dmean2": 0.00240173353814, "median": 0.00325444154441, "dvar": 4.82426230519e-06}, "spectral_energy": {"dvar2": 0.000385003455449, "var": 0.000295018078759, "min": 1.06535894966e-20, "dmean": 0.00818493310362, "mean": 0.0239985715598, "max": 0.15904404223, "dmean2": 0.0131197273731, "median": 0.0216386802495, "dvar": 0.000153562286869}, "spectral_spread": {"dvar2": 888583946240, "var": 1933807058940.0, "min": 1620629.625, "dmean": 483362.03125, "mean": 3779484.75, "max": 40465724, "dmean2": 746804.1875, "median": 3408245.25, "dvar": 449886519296}, "spectral_energyband_low": {"dvar2": 0.000325775559759, "var": 0.00010133334581, "min": 7.99368090716e-23, "dmean": 0.00504412641749, "mean": 0.00695138145238, "max": 0.117066070437, "dmean2": 0.00862584169954, "median": 0.00413102842867, "dvar": 0.000125788021251}, "spectral_rolloff": {"dvar2": 436459.5625, "var": 583298.125, "min": 21.533203125, "dmean": 309.260192871, "mean": 1779.94287109, "max": 19272.2167969, "dmean2": 516.92376709, "median": 1873.38867188, "dvar": 205067.671875}, "barkbands": {"dvar2": [2.09173283139e-08, 0.000269134703558, 1.52365282702e-05, 2.90185795393e-07, 5.23604455793e-07, 3.9355902004e-07, 9.35566276894e-07, 1.73741602794e-06, 4.06559320254e-06, 2.29642068916e-06, 1.88944409274e-06, 1.71240444615e-05, 1.50028636199e-05, 1.66129175341e-05, 1.31571969177e-05, 2.66920142167e-06, 3.21816492033e-06, 1.16323349175e-06, 6.12400654632e-08, 1.46414407709e-07, 1.29546791072e-08, 4.81665018981e-09, 6.06172356754e-09, 2.95603186373e-09, 1.99355598696e-09, 2.16591256041e-09, 2.50041723437e-11], "var": [1.44942093883e-08, 7.54262582632e-05, 5.24544020664e-06, 1.24670833657e-07, 4.30406942087e-07, 9.02705210137e-07, 9.17192380712e-07, 1.88606520624e-06, 5.32967214895e-06, 3.38599875249e-06, 1.53361736466e-06, 8.87598525878e-06, 1.12276466098e-05, 2.36026498897e-05, 1.42914086609e-05, 2.90390289592e-06, 4.57849137092e-06, 1.24484165553e-06, 7.7584715541e-08, 2.59645617007e-07, 1.66613407515e-08, 1.16751728285e-08, 9.93214044342e-09, 3.07398173582e-09, 1.44263656576e-09, 6.37157437922e-10, 7.19149783127e-12], "min": [5.38730467115e-23, 3.06440118381e-23, 1.94875338643e-23, 3.19983696554e-24, 3.58399262319e-23, 2.56647928019e-23, 7.06714925894e-23, 5.42025255127e-23, 4.81548212015e-23, 5.85168310469e-23, 8.38739886061e-23, 1.52305690515e-22, 1.03398075129e-22, 7.29594100956e-23, 7.49835198933e-23, 2.05478474868e-22, 7.43704235087e-23, 2.12447789597e-22, 2.83800902185e-22, 2.36888820899e-22, 4.32901520262e-22, 4.31137450573e-22, 7.09714301274e-22, 7.71663888948e-22, 1.22392478789e-21, 1.64741177705e-21, 2.66703850366e-21], "dmean": [5.8240693761e-05, 0.00428667990491, 0.00111070671119, 0.000185960321687, 0.000345514621586, 0.000266865943559, 0.000321208703099, 0.00041799255996, 0.000646444852464, 0.000574232079089, 0.00040391786024, 0.000885313842446, 0.00105280405842, 0.0011977229733, 0.00125513190869, 0.000550744123757, 0.000692185247317, 0.000315746758133, 9.12133909878e-05, 0.000101247853308, 4.13030793425e-05, 1.90268656297e-05, 2.28736880672e-05, 2.04059724638e-05, 1.37145680128e-05, 1.00040060715e-05, 7.34395598556e-07], "mean": [0.000189388229046, 0.00492332084104, 0.00180099729914, 0.000275891652564, 0.000627988192718, 0.000611568335444, 0.000556528160814, 0.000711726373993, 0.00111628184095, 0.0010302538285, 0.000620435341261, 0.00123548181728, 0.00171364704147, 0.00244653783739, 0.0023588151671, 0.001043051132, 0.00143485050648, 0.000607155903708, 0.000192189705558, 0.000221751164645, 8.74977340573e-05, 4.21786535298e-05, 6.03489133937e-05, 5.5623731896e-05, 2.7177240554e-05, 7.38752760299e-06, 5.33298077698e-07], "max": [0.00115066277795, 0.102639570832, 0.0351918451488, 0.012821899727, 0.013705949299, 0.0113856978714, 0.0198366139084, 0.0185103155673, 0.0435129888356, 0.034110493958, 0.0291443895549, 0.0691853091121, 0.0640372633934, 0.0960354506969, 0.0404345802963, 0.0252231582999, 0.0315106846392, 0.0258705783635, 0.00423060543835, 0.00929084327072, 0.00252288789488, 0.00461967429146, 0.00390874780715, 0.00077772786608, 0.000709689920768, 0.000494209118187, 9.28445297177e-05], "dmean2": [8.78366045072e-05, 0.00746233854443, 0.00194229150657, 0.000319231097819, 0.000569595489651, 0.000402274512453, 0.000512434111442, 0.000634407973848, 0.00101120618638, 0.000881364336237, 0.000654360221233, 0.00148860353511, 0.0016845545033, 0.00184570369311, 0.00196386803873, 0.000868186238222, 0.00107098382432, 0.000496724678669, 0.000143271317938, 0.000155465415446, 6.40740981908e-05, 2.94136916636e-05, 3.70181624021e-05, 3.17385020026e-05, 1.9417007934e-05, 1.6874535504e-05, 1.23681854802e-06], "median": [0.000159094386618, 0.00261719338596, 0.00100220483728, 0.000189522179426, 0.000440238800365, 0.000254873884842, 0.000217902022996, 0.000179171969648, 0.000342943356372, 0.000369446875993, 0.000186773075256, 0.000354415155016, 0.00052943197079, 0.000669531989843, 0.00092455727281, 0.000438305549324, 0.000629358924925, 0.000238012638874, 0.000100095625385, 8.30447897897e-05, 4.97345135955e-05, 2.1399151592e-05, 3.93382797483e-05, 3.78448094125e-05, 1.30528951559e-05, 1.90080953644e-07, 5.78359804493e-09], "dvar": [1.03220081371e-08, 0.000101837606053, 5.4692059166e-06, 1.10848318968e-07, 2.15384233115e-07, 1.8407392588e-07, 4.02403316002e-07, 7.93156175405e-07, 1.91975959751e-06, 1.11140150238e-06, 7.90789272287e-07, 6.19879119768e-06, 6.10606866758e-06, 7.52354571887e-06, 5.71918690184e-06, 1.14239003324e-06, 1.47458501942e-06, 5.15238241405e-07, 2.74783911181e-08, 7.12593717367e-08, 5.8088778232e-09, 2.58196641845e-09, 2.60358334891e-09, 1.3508314467e-09, 9.09772812641e-10, 8.37622915473e-10, 9.709846642e-12]}, "melbands_skewness": {"dvar2": 2.87064146996, "var": 4.18547344208, "min": -2.70266652107, "dmean": 0.783416867256, "mean": 1.44298374653, "max": 19.2713069916, "dmean2": 1.2142854929, "median": 0.860305428505, "dvar": 1.24184417725}, "barkbands_skewness": {"dvar2": 1.15015614033, "var": 1.9346600771, "min": -3.70690274239, "dmean": 0.561417520046, "mean": 0.353464722633, "max": 11.3392362595, "dmean2": 0.865796685219, "median": 0.103979170322, "dvar": 0.497075080872}, "erbbands": {"dvar2": [0.118091709912, 17.2859210968, 34.2271385193, 5.00640153885, 4.7347869873, 8.63516139984, 17.4302101135, 34.8157234192, 127.450546265, 383.415893555, 1062.45849609, 2890.97998047, 3208.98144531, 1557.63549805, 2160.4074707, 42937.6171875, 30542.328125, 41703.796875, 25442.9277344, 33875.5976563, 4421.74414063, 6810.34863281, 4010.85693359, 120.867774963, 258.264404297, 204.357086182, 77.4064331055, 7.22788858414, 8.26236152649, 4.16864681244, 5.33614587784, 1.57056355476, 0.809604585171, 0.218693569303, 0.124207466841, 0.0713114440441, 0.00522902188823, 9.98801551759e-05, 7.89139448898e-07, 1.07178110831e-09], "var": [0.0370870195329, 4.58636760712, 11.0576381683, 1.74224424362, 3.23973226547, 5.76080083847, 24.2569179535, 69.8448028564, 176.640640259, 370.985778809, 1200.93237305, 3757.10327148, 5255.56982422, 1381.34643555, 1694.75708008, 21743.6660156, 22280.2753906, 55473.7851563, 31905.3867188, 38226.2773438, 6769.01318359, 9991.2734375, 5197.03125, 167.167297363, 383.574798584, 335.537261963, 98.9188461304, 15.3445272446, 17.4442920685, 11.5027198792, 6.30767297745, 2.14207959175, 0.689495146275, 0.191416651011, 0.0667122676969, 0.0226646121591, 0.00147585850209, 3.00744995911e-05, 2.25050399649e-07, 6.79710399076e-10], "min": [1.44566583858e-21, 5.10176123203e-21, 2.4456194193e-20, 1.2504610489e-20, 8.9967588466e-20, 1.12066002874e-19, 1.09320667969e-19, 2.39139336806e-19, 5.40679369565e-19, 1.55268304684e-18, 1.17205692195e-18, 9.91848697865e-19, 1.20091011909e-18, 2.97971094798e-18, 5.32130664729e-18, 4.26959819722e-18, 5.32555256538e-18, 4.23617761893e-18, 4.21519990501e-18, 7.24345849673e-18, 7.56517219801e-18, 5.05141746575e-18, 8.89302455582e-18, 1.55089284188e-17, 1.26290172253e-17, 1.28813668691e-17, 1.34847124079e-17, 1.9406140244e-17, 1.54749494936e-17, 1.47262236534e-17, 2.03798807175e-17, 1.75140042974e-17, 1.34850201191e-17, 1.26512965079e-17, 9.57443940083e-18, 5.97567185909e-18, 3.29341402541e-18, 1.37109570588e-18, 2.92192116355e-19, 4.43515374393e-20], "dmean": [0.0925058349967, 1.06674063206, 1.63830757141, 0.695065796375, 0.928496062756, 1.24009978771, 1.52026438713, 2.34998559952, 3.89755654335, 6.3263220787, 9.87693977356, 16.7249946594, 21.0846767426, 12.0138454437, 15.266374588, 43.4141273499, 48.6058006287, 59.2965431213, 55.0584564209, 54.6620445251, 26.3355312347, 33.2016220093, 20.4830646515, 4.62590265274, 5.2388677597, 4.21115016937, 2.98685479164, 0.88465231657, 0.740892112255, 0.537541270256, 0.718583166599, 0.501096606255, 0.321187674999, 0.156109020114, 0.0942614749074, 0.0604823864996, 0.0146622369066, 0.00177171244286, 0.000130517000798, 1.23368554341e-05], "mean": [0.0896229594946, 1.26271510124, 2.60381221771, 1.22961115837, 1.54006767273, 2.05173921585, 2.94856667519, 5.06690311432, 7.76883745193, 10.8297958374, 17.3889503479, 29.8133487701, 39.6130752563, 20.5506458282, 25.0044250488, 62.5841140747, 82.5427856445, 125.756668091, 114.78805542, 110.5414505, 60.6221008301, 71.8757247925, 44.1217346191, 10.9943218231, 11.3763504028, 9.36119270325, 6.30996990204, 2.16277337074, 1.61358237267, 1.43881452084, 1.77841103077, 1.37599825859, 0.827875733376, 0.373628884554, 0.135968118906, 0.0492862388492, 0.0106708826497, 0.0013449214166, 0.000107174550067, 3.24840912072e-05], "max": [1.89102125168, 25.997423172, 47.204788208, 24.0560626984, 47.3702201843, 59.2078285217, 92.8699874878, 105.650222778, 273.935943604, 345.365509033, 501.969940186, 1220.80419922, 1451.49182129, 1120.17822266, 594.851013184, 3552.32226563, 2641.45507813, 5437.02392578, 2572.80737305, 2656.63378906, 1153.51745605, 1845.69348145, 1230.04602051, 131.682510376, 291.598449707, 283.271179199, 159.201385498, 122.966674805, 177.970611572, 117.312690735, 83.6235427856, 30.5555725098, 9.08060646057, 5.51473379135, 6.69199943542, 3.28529858589, 0.842570602894, 0.127899125218, 0.0168236196041, 0.000346437416738], "dmean2": [0.156753689051, 1.88343262672, 2.85980916023, 1.20611810684, 1.54552137852, 2.07155370712, 2.4215118885, 3.5497739315, 6.04094457626, 9.91351032257, 14.9746580124, 25.9264583588, 32.3596153259, 19.1726589203, 25.0240631104, 73.2149810791, 77.6738967896, 90.3900222778, 85.9030609131, 85.4957275391, 40.7979354858, 50.9476013184, 32.1148223877, 7.18575811386, 8.17118453979, 6.5456609726, 4.69321107864, 1.34052979946, 1.14218449593, 0.843531787395, 1.18014883995, 0.795188844204, 0.495752096176, 0.228852659464, 0.136156514287, 0.0990699604154, 0.0250160656869, 0.00295954337344, 0.000219388326514, 1.95077409444e-05], "median": [0.0307576935738, 0.712292909622, 1.47486209869, 0.920328676701, 0.980457007885, 1.35975635052, 1.42788791656, 1.92554140091, 3.09517478943, 3.77446556091, 5.2262134552, 9.66349983215, 14.380405426, 9.35458087921, 10.2938652039, 20.8377780914, 32.0555496216, 42.0672073364, 50.197769165, 44.0511245728, 32.5981826782, 34.5228424072, 18.6997146606, 6.46936511993, 5.01047325134, 3.84974718094, 3.29873514175, 1.26307916641, 0.818888068199, 0.830508708954, 1.15212464333, 0.952145338058, 0.546383082867, 0.217276602983, 0.0431089326739, 0.00311136944219, 0.000339304620866, 4.27412815043e-05, 1.69661507243e-05, 2.80098101939e-05], "dvar": [0.0468670837581, 6.41154241562, 12.3974580765, 1.82791686058, 1.88902676105, 3.47497963905, 7.24594449997, 16.1925029755, 55.2011375427, 168.897644043, 483.579315186, 1389.89001465, 1610.68652344, 660.495788574, 871.997314453, 15486.1894531, 12381.2568359, 18938.875, 10923.2353516, 14265.0585938, 1947.2052002, 3148.25854492, 1803.54760742, 52.8170166016, 117.204467773, 93.9455566406, 33.8551597595, 3.36394381523, 4.35010528564, 1.98499965668, 2.20640230179, 0.731769144535, 0.356565982103, 0.101424053311, 0.054119899869, 0.0279253367335, 0.00200171605684, 3.91247376683e-05, 3.05695238012e-07, 4.37960140376e-10]}, "silence_rate_30dB": {"dvar2": 0.00197237171233, "var": 0.000328801310388, "min": 0, "dmean": 0.000657948839944, "mean": 0.999671041965, "max": 1, "dmean2": 0.00131600594614, "median": 1, "dvar": 0.00065753958188}, "melbands_spread": {"dvar2": 214.233322144, "var": 342.32623291, "min": 0.826231002808, "dmean": 8.70202255249, "mean": 39.585231781, "max": 134.364562988, "dmean2": 13.8269786835, "median": 39.6051445007, "dvar": 89.3865737915}, "melbands_crest": {"dvar2": 22.916009903, "var": 34.1349411011, "min": 2.14440560341, "dmean": 3.10001921654, "mean": 13.3525934219, "max": 33.1206130981, "dmean2": 4.97716474533, "median": 12.2807226181, "dvar": 10.0416946411}, "zerocrossingrate": {"dvar2": 9.02971223695e-05, "var": 0.000406920269597, "min": 0.0078125, "dmean": 0.0070728296414, "mean": 0.0655732378364, "max": 0.49267578125, "dmean2": 0.00885175447911, "median": 0.06591796875, "dvar": 6.50880174362e-05}, "barkbands_kurtosis": {"dvar2": 71.6786193848, "var": 42.1136322021, "min": -1.84881496429, "dmean": 1.87570083141, "mean": 1.36919689178, "max": 152.749771118, "dmean2": 3.11562013626, "median": -0.264764666557, "dvar": 27.5207843781}, "spectral_flux": {"dvar2": 0.00196726550348, "var": 0.00231897737831, "min": 1.03216227232e-10, "dmean": 0.0279438905418, "mean": 0.0802862420678, "max": 0.31661015749, "dmean2": 0.0436303056777, "median": 0.0707557201385, "dvar": 0.000940908677876}, "barkbands_crest": {"dvar2": 21.2362651825, "var": 19.4289016724, "min": 2.51793384552, "dmean": 2.73894143105, "mean": 9.63397598267, "max": 24.9503650665, "dmean2": 4.49463748932, "median": 8.59198379517, "dvar": 8.31934642792}, "barkbands_flatness_db": {"dvar2": 0.000915511569474, "var": 0.00123575364705, "min": 0.0384447909892, "dmean": 0.0184843037277, "mean": 0.135010838509, "max": 0.319295763969, "dmean2": 0.0285563599318, "median": 0.131046906114, "dvar": 0.000374475319404}, "spectral_entropy": {"dvar2": 0.0403638891876, "var": 0.100551843643, "min": 5.97798299789, "dmean": 0.140005543828, "mean": 7.54457616806, "max": 9.80448818207, "dmean2": 0.200833007693, "median": 7.55997467041, "dvar": 0.0200336892158}, "pitch_salience": {"dvar2": 0.0140762692317, "var": 0.0154519937932, "min": 0.100338980556, "dmean": 0.0743222385645, "mean": 0.529116034508, "max": 0.870519816875, "dmean2": 0.121104069054, "median": 0.538557589054, "dvar": 0.00567410606891}, "erbbands_spread": {"dvar2": 163.825073242, "var": 268.204925537, "min": 1.44646203518, "dmean": 5.84958600998, "mean": 22.3685703278, "max": 162.152114868, "dmean2": 9.19295597076, "median": 18.0590629578, "dvar": 70.4703598022}, "dynamic_complexity": 3.38283991814, "spectral_contrast_valleys": {"dvar2": [0.299206614494, 0.282811969519, 0.285092025995, 0.215082287788, 0.150233849883, 0.211356848478], "var": [1.00508964062, 1.09079706669, 1.14339160919, 1.18236887455, 0.97894847393, 0.662821054459], "min": [-26.930639267, -27.3797245026, -27.1806335449, -27.2918434143, -27.3911056519, -27.1990737915], "dmean": [0.395235866308, 0.397230625153, 0.395038932562, 0.33691033721, 0.26203635335, 0.219344258308], "mean": [-7.49837970734, -7.19951486588, -7.41155147552, -7.20279932022, -7.66244029999, -10.3292675018], "max": [-5.34721517563, -4.29793214798, -5.16165399551, -5.0048956871, -5.52820920944, -8.57704353333], "dmean2": [0.641671299934, 0.636949300766, 0.621069788933, 0.519569218159, 0.385576486588, 0.306727051735], "median": [-7.36223936081, -7.06655311584, -7.29101419449, -7.07779693604, -7.51815509796, -10.3163251877], "dvar": [0.131143838167, 0.126523569226, 0.133030310273, 0.107570961118, 0.0837903991342, 0.114197134972]}, "hfc": {"dvar2": 190.134841919, "var": 481.992675781, "min": 1.2239667116e-16, "dmean": 7.21210479736, "mean": 26.8927555084, "max": 188.976730347, "dmean2": 10.8290491104, "median": 22.993265152, "dvar": 87.3237915039}, "spectral_kurtosis": {"dvar2": 8.02420520782, "var": 7.57825660706, "min": -1.19136846066, "dmean": 1.73591315746, "mean": 5.63136959076, "max": 25.3154373169, "dmean2": 2.96556568146, "median": 5.36437702179, "dvar": 2.80271339417}, "mfcc": {"mean": [-641.258911133, 113.614784241, -23.9784908295, 6.97836923599, 26.408416748, 14.0857639313, 0.49724394083, 8.13620090485, 5.57593536377, 12.6527853012, -1.11217999458, 8.91834831238, -3.12346839905], "cov": [[5890.41943359, 793.151550293, -1065.46264648, -24.4389362335, -140.856765747, -206.731948853, 9.11198329926, -94.7347640991, 58.6203384399, 128.389816284, 35.7676620483, 26.8869609833, 9.79026985168], [793.151550293, 533.522216797, -91.4066085815, -120.921981812, -60.3487701416, -51.6686515808, -47.1884307861, -13.7985010147, -14.4977760315, 17.8714447021, 6.48718166351, 21.7291126251, -10.2649641037], [-1065.46264648, -91.4066085815, 792.944885254, -55.8302955627, 81.9817810059, 119.77406311, 1.01149260998, 88.7252655029, -11.6401433945, -14.2701702118, 16.6955966949, 19.7872714996, 21.067358017], [-24.4389362335, -120.921981812, -55.8302955627, 321.847686768, 48.4958190918, -41.0712776184, 12.415977478, 7.51401662827, 28.8257465363, 12.3117961884, -19.4349098206, -17.2989902496, -12.0289163589], [-140.856765747, -60.3487701416, 81.9817810059, 48.4958190918, 185.670700073, 94.8183517456, 9.06757354736, 6.35453271866, 6.46042394638, 2.24232029915, -0.960804998875, 6.340944767, -2.07087159157], [-206.731948853, -51.6686515808, 119.77406311, -41.0712776184, 94.8183517456, 211.5859375, 64.099067688, 13.6041374207, -15.0452222824, 0.697991549969, 10.957947731, 10.5348320007, 7.00343418121], [9.11198329926, -47.1884307861, 1.01149260998, 12.415977478, 9.06757354736, 64.099067688, 138.440994263, 39.3576507568, -6.05395507813, -8.22385406494, 0.550465106964, 4.0546169281, 9.55302238464], [-94.7347640991, -13.7985010147, 88.7252655029, 7.51401662827, 6.35453271866, 13.6041374207, 39.3576507568, 118.474441528, 32.9883766174, -21.4019641876, -7.6001906395, -2.42581653595, -2.4147002697], [58.6203384399, -14.4977760315, -11.6401433945, 28.8257465363, 6.46042394638, -15.0452222824, -6.05395507813, 32.9883766174, 101.384757996, 35.7533073425, 0.00628080079332, -10.6201810837, -7.86255788803], [128.389816284, 17.8714447021, -14.2701702118, 12.3117961884, 2.24232029915, 0.697991549969, -8.22385406494, -21.4019641876, 35.7533073425, 95.8546142578, 33.7029762268, -5.31187486649, -1.59059584141], [35.7676620483, 6.48718166351, 16.6955966949, -19.4349098206, -0.960804998875, 10.957947731, 0.550465106964, -7.6001906395, 0.00628080079332, 33.7029762268, 80.1017913818, 30.2052574158, 3.32277297974], [26.8869609833, 21.7291126251, 19.7872714996, -17.2989902496, 6.340944767, 10.5348320007, 4.0546169281, -2.42581653595, -10.6201810837, -5.31187486649, 30.2052574158, 75.0871734619, 30.9599342346], [9.79026985168, -10.2649641037, 21.067358017, -12.0289163589, -2.07087159157, 7.00343418121, 9.55302238464, -2.4147002697, -7.86255788803, -1.59059584141, 3.32277297974, 30.9599342346, 72.0198364258]], "icov": [[0.00029408041155, -0.000401720782975, 0.00034875064739, -3.27343695972e-05, -8.38259365992e-05, 8.59129504533e-05, -0.000181971787242, -3.84860104532e-05, -9.64861173998e-05, -0.000217882770812, -9.86492741504e-05, 1.16835390145e-05, -0.000208452896914], [-0.000401720782975, 0.00292131397873, -0.000157570000738, 0.000983754871413, 0.000349056121195, 0.000256727245869, 0.000919321377296, -0.000658367818687, 0.000931822694838, -0.000994925270788, 0.00100941385608, -0.00138987216633, 0.00115310354158], [0.00034875064739, -0.000157570000738, 0.00210336968303, 0.000239204018726, -0.000425931008067, -0.000680062279571, 0.000790542631876, -0.00183778733481, 0.000694031245075, -0.000669935951009, -0.000255588762229, -0.000137470968184, -0.000625929271337], [-3.27343695972e-05, 0.000983754871413, 0.000239204018726, 0.00419599143788, -0.00177202036139, 0.00187457352877, -0.00083053362323, -0.000269342155661, -0.000170422878, -0.0010895250598, 0.00114329089411, -0.000283874600427, 0.000670024543069], [-8.38259365992e-05, 0.000349056121195, -0.000425931008067, -0.00177202036139, 0.00832682847977, -0.00440896349028, 0.00169287039898, 0.000176001602085, -0.000725665537175, 0.000191906932741, 0.000728907587472, -0.00123332336079, 0.000760865339544], [8.59129504533e-05, 0.000256727245869, -0.000680062279571, 0.00187457352877, -0.00440896349028, 0.00887366849929, -0.00412031449378, 0.00066776201129, 0.000837518076878, -0.000895981502254, -0.000247129559284, -6.10480565228e-05, 0.000225477182539], [-0.000181971787242, 0.000919321377296, 0.000790542631876, -0.00083053362323, 0.00169287039898, -0.00412031449378, 0.0108253117651, -0.00450385781005, 0.00207523279823, -0.000647228967864, 0.000144294433994, -0.000283447589027, -0.00102431967389], [-3.84860104532e-05, -0.000658367818687, -0.00183778733481, -0.000269342155661, 0.000176001602085, 0.00066776201129, -0.00450385781005, 0.01400913205, -0.00680503901094, 0.00563828460872, -0.00106735981535, 0.000890091992915, 0.00045945509919], [-9.64861173998e-05, 0.000931822694838, 0.000694031245075, -0.000170422878, -0.000725665537175, 0.000837518076878, 0.00207523279823, -0.00680503901094, 0.0154994484037, -0.00794386491179, 0.00254139117897, -0.000643511011731, 0.000984751386568], [-0.000217882770812, -0.000994925270788, -0.000669935951009, -0.0010895250598, 0.000191906932741, -0.000895981502254, -0.000647228967864, 0.00563828460872, -0.00794386491179, 0.0185320973396, -0.00897656660527, 0.00525495456532, -0.00203346228227], [-9.86492741504e-05, 0.00100941385608, -0.000255588762229, 0.00114329089411, 0.000728907587472, -0.000247129559284, 0.000144294433994, -0.00106735981535, 0.00254139117897, -0.00897656660527, 0.0200790502131, -0.00992882158607, 0.00383408600464], [1.16835390145e-05, -0.00138987216633, -0.000137470968184, -0.000283874600427, -0.00123332336079, -6.10480565228e-05, -0.000283447589027, 0.000890091992915, -0.000643511011731, 0.00525495456532, -0.00992882158607, 0.021853717044, -0.00905957259238], [-0.000208452896914, 0.00115310354158, -0.000625929271337, 0.000670024543069, 0.000760865339544, 0.000225477182539, -0.00102431967389, 0.00045945509919, 0.000984751386568, -0.00203346228227, 0.00383408600464, -0.00905957259238, 0.0183042250574]]}, "silence_rate_20dB": {"dvar2": 0, "var": 0, "min": 1, "dmean": 0, "mean": 1, "max": 1, "dmean2": 0, "median": 1, "dvar": 0}, "melbands_kurtosis": {"dvar2": 954.706542969, "var": 642.521728516, "min": -1.88456857204, "dmean": 5.77345180511, "mean": 6.94170284271, "max": 559.411987305, "dmean2": 9.50688934326, "median": 0.157530486584, "dvar": 381.326416016}, "barkbands_spread": {"dvar2": 77.383644104, "var": 101.478256226, "min": 1.67842197418, "dmean": 5.41802453995, "mean": 26.4225502014, "max": 78.3051986694, "dmea