{"tonal": {"thpcp": [1, 0.66859382391, 0.42542129755, 0.300491958857, 0.32197624445, 0.590092241764, 0.679750263691, 0.469816803932, 0.337061673403, 0.31894031167, 0.382775336504, 0.613867342472, 0.737885415554, 0.731881022453, 0.938699483871, 0.991689026356, 0.642131149769, 0.32674998045, 0.231173813343, 0.28829061985, 0.523846924305, 0.630607187748, 0.441294133663, 0.276798605919, 0.258903205395, 0.373098552227, 0.636601686478, 0.742457091808, 0.559248149395, 0.449717104435, 0.421048462391, 0.350607812405, 0.334243714809, 0.358673125505, 0.492636501789, 0.882324159145], "hpcp": {"dmean2": [0.383829861879, 0.384620755911, 0.33968397975, 0.214015707374, 0.15406601131, 0.166893333197, 0.221855252981, 0.242055207491, 0.215527966619, 0.181967049837, 0.173868179321, 0.220133975148, 0.261013448238, 0.271143227816, 0.266703665257, 0.230556517839, 0.197637677193, 0.196384876966, 0.200798615813, 0.220192015171, 0.263940274715, 0.33892261982, 0.35700148344, 0.312421709299, 0.260644316673, 0.179171442986, 0.170049920678, 0.236874416471, 0.253827303648, 0.237018540502, 0.211767360568, 0.203393235803, 0.227693110704, 0.301235437393, 0.329393714666, 0.364962935448], "median": [0.118244506419, 0.122343197465, 0.0629177242517, 0.023773374036, 0.0160768814385, 0.0234480462968, 0.0415197499096, 0.0467524006963, 0.0344140678644, 0.019162453711, 0.0181557461619, 0.0319023579359, 0.0698169097304, 0.0873906612396, 0.0644556060433, 0.0402833931148, 0.0278371311724, 0.024401884526, 0.0265839081258, 0.0286433827132, 0.0496831536293, 0.117295719683, 0.135997697711, 0.086976647377, 0.0345588698983, 0.0233931690454, 0.0319931432605, 0.062492787838, 0.0695749372244, 0.0466223098338, 0.0262510813773, 0.0214903578162, 0.0334170907736, 0.0634328275919, 0.08104147017, 0.093259036541], "min": [0, 0, 0, 0, 0, 0, 0, 0, 0, 0, 0, 0, 0, 0, 0, 0, 0, 0, 0, 0, 0, 0, 0, 0, 0, 0, 0, 0, 0, 0, 0, 0, 0, 0, 0, 0], "dvar2": [0.175596371293, 0.171741932631, 0.171150743961, 0.107463762164, 0.0781253352761, 0.0868544057012, 0.109902285039, 0.123772844672, 0.111588440835, 0.102455221117, 0.0927822962403, 0.116689607501, 0.120687909424, 0.118929222226, 0.119202159345, 0.112227834761, 0.0976150929928, 0.103638343513, 0.102883040905, 0.119197756052, 0.123646698892, 0.147684246302, 0.151909276843, 0.12921744585, 0.145584285259, 0.0790161713958, 0.0722213685513, 0.107943311334, 0.112966366112, 0.110976658762, 0.110786922276, 0.10283832252, 0.111713670194, 0.147850528359, 0.159101396799, 0.171910196543], "dvar": [0.0658242926002, 0.0658783018589, 0.0637680962682, 0.0390110760927, 0.0277383849025, 0.0301996376365, 0.0415091812611, 0.0499203912914, 0.0405568219721, 0.0356324054301, 0.0328901745379, 0.041887383908, 0.0461246743798, 0.046307682991, 0.0435222536325, 0.0418824963272, 0.0373332612216, 0.0376149043441, 0.036212708801, 0.0421679653227, 0.0443285182118, 0.0566710084677, 0.0597531199455, 0.047295562923, 0.0529003851116, 0.0282535422593, 0.0257585607469, 0.0409150458872, 0.0446463525295, 0.0408132299781, 0.0407575592399, 0.0388399586082, 0.0402551218867, 0.053489126265, 0.0592662841082, 0.0613776184618], "dmean": [0.217879757285, 0.218746945262, 0.191307649016, 0.117838487029, 0.0842222496867, 0.0930220857263, 0.126891985536, 0.13887925446, 0.121706880629, 0.0994355902076, 0.0948999226093, 0.122520945966, 0.150334596634, 0.157656952739, 0.151396915317, 0.130461215973, 0.113894037902, 0.110091857612, 0.111431196332, 0.121529884636, 0.148887932301, 0.195432469249, 0.206583827734, 0.178539380431, 0.142974421382, 0.0994552671909, 0.0963477119803, 0.1377453655, 0.147638723254, 0.133924245834, 0.116948880255, 0.111608080566, 0.125670611858, 0.168904468417, 0.185579806566, 0.205316409469], "max": [1, 1, 1, 1, 1, 1, 1, 1, 1, 1, 1, 1, 1, 1, 1, 1, 1, 1, 1, 1, 1, 1, 1, 1, 1, 1, 1, 1, 1, 1, 1, 1, 1, 1, 1, 1], "var": [0.0969972759485, 0.105935670435, 0.0666145905852, 0.0307948216796, 0.0204571653157, 0.0251760687679, 0.0578529089689, 0.0797849744558, 0.0476054698229, 0.0268524605781, 0.0245046559721, 0.0357776582241, 0.063601128757, 0.077738918364, 0.0482984520495, 0.0445423237979, 0.0473451241851, 0.036278821528, 0.030900772661, 0.0351025462151, 0.042821906507, 0.0849576666951, 0.0996902436018, 0.0547636039555, 0.0450805686414, 0.0249956473708, 0.0245524775237, 0.0588459558785, 0.0723942145705, 0.0423883870244, 0.0334690287709, 0.0327135622501, 0.035057656467, 0.0606584958732, 0.0789835304022, 0.0659767240286], "mean": [0.264873057604, 0.279825121164, 0.181190297008, 0.0921991169453, 0.0652303695679, 0.0813470333815, 0.147814005613, 0.177938580513, 0.124520070851, 0.0781043320894, 0.0730547755957, 0.105277307332, 0.179630056024, 0.209499284625, 0.157803177834, 0.12689678371, 0.118807345629, 0.0989310890436, 0.0943136289716, 0.101206883788, 0.139007359743, 0.248965620995, 0.282170236111, 0.188657268882, 0.120041228831, 0.0847898870707, 0.090852111578, 0.16650646925, 0.191805288196, 0.132568314672, 0.095108769834, 0.0899954661727, 0.108007803559, 0.173215091228, 0.208209306002, 0.206515043974]}, "tuning_equal_tempered_deviation": 0.225584760308, "chords_changes_rate": 0.0613264068961, "key_key": "A", "tuning_diatonic_strength": 0.83729827404, "key_scale": "major", "chords_number_rate": 0.00139832205605, "tuning_frequency": 434.193115234, "tuning_nontempered_energy_ratio": 0.916059613228, "chords_histogram": [42.0495414734, 11.446264267, 16.5601272583, 0, 0.838993191719, 0, 0.0199760291725, 0, 0.0399520583451, 0, 0, 0, 0, 0, 0, 0.0199760291725, 0.27966439724, 1.85777068138, 0, 0.779065132141, 0, 2.77666807175, 9.28885364532, 14.0431480408], "key_strength": 0.926989793777, "chords_key": "A", "chords_strength": {"dmean2": 0.0145025942475, "median": 0.612329185009, "min": -1, "dvar2": 0.000879095983692, "dvar": 0.000503530260175, "dmean": 0.0122380927205, "max": 0.925460934639, "var": 0.0179631542414, "mean": 0.607828021049}, "chords_scale": "major", "hpcp_entropy": {"dmean2": 1.29274618626, "median": 2.13433742523, "min": 0, "dvar2": 1.04400217533, "dvar": 0.382826566696, "dmean": 0.761577963829, "max": 4.42666482925, "var": 0.674855351448, "mean": 2.09259700775}}, "metadata": {"audio_properties": {"equal_loudness": 0, "codec": "flac", "downmix": "mix", "analysis_sample_rate": 44100, "bit_rate": 0, "md5_encoded": "c613c9c191aa54ce009c921ca723c38a", "length": 232.386672974, "replay_gain": -12.8688640594, "lossless": true}, "version": {"essentia_build_sha": "50a0fbec89d6a9cedea3d45b6611406f7e8c7b1a", "essentia": "2.1-beta1", "extractor": "music 1.0", "essentia_git_sha": "v2.1_beta1-7-ge0e83e8-dirty"}, "tags": {"title": ["Bleeding Love"], "barcode": ["5051865422921"], "media": ["CD"], "albumartist": ["The Baseballs"], "language": ["eng"], "releasetype": ["album"], "musicbrainz_recordingid": ["a00e0379-3edf-47d5-a7e8-f24e15b50d8f"], "mood": ["Retro"], "artistsort": ["Baseballs, The"], "musicbrainz_albumartistid": ["408ec22d-da22-4813-b771-ddaf480e4039"], "replaygain_track_gain": ["-7.35 dB"], "writer": ["Ryan Tedder", "Jesse McCartney"], "isrc": ["DEA620900186"], "date": ["2009-05-15"], "disctotal": ["1"], "asin": ["B0026IZ6YE"], "musicbrainz_albumid": ["c8b16143-e87e-440d-bbb2-5c96615bed2b"], "musicbrainz_workid": ["cbba237c-4bd9-3707-9330-002a888dbbef"], "artist": ["The Baseballs"], "label": ["Warner Music Group Central Europe"], "musicbrainz_artistid": ["408ec22d-da22-4813-b771-ddaf480e4039"], "totaltracks": ["12"], "tracktotal": ["12"], "replaygain_track_peak": ["0.988556"], "replaygain_album_peak": ["1.000000"], "originalyear": ["2009"], "work": ["Bleeding Love"], "discnumber": ["1"], "album": ["Strike!"], "catalognumber": ["5051865-4229-2-1"], "releasecountry": ["DE"], "genre": ["Rockabilly"], "replaygain_album_gain": ["-10.25 dB"], "artists": ["The Baseballs"], "file_name": "04 Bleeding Love.flac", "acoustid_id": ["d9449d9c-0cba-4069-b2e6-a6f0b2f7b90d"], "script": ["Latn"], "originaldate": ["2009-05-15"], "grouping": ["Rock"], "musicbrainz_releasetrackid": ["0313df3e-4d2c-37e5-8ae3-669170af288a"], "tracknumber": ["4"], "musicbrainz_releasegroupid": ["a4e6822c-5bd1-4634-95d9-cc6e29ce3a43"], "albumartistsort": ["Baseballs, The"], "totaldiscs": ["1"], "releasestatus": ["official"]}}, "rhythm": {"bpm_histogram_first_peak_bpm": {"dmean2": 0, "median": 80, "min": 80, "dvar2": 0, "dvar": 0, "dmean": 0, "max": 80, "var": 0, "mean": 80}, "bpm": 80.0013275146, "bpm_histogram_second_peak_spread": {"dmean2": 0, "median": 0.5, "min": 0.5, "dvar2": 0, "dvar": 0, "dmean": 0, "max": 0.5, "var": 0, "mean": 0.5}, "bpm_histogram_first_peak_weight": {"dmean2": 0, "median": 0.922580599785, "min": 0.922580599785, "dvar2": 0, "dvar": 0, "dmean": 0, "max": 0.922580599785, "var": 0, "mean": 0.922580599785}, "onset_rate": 3.57129764557, "beats_position": [0.801088392735, 1.6137868166, 2.39165520668, 3.14630389214, 3.90095233917, 4.65560102463, 5.41024923325, 6.1648979187, 6.90793657303, 7.66258478165, 8.40562343597, 9.14866161346, 9.90331077576, 10.6579589844, 11.412607193, 12.1672563553, 12.9102945328, 13.6533327103, 14.4079818726, 15.1626300812, 15.9172782898, 16.6603164673, 17.4149665833, 18.1696147919, 18.9126529694, 19.667301178, 20.4103393555, 21.153377533, 21.9080276489, 22.6626758575, 23.4173240662, 24.1719722748, 24.9150104523, 25.6580486298, 26.4010887146, 27.1557369232, 27.9103851318, 28.6650333405, 29.4196815491, 30.1743297577, 30.9289798737, 31.6720180511, 32.4150543213, 33.1580963135, 33.901134491, 34.6557807922, 35.4104309082, 36.1650772095, 36.908115387, 37.6627655029, 38.4058036804, 39.1488418579, 39.9034919739, 40.6581382751, 41.4011802673, 42.1558265686, 42.9104766846, 43.6651229858, 44.4081611633, 45.1511993408, 45.9058494568, 46.6604995728, 47.415145874, 48.16979599, 48.9128341675, 49.6674804688, 50.4105224609, 51.1535606384, 51.9082069397, 52.6512451172, 53.4058952332, 54.1489334106, 54.9035835266, 55.6582298279, 56.4128799438, 57.1559181213, 57.9105644226, 58.6652145386, 59.4198646545, 60.1745109558, 60.9291610718, 61.6721992493, 62.4152374268, 63.169883728, 63.924533844, 64.6675720215, 65.4106140137, 66.1652603149, 66.9199066162, 67.6629486084, 68.4059829712, 69.1490249634, 69.8920593262, 70.6467132568, 71.4013595581, 72.1560058594, 72.91065979, 73.6653060913, 74.4199523926, 75.1629943848, 75.9060287476, 76.6606826782, 77.4153289795, 78.1583633423, 78.9014053345, 79.6676635742, 80.410697937, 81.1537399292, 81.9083862305, 82.6630401611, 83.4176864624, 84.1723327637, 84.9153747559, 85.6584091187, 86.4014511108, 87.1444854736, 87.8991394043, 88.6537857056, 89.4084320068, 90.1630859375, 90.9061203003, 91.6607666016, 92.4154205322, 93.158454895, 93.9014968872, 94.6561431885, 95.4107894897, 96.1654434204, 96.9084777832, 97.6631240845, 98.4061660767, 99.1492080688, 99.9038543701, 100.658500671, 101.413146973, 102.167800903, 102.910835266, 103.653877258, 104.396911621, 105.151565552, 105.906211853, 106.660858154, 107.415504456, 108.170158386, 108.913192749, 109.66784668, 110.410881042, 111.165527344, 111.920181274, 112.674827576, 113.429473877, 114.184127808, 114.92716217, 115.670204163, 116.424850464, 117.179496765, 117.934150696, 118.677185059, 119.420227051, 120.174873352, 120.929519653, 121.672561646, 122.415596008, 123.158638, 123.913284302, 124.667930603, 125.422584534, 126.177230835, 126.920272827, 127.66330719, 128.417953491, 129.160995483, 129.915649414, 130.670288086, 131.424942017, 132.179595947, 132.922622681, 133.677276611, 134.420318604, 135.163360596, 135.906387329, 136.66104126, 137.41569519, 138.170333862, 138.913375854, 139.668029785, 140.411056519, 141.154098511, 141.897140503, 142.651794434, 143.406433105, 144.149475098, 144.904129028, 145.6587677, 146.401809692, 147.156463623, 147.911102295, 148.665756226, 149.420410156, 150.16343689, 150.91809082, 151.672744751, 152.415786743, 153.158813477, 153.913467407, 154.668121338, 155.411148071, 156.154190063, 156.897232056, 157.640274048, 158.39491272, 159.14956665, 159.904220581, 160.658859253, 161.413513184, 162.168167114, 162.934417725, 163.677459717, 164.443710327, 165.186752319, 165.929794312, 166.684448242, 167.439086914, 168.182128906, 168.936782837, 169.691421509, 170.434463501, 171.177505493, 171.920547485, 172.675186157, 173.429840088, 174.17288208, 174.927520752, 175.682174683, 176.436828613, 177.191467285, 177.934509277, 178.67755127, 179.432189941, 180.186843872, 180.929885864, 181.684524536, 182.439178467, 183.182220459, 183.925262451, 184.668289185, 185.411331177, 186.177597046, 186.920639038, 187.67527771, 188.429931641, 189.184570312, 189.939224243, 190.682266235, 191.425308228, 192.191558838, 192.93460083, 193.677642822, 194.443893433, 195.186935425, 195.929977417, 196.673019409, 197.427658081, 198.182312012, 198.925354004, 199.679992676, 200.434646606, 201.177688599, 201.943939209, 202.686981201, 203.430023193, 204.173049927, 204.927703857, 205.682357788, 206.42539978, 207.168426514, 207.923080444, 208.677734375, 209.432373047, 210.187026978, 210.93006897, 211.673095703, 212.427749634, 213.170791626, 213.925445557, 214.66847229, 215.423126221, 216.177780151, 216.920806885, 217.663848877, 218.406890869, 219.149932861, 219.892959595, 220.647613525, 221.402267456, 222.145309448, 222.876724243, 223.515274048, 224.153823853, 224.780761719, 225.407699585, 225.976593018, 226.54548645, 227.102767944, 227.718093872, 228.345031738, 228.971969604, 229.598907471, 230.237457275, 230.87600708, 231.537780762], "beats_loudness": {"dmean2": 0.0213080514222, "median": 0.0268209632486, "min": 0, "dvar2": 0.000307486538077, "dvar": 0.000120349803183, "dmean": 0.0127130625769, "max": 0.0960344970226, "var": 0.000303709239233, "mean": 0.0292373988777}, "danceability": 1.05727303028, "bpm_histogram_second_peak_weight": {"dmean2": 0, "median": 0.0161290317774, "min": 0.0161290317774, "dvar2": 0, "dvar": 0, "dmean": 0, "max": 0.0161290317774, "var": 0, "mean": 0.0161290317774}, "beats_count": 311, "bpm_histogram_second_peak_bpm": {"dmean2": 0, "median": 96, "min": 96, "dvar2": 0, "dvar": 0, "dmean": 0, "max": 96, "var": 0, "mean": 96}, "bpm_histogram_first_peak_spread": {"dmean2": 0, "median": 0.0305084474385, "min": 0.0305084474385, "dvar2": 0, "dvar": 0, "dmean": 0, "max": 0.0305084474385, "var": 0, "mean": 0.0305084474385}, "beats_loudness_band_ratio": {"dmean2": [0.261411339045, 0.367968171835, 0.329749792814, 0.217236712575, 0.138114392757, 0.0639282986522], "median": [0.0923783630133, 0.299595147371, 0.257063060999, 0.0960937216878, 0.089361988008, 0.034160617739], "min": [0, 0, 0, 0, 0, 0], "dvar2": [0.0479309558868, 0.0680428817868, 0.0568746440113, 0.0425812974572, 0.0176387820393, 0.00473210820928], "dvar": [0.0168239828199, 0.0221491921693, 0.0188698340207, 0.0136608527973, 0.00605091406032, 0.00165924103931], "dmean": [0.143536284566, 0.204858317971, 0.184089362621, 0.120913587511, 0.0802709758282, 0.0357940122485], "max": [0.786924898624, 0.874659597874, 0.841045975685, 0.70160651207, 0.544890880585, 0.303939402103], "var": [0.0195592474192, 0.0468871407211, 0.0356350392103, 0.0159174371511, 0.00796939060092, 0.00159905233886], "mean": [0.144979208708, 0.33959120512, 0.276197344065, 0.137720450759, 0.11359705776, 0.0457466207445]}}, "lowlevel": {"barkbands_spread": {"dmean2": 7.17650175095, "median": 14.8292694092, "min": 0.772433459759, "dvar2": 73.2933578491, "dvar": 35.9114341736, "dmean": 4.71788883209, "max": 84.3579940796, "var": 113.660682678, "mean": 17.37159729}, "melbands_spread": {"dmean2": 10.4212331772, "median": 17.0868778229, "min": 0.84789955616, "dvar2": 204.459884644, "dvar": 98.0306396484, "dmean": 6.82709121704, "max": 160.362075806, "var": 328.226989746, "mean": 21.8719520569}, "hfc": {"dmean2": 7.17794752121, "median": 12.2079916, "min": 1.09347877144e-16, "dvar2": 112.070373535, "dvar": 52.9823188782, "dmean": 5.05941534042, "max": 142.766830444, "var": 279.637145996, "mean": 16.8070392609}, "barkbands_kurtosis": {"dmean2": 3.90167379379, "median": 1.77986288071, "min": -1.88220071793, "dvar2": 38.8656082153, "dvar": 15.7938098907, "dmean": 2.44588160515, "max": 106.910598755, "var": 33.2930831909, "mean": 3.33187413216}, "gfcc": {"mean": [-40.5461959839, 105.738090515, -124.453918457, 18.384344101, -63.6764907837, 2.71590733528, -43.3856582642, 1.81458175182, -22.9363441467, -1.98067593575, -11.2425422668, 0.792876899242, -13.0765991211], "icov": [[0.000145644022268, -0.000182198666153, 0.000399346783524, -0.000272527046036, 0.00024411000777, -0.000394359260099, 0.000409479020163, -0.000390817353036, 0.000365613901522, -0.00046323396964, 0.000387381645851, -0.000519016466569, 0.000206252268981], [-0.000182198666153, 0.0015033306554, -0.000466797908302, 0.000517232285347, -0.000494022620842, 0.000622478488367, -0.00126749055926, 0.000904881046154, -0.00103999348357, 0.00189193757251, -0.00191463681404, 0.00181447993964, -0.000683580525219], [0.000399346783524, -0.000466797908302, 0.00305161252618, -0.00115201645531, 0.000146405465784, -0.00113100733142, 0.000142737175338, -0.000887627538759, 0.00167863105889, -0.00107015029062, 0.000658088945784, -0.00126803503372, 4.05492683058e-05], [-0.000272527046036, 0.000517232285347, -0.00115201645531, 0.00363211520016, -0.0011639369186, 0.000637696182821, -0.000659617013298, 0.000914894568268, -0.00143968767952, 0.000874570629094, -0.000211968188523, 0.000925414264202, -0.00178572023287], [0.00024411000777, -0.000494022620842, 0.000146405465784, -0.0011639369186, 0.00437578326091, -0.00187528622337, 0.0016629518941, -0.00166753935628, -4.42930431745e-05, -0.00151113118045, 0.00119769503362, -0.00127039919607, -0.000541397486813], [-0.000394359260099, 0.000622478488367, -0.00113100733142, 0.000637696182821, -0.00187528622337, 0.00807968899608, -0.00338338734582, 0.000148961349623, -0.000469865626656, -0.000821725290734, -0.00261569302529, 0.0024764505215, 0.000895114208106], [0.000409479020163, -0.00126749055926, 0.000142737175338, -0.000659617013298, 0.0016629518941, -0.00338338734582, 0.00655497191474, -0.00240044947714, 0.000417724630097, -0.00195367098786, 0.000881464220583, -0.00169543281663, 0.00126202288084], [-0.000390817353036, 0.000904881046154, -0.000887627538759, 0.000914894568268, -0.00166753935628, 0.000148961349623, -0.00240044947714, 0.0101387128234, -0.00265641394071, 0.00161896611098, -0.00252399686724, 0.000169445222127, 0.000674373295624], [0.000365613901522, -0.00103999348357, 0.00167863105889, -0.00143968767952, -4.42930431745e-05, -0.000469865626656, 0.000417724630097, -0.00265641394071, 0.00982411950827, -0.0030135109555, 0.000629505608231, -0.000941974343732, -0.00117212976329], [-0.00046323396964, 0.00189193757251, -0.00107015029062, 0.000874570629094, -0.00151113118045, -0.000821725290734, -0.00195367098786, 0.00161896611098, -0.0030135109555, 0.0106468610466, -0.00250395410694, 0.00233989581466, -0.00196432578377], [0.000387381645851, -0.00191463681404, 0.000658088945784, -0.000211968188523, 0.00119769503362, -0.00261569302529, 0.000881464220583, -0.00252399686724, 0.000629505608231, -0.00250395410694, 0.0134511562064, -0.00520614208654, 0.000926979235373], [-0.000519016466569, 0.00181447993964, -0.00126803503372, 0.000925414264202, -0.00127039919607, 0.0024764505215, -0.00169543281663, 0.000169445222127, -0.000941974343732, 0.00233989581466, -0.00520614208654, 0.0150088025257, -0.00374186597764], [0.000206252268981, -0.000683580525219, 4.05492683058e-05, -0.00178572023287, -0.000541397486813, 0.000895114208106, 0.00126202288084, 0.000674373295624, -0.00117212976329, -0.00196432578377, 0.000926979235373, -0.00374186597764, 0.0111212022603]], "cov": [[18343.0683594, -384.785308838, -1858.3963623, 240.91569519, -323.87701416, 197.498916626, -683.996582031, 207.537399292, -171.960266113, 304.968688965, -180.938095093, 207.264205933, -164.447723389], [-384.785308838, 1280.27868652, 84.4231414795, -83.649269104, -23.0382099152, 40.282409668, 211.736907959, 2.03557920456, 60.8740310669, -128.108032227, 129.559555054, -73.8250808716, -8.27402019501], [-1858.3963623, 84.4231414795, 652.455444336, 110.549499512, 110.566810608, 80.2545700073, 146.015975952, 22.4405975342, -4.44230937958, 19.5545444489, 39.2937316895, 5.89895963669, 37.7144737244], [240.91569519, -83.649269104, 110.549499512, 427.105133057, 135.491928101, 6.73014783859, -21.39270401, 1.86931717396, 54.1762580872, 39.2029838562, -19.3395519257, 22.0377979279, 88.5969161987], [-323.87701416, -23.0382099152, 110.566810608, 135.491928101, 359.173339844, 71.3517303467, -1.7738982439, 46.763835907, 56.1441688538, 62.6720123291, 6.75682973862, 21.179479599, 58.6009483337], [197.498916626, 40.282409668, 80.2545700073, 6.73014783859, 71.3517303467, 246.594680786, 141.438491821, 60.8535194397, 20.1304569244, 69.0486526489, 49.7981376648, -10.7294712067, -29.9565010071], [-683.996582031, 211.736907959, 146.015975952, -21.39270401, -1.7738982439, 141.438491821, 330.509613037, 66.5107727051, 30.9002571106, 30.4245204926, 62.8234558105, -11.4203462601, -31.7251281738], [207.537399292, 2.03557920456, 22.4405975342, 1.86931717396, 46.763835907, 60.8535194397, 66.5107727051, 144.623352051, 33.5737762451, 24.027923584, 33.3993835449, 15.3980321884, -12.2647161484], [-171.960266113, 60.8740310669, -4.44230937958, 54.1762580872, 56.1441688538, 20.1304569244, 30.9002571106, 33.5737762451, 147.32409668, 37.8088645935, 17.8122959137, 5.47251939774, 33.7787322998], [304.968688965, -128.108032227, 19.5545444489, 39.2029838562, 62.6720123291, 69.0486526489, 30.4245204926, 24.027923584, 37.8088645935, 160.266891479, 13.2899541855, 9.22045993805, 19.5643692017], [-180.938095093, 129.559555054, 39.2937316895, -19.3395519257, 6.75682973862, 49.7981376648, 62.8234558105, 33.3993835449, 17.8122959137, 13.2899541855, 116.756767273, 20.3602046967, -3.41978168488], [207.264205933, -73.8250808716, 5.89895963669, 22.0377979279, 21.179479599, -10.7294712067, -11.4203462601, 15.3980321884, 5.47251939774, 9.22045993805, 20.3602046967, 97.5898971558, 30.7359466553], [-164.447723389, -8.27402019501, 37.7144737244, 88.5969161987, 58.6009483337, -29.9565010071, -31.7251281738, -12.2647161484, 33.7787322998, 19.5643692017, -3.41978168488, 30.7359466553, 133.798049927]]}, "spectral_energyband_middle_low": {"dmean2": 0.00690237618983, "median": 0.0103179831058, "min": 1.25742004912e-22, "dvar2": 6.94307818776e-05, "dvar": 3.12699776259e-05, "dmean": 0.00451831752434, "max": 0.0804700553417, "var": 0.000108188927697, "mean": 0.0123621150851}, "melbands_crest": {"dmean2": 5.58178281784, "median": 12.3397130966, "min": 1.6928166151, "dvar2": 21.1572360992, "dvar": 8.47969245911, "dmean": 3.44914054871, "max": 33.3311805725, "var": 24.1046295166, "mean": 13.157664299}, "spectral_kurtosis": {"dmean2": 3.3425450325, "median": 5.63127326965, "min": -1.25596141815, "dvar2": 13.6492652893, "dvar": 5.10767936707, "dmean": 2.0129172802, "max": 58.4786186218, "var": 14.4205055237, "mean": 6.32288551331}, "spectral_rms": {"dmean2": 0.000945458363276, "median": 0.00424991501495, "min": 3.18341446953e-12, "dvar2": 8.14134864413e-07, "dvar": 4.02940003141e-07, "dmean": 0.000663421174977, "max": 0.0103524746373, "var": 3.52881784238e-06, "mean": 0.0041594421491}, "zerocrossingrate": {"dmean2": 0.00985729973763, "median": 0.04443359375, "min": 0.0029296875, "dvar2": 0.000169161707163, "dvar": 0.00013073188893, "dmean": 0.00837610382587, "max": 0.52294921875, "var": 0.0020549360197, "mean": 0.0519473217428}, "silence_rate_60dB": {"dmean2": 0.064748197794, "median": 0, "min": 0, "dvar2": 0.0703480392694, "dvar": 0.0313229933381, "dmean": 0.032370865345, "max": 1, "var": 0.0931017026305, "mean": 0.103896103799}, "erbbands_kurtosis": {"dmean2": 1.83049786091, "median": 0.283594667912, "min": -1.77603507042, "dvar2": 5.89893102646, "dvar": 2.31319499016, "dmean": 1.14639389515, "max": 35.1383476257, "var": 5.7223610878, "mean": 0.905407011509}, "erbbands": {"dmean2": [0.0466394498944, 0.50991410017, 1.08502674103, 2.1221203804, 6.47593975067, 13.1265468597, 17.6867752075, 22.880191803, 39.3822135925, 26.1567249298, 23.5820045471, 34.4370765686, 18.7207431793, 23.6659603119, 25.2464923859, 32.2356414795, 42.9236373901, 30.5429286957, 24.8231525421, 41.0247383118, 21.9975566864, 17.3862247467, 13.4165964127, 9.7905292511, 9.55849266052, 6.59022474289, 3.89761400223, 3.73975515366, 2.91483855247, 2.39859390259, 1.72346901894, 0.98536002636, 0.472829401493, 0.298358887434, 0.136836364865, 0.0589795820415, 0.019520400092, 0.0038594417274, 0.000426280894317, 2.17994329432e-05], "median": [0.00557858776301, 0.076964199543, 0.380807965994, 0.940804302692, 2.79468488693, 5.47622919083, 6.01359272003, 10.1183805466, 15.3352565765, 10.4629478455, 9.62720012665, 11.9211215973, 9.29344081879, 10.1039237976, 9.14912223816, 8.81412506104, 10.642583847, 10.6921386719, 7.29835700989, 5.52886390686, 6.07106113434, 6.79802656174, 6.01065444946, 4.82739639282, 4.34986352921, 2.19077301025, 0.908617377281, 0.715902805328, 0.756830096245, 0.817372500896, 0.562802433968, 0.267034620047, 0.114989593625, 0.0764621570706, 0.0338813588023, 0.012893659994, 0.00349397957325, 0.000444677600171, 3.99696727982e-05, 2.58931577264e-05], "min": [4.94916911558e-23, 4.30401651608e-22, 2.3804662637e-21, 6.79877193798e-21, 1.36007136579e-20, 3.23546332851e-20, 5.00136533557e-20, 7.68932621769e-20, 8.15994481108e-20, 2.84346851083e-19, 3.61693873524e-19, 2.25073621628e-19, 4.53635205405e-19, 8.63298109832e-19, 9.40876587748e-19, 1.24797380081e-18, 1.70147577844e-18, 1.92535365879e-18, 3.16567086905e-18, 3.36351902989e-18, 3.80007186997e-18, 4.16067464057e-18, 3.84195533311e-18, 6.56673542015e-18, 7.52885069731e-18, 8.6870863618e-18, 8.87832224761e-18, 9.88075761655e-18, 1.03023475865e-17, 1.26075444438e-17, 1.18870891554e-17, 1.07211028086e-17, 8.63531395444e-18, 8.71686155513e-18, 6.96144698331e-18, 4.51601778324e-18, 2.38859320659e-18, 9.93507505186e-19, 2.50573971401e-19, 2.73351591564e-20], "dvar2": [0.00979916285723, 1.39022803307, 4.01779413223, 12.1177959442, 128.566589355, 731.995361328, 1503.56152344, 1588.72900391, 4255.45605469, 2497.1262207, 2227.95043945, 6071.73779297, 1356.28112793, 2775.92480469, 3403.49560547, 7192.22314453, 13672.265625, 5637.26025391, 3277.13110352, 13874.4863281, 2101.96386719, 1024.72875977, 603.291137695, 349.829498291, 418.787597656, 400.398681641, 158.040100098, 109.557014465, 86.662437439, 90.8068008423, 28.8724517822, 9.40039730072, 1.48262000084, 0.513270139694, 0.100154466927, 0.0257743503898, 0.00436834711581, 0.000312750868034, 4.65229641122e-06, 3.78611586527e-09], "dvar": [0.00412973854691, 0.494544506073, 1.59977638721, 5.37476634979, 50.1266365051, 289.945404053, 644.108703613, 780.924133301, 1781.2019043, 1137.59191895, 974.50793457, 2819.38696289, 596.491516113, 1224.01318359, 1372.72619629, 2796.51879883, 5776.64501953, 2449.47143555, 1399.23352051, 6476.18359375, 916.159240723, 494.316955566, 274.242767334, 176.936676025, 190.075653076, 151.821853638, 65.5325622559, 45.522605896, 36.949546814, 39.205291748, 13.0253610611, 4.25614404678, 0.658584833145, 0.233552649617, 0.0475354269147, 0.0125535437837, 0.00222020107321, 0.000154258013936, 2.37929225477e-06, 2.01788386001e-09], "dmean": [0.0307848062366, 0.30384722352, 0.681471824646, 1.36600530148, 3.99887013435, 8.15986728668, 11.2161130905, 14.978012085, 24.6712112427, 17.0651931763, 15.2088451385, 22.9130821228, 12.0174503326, 15.1216907501, 15.7945146561, 19.9431247711, 26.9448318481, 19.4191761017, 16.034866333, 26.7269554138, 14.402973175, 11.3388652802, 8.932056427, 6.55608463287, 6.25703763962, 4.14153957367, 2.48483562469, 2.36211013794, 1.90025925636, 1.57048380375, 1.10553240776, 0.63238376379, 0.309979140759, 0.195100232959, 0.0927164703608, 0.040460202843, 0.0135592855513, 0.00273689231835, 0.000306685746182, 1.55740126502e-05], "max": [0.940888345242, 10.2232980728, 22.448217392, 47.0200080872, 174.405593872, 331.878692627, 480.443634033, 528.887023926, 773.57824707, 715.629394531, 597.121337891, 1837.38232422, 679.239135742, 916.319641113, 603.243041992, 1486.72802734, 3240.99023438, 1840.18640137, 850.323974609, 1912.00683594, 595.965454102, 612.202148438, 309.142944336, 345.935302734, 420.156036377, 256.968139648, 430.968383789, 188.266586304, 276.105377197, 344.140808105, 120.763458252, 91.2302017212, 18.3500671387, 11.1867408752, 5.35285568237, 2.79569530487, 1.15216767788, 0.316457092762, 0.0387078598142, 0.001225802931], "var": [0.0122962538153, 0.780431270599, 2.8922328949, 13.2700862885, 87.6623764038, 400.623687744, 1200.18701172, 1626.00817871, 3964.67089844, 2678.44506836, 2109.10107422, 8588.33203125, 1396.54821777, 2284.13452148, 2114.95141602, 5219.23681641, 14237.4345703, 6188.97509766, 3927.10839844, 20124.2226562, 2350.76611328, 1129.98095703, 639.309936523, 589.514770508, 475.959136963, 213.341262817, 99.3555755615, 79.4382171631, 75.3187561035, 81.3442459106, 23.0815544128, 7.40728235245, 1.19093453884, 0.577115654945, 0.113727301359, 0.0278692990541, 0.00402822066098, 0.000230111269047, 3.40898441209e-06, 4.11145739676e-09], "mean": [0.0540073402226, 0.447923362255, 1.01876366138, 2.2523624897, 6.12949180603, 12.6349592209, 18.366361618, 23.4418010712, 38.8922653198, 27.9392547607, 24.7372303009, 38.1789932251, 20.8302192688, 24.85430336, 23.5076026917, 30.1258392334, 43.3941345215, 31.7180576324, 28.5533657074, 47.453338623, 26.1010494232, 20.4077014923, 15.942530632, 12.3945589066, 11.3170213699, 6.58824300766, 3.82951974869, 3.41866612434, 2.93897986412, 2.5972776413, 1.76600039005, 0.950129270554, 0.491371482611, 0.329080551863, 0.15319532156, 0.0641178786755, 0.0202648751438, 0.00379195390269, 0.000392014102545, 3.88156622648e-05]}, "spectral_strongpeak": {"dmean2": 0.922333717346, "median": 0.636256217957, "min": 0, "dvar2": 2.0087351799, "dvar": 0.866780638695, "dmean": 0.560196757317, "max": 12.940237999, "var": 1.89364981651, "mean": 1.05750691891}, "spectral_energy": {"dmean2": 0.00914526544511, "median": 0.0185133218765, "min": 1.03874804853e-20, "dvar2": 0.000111737186671, "dvar": 5.09106612299e-05, "dmean": 0.00624170247465, "max": 0.109853073955, "var": 0.000275735015748, "mean": 0.0213505215943}, "average_loudness": 0.577130258083, "spectral_rolloff": {"dmean2": 653.010314941, "median": 1098.19335938, "min": 86.1328125, "dvar2": 1044265.0625, "dvar": 504426.5, "dmean": 400.589874268, "max": 19552.1484375, "var": 2973419.25, "mean": 1414.1204834}, "spectral_centroid": {"dmean2": 354.452819824, "median": 984.5859375, "min": 173.872695923, "dvar2": 200315.171875, "dvar": 104344.515625, "dmean": 236.95715332, "max": 11649.34375, "var": 971807.4375, "mean": 1168.77612305}, "pitch_salience": {"dmean2": 0.12159909308, "median": 0.59181535244, "min": 0.0856656953692, "dvar2": 0.0101582510397, "dvar": 0.00402089906856, "dmean": 0.074795641005, "max": 0.89916318655, "var": 0.0117373485118, "mean": 0.584344148636}, "spectral_energyband_middle_high": {"dmean2": 0.00309896515682, "median": 0.00324899982661, "min": 1.09616577293e-21, "dvar2": 2.3623706511e-05, "dvar": 1.0611867765e-05, "dmean": 0.00209166598506, "max": 0.0846572518349, "var": 5.00141541124e-05, "mean": 0.00570654682815}, "spectral_contrast_coeffs": {"dmean2": [0.0880603939295, 0.0864475294948, 0.0657767057419, 0.056005615741, 0.0389126762748, 0.0323427468538], "median": [-0.601119041443, -0.705986320972, -0.76569133997, -0.771858096123, -0.788966536522, -0.77108579874], "min": [-0.983053147793, -0.975085198879, -0.97183996439, -0.970760524273, -0.968033254147, -0.96360206604], "dvar2": [0.00470043905079, 0.00460541108623, 0.00273582851514, 0.0019733204972, 0.00109888531733, 0.000939500518143], "dvar": [0.00194675463717, 0.00183143862523, 0.00117739685811, 0.000836451654322, 0.000510463374667, 0.000397009513108], "dmean": [0.0551193058491, 0.0535999275744, 0.0413813963532, 0.0350731797516, 0.0252928826958, 0.0212477296591], "max": [-0.237098008394, -0.389967918396, -0.490535706282, -0.503849327564, -0.536079525948, -0.56810092926], "var": [0.0123765338212, 0.00697497790679, 0.00474297208712, 0.00466731889173, 0.00297785643488, 0.00215225340798], "mean": [-0.598164081573, -0.701416552067, -0.760350227356, -0.765109717846, -0.783638894558, -0.770779550076]}, "melbands_skewness": {"dmean2": 0.997006177902, "median": 1.84701347351, "min": -1.49941313267, "dvar2": 0.954090714455, "dvar": 0.400003552437, "dmean": 0.642044663429, "max": 10.5470619202, "var": 1.33986735344, "mean": 2.0164911747}, "spectral_spread": {"dmean2": 664183.375, "median": 3606207, "min": 1254141.25, "dvar2": 983442718720, "dvar": 482616344576, "dmean": 433622.0625, "max": 42645624, "var": 10037646852100.0, "mean": 4026424.5}, "dissonance": {"dmean2": 0.0386778488755, "median": 0.461093962193, "min": 0.241916775703, "dvar2": 0.00134672492277, "dvar": 0.000524847826455, "dmean": 0.0233014021069, "max": 0.500000059605, "var": 0.00120114977472, "mean": 0.452891767025}, "spectral_skewness": {"dmean2": 0.400488466024, "median": 1.80536437035, "min": -0.167114138603, "dvar2": 0.140289098024, "dvar": 0.060624089092, "dmean": 0.255753159523, "max": 6.29244613647, "var": 0.305208235979, "mean": 1.84702813625}, "spectral_flux": {"dmean2": 0.0338639579713, "median": 0.0778193250299, "min": 6.44535605443e-11, "dvar2": 0.00103630300146, "dvar": 0.000422575336415, "dmean": 0.0212057903409, "max": 0.270894855261, "var": 0.00170024367981, "mean": 0.0803193002939}, "spectral_contrast_valleys": {"dmean2": [0.705734074116, 0.589736819267, 0.520422160625, 0.47023588419, 0.407122313976, 0.415265500546], "median": [-7.82989358902, -6.58913040161, -7.25962257385, -7.71706962585, -7.78201007843, -10.6049537659], "min": [-28.0797405243, -28.1005897522, -27.6978759766, -27.6636714935, -27.5168056488, -27.4242572784], "dvar2": [0.332499176264, 0.241066738963, 0.199619859457, 0.178303897381, 0.167431563139, 0.223825678229], "dvar": [0.149701416492, 0.104853153229, 0.0922952592373, 0.0938861370087, 0.103808254004, 0.127198204398], "dmean": [0.440746873617, 0.366898775101, 0.327844917774, 0.305743962526, 0.292851805687, 0.313481867313], "max": [-5.52518510818, -4.79914999008, -5.2626080513, -5.58230638504, -5.60052347183, -8.11221790314], "var": [3.93725132942, 3.73369956017, 3.56008672714, 3.64642500877, 3.66577863693, 3.00837373734], "mean": [-8.08238601685, -6.87610912323, -7.55612897873, -8.00387477875, -8.07277870178, -10.8232269287]}, "erbbands_flatness_db": {"dmean2": 0.0284584034234, "median": 0.180971324444, "min": 0.0496569126844, "dvar2": 0.000647203414701, "dvar": 0.000305331341224, "dmean": 0.0192338246852, "max": 0.352544754744, "var": 0.00157994544134, "mean": 0.181671231985}, "spectral_energyband_high": {"dmean2": 0.000292826443911, "median": 0.000119758871733, "min": 7.29350510806e-21, "dvar2": 6.30586328043e-07, "dvar": 2.88083043642e-07, "dmean": 0.000198018620722, "max": 0.0149435587227, "var": 6.46078376576e-07, "mean": 0.000368428911315}, "spectral_entropy": {"dmean2": 0.262150764465, "median": 7.37248802185, "min": 5.09252882004, "dvar2": 0.0621104836464, "dvar": 0.0322452187538, "dmean": 0.179378554225, "max": 9.81711006165, "var": 0.211828440428, "mean": 7.36777973175}, "silence_rate_20dB": {"dmean2": 0, "median": 1, "min": 1, "dvar2": 0, "dvar": 0, "dmean": 0, "max": 1, "var": 0, "mean": 1}, "melbands_flatness_db": {"dmean2": 0.0389952026308, "median": 0.205039173365, "min": 0.00389043823816, "dvar2": 0.00133675395045, "dvar": 0.000681295758113, "dmean": 0.0265329964459, "max": 0.529326856136, "var": 0.00409290054813, "mean": 0.208636254072}, "barkbands": {"dmean2": [0.00010864037904, 0.00202365848236, 0.000986501807347, 0.000896535639185, 0.00331492722034, 0.00267289625481, 0.00270494259894, 0.00103486608714, 0.00139426765963, 0.000791668368038, 0.000482795323478, 0.000923841376789, 0.000990363652818, 0.000681097677443, 0.000730025756638, 0.000554361147806, 0.000335088552674, 0.000240853842115, 0.000203121002414, 0.000138220086228, 9.8544282082e-05, 7.55785076763e-05, 6.77322314004e-05, 3.36058728863e-05, 2.16725420614e-05, 1.1198428183e-05, 2.31448302657e-06], "median": [1.90541686607e-05, 0.000272085802862, 0.000329692440573, 0.000330253387801, 0.00168913253583, 0.00100808637217, 0.000955901341513, 0.000273341196589, 0.000507005373947, 0.000291154836304, 0.000136182396091, 0.000206734111998, 0.000217710025026, 0.000174788990989, 9.66291263467e-05, 9.62679478107e-05, 0.000110877430416, 9.57330921665e-05, 9.07240464585e-05, 4.37469898316e-05, 1.8565566279e-05, 2.24413997785e-05, 2.18050590775e-05, 8.5762294475e-06, 6.0247671172e-06, 2.21032473746e-06, 1.51456305275e-07], "min": [3.56745926219e-25, 1.41593649676e-24, 2.40118945193e-24, 9.63921367434e-25, 1.26690493399e-23, 8.16702094263e-24, 4.9947154199e-24, 4.15753560094e-24, 9.29002755008e-24, 1.22118957678e-23, 2.02156887674e-23, 2.91464035858e-23, 3.09799151225e-23, 4.42699242125e-23, 4.3472262775e-23, 6.98273798664e-23, 5.96312580031e-23, 5.18828074456e-23, 1.32539411073e-22, 1.70728382064e-22, 2.51490623633e-22, 2.95049276143e-22, 4.2668701289e-22, 5.8488288166e-22, 9.35715049389e-22, 1.29154296594e-21, 1.99480097713e-21], "dvar2": [5.40435856067e-08, 2.06203731068e-05, 3.65354981113e-06, 2.13207044908e-06, 3.33435164066e-05, 2.31724443438e-05, 2.02940809686e-05, 4.53105167253e-06, 8.68196548254e-06, 2.5752642614e-06, 1.79720711913e-06, 6.02895761403e-06, 6.65887591822e-06, 2.89711942969e-06, 4.51821824754e-06, 1.87212845049e-06, 4.02196548066e-07, 1.98024281417e-07, 1.37032003522e-07, 1.33296808258e-07, 8.1849393041e-08, 5.95653730784e-08, 4.94050134137e-08, 8.44277536771e-09, 2.50370768562e-09, 1.20918586255e-09, 1.20939272485e-10], "dvar": [2.37967743288e-08, 7.42428528611e-06, 1.42184615015e-06, 8.79778326635e-07, 1.3785603187e-05, 1.10795135697e-05, 8.78679566085e-06, 1.99483451979e-06, 3.85753719456e-06, 1.16988542231e-06, 7.4328613664e-07, 2.37084350374e-06, 2.76763489637e-06, 1.20557456285e-06, 1.80055531018e-06, 7.91337413375e-07, 1.90736415107e-07, 9.32261983166e-08, 6.6647523056e-08, 5.22320782181e-08, 3.44704496058e-08, 2.69408921838e-08, 2.15042472718e-08, 3.90707954878e-09, 1.17588327964e-09, 6.10906658594e-10, 6.4586218318e-11], "dmean": [6.91385284881e-05, 0.00121978495736, 0.000622347695753, 0.000563683861401, 0.00206598453224, 0.00173683522735, 0.00172506563831, 0.000655883399304, 0.000911194190849, 0.00050726858899, 0.000297024438623, 0.000570757663809, 0.000615569995716, 0.000421039148932, 0.000459712086013, 0.00035450127325, 0.000215133506572, 0.00016035050794, 0.000133684821776, 8.65497640916e-05, 6.20487844571e-05, 4.98742119817e-05, 4.36765840277e-05, 2.19292232941e-05, 1.44864625327e-05, 7.8299190136e-06, 1.65623077919e-06], "max": [0.00381831615232, 0.0422205217183, 0.0190452672541, 0.0146919535473, 0.0673023015261, 0.0640478357673, 0.0584688819945, 0.0235030427575, 0.0601930916309, 0.0284995250404, 0.0245335493237, 0.0340425334871, 0.0617606677115, 0.0301557462662, 0.0310848206282, 0.0176631789654, 0.0142343575135, 0.00591861503199, 0.00696881348267, 0.00401257025078, 0.0084082102403, 0.00708202645183, 0.00540856970474, 0.00251655792817, 0.000861177570187, 0.000542432593647, 0.000209263642319], "var": [3.18004040878e-08, 1.44873229146e-05, 2.56620705841e-06, 1.67127052464e-06, 2.31957037613e-05, 2.51259425568e-05, 1.9466438971e-05, 4.20027981818e-06, 1.21136581583e-05, 2.67241284746e-06, 1.02250328382e-06, 3.66253243556e-06, 6.50134325042e-06, 2.68804365078e-06, 4.19711068389e-06, 1.42742442222e-06, 4.03421353212e-07, 2.22859753762e-07, 2.01599746674e-07, 8.27161912298e-08, 5.53774270884e-08, 6.26590548336e-08, 3.82970917201e-08, 7.30535232307e-09, 2.93275870256e-09, 1.20683607552e-09, 9.7922843445e-11], "mean": [8.02868089522e-05, 0.00197353772819, 0.0009119118331, 0.000829232682008, 0.00344547908753, 0.00275626615621, 0.00271335290745, 0.000957083131652, 0.00156392157078, 0.000810308381915, 0.000393788010115, 0.000766156008467, 0.000944903469644, 0.000625192245934, 0.000729249790311, 0.000529184704646, 0.000360690319212, 0.000274869264103, 0.000238008215092, 0.000135090303957, 8.90059745871e-05, 7.96400199761e-05, 6.97213836247e-05, 3.4