{"tonal": {"thpcp": [1, 0.516225397587, 0.309403061867, 0.325735121965, 0.358751118183, 0.320521742105, 0.224208310246, 0.161539629102, 0.125465884805, 0.110711023211, 0.11035490036, 0.105145283043, 0.138241633773, 0.401992857456, 0.834011495113, 0.680436789989, 0.215932503343, 0.110264860094, 0.0996735915542, 0.0868866592646, 0.0787967443466, 0.0686637535691, 0.0729772299528, 0.140832409263, 0.177508175373, 0.115923754871, 0.0704288110137, 0.0698585361242, 0.474305003881, 0.857450187206, 0.461299359798, 0.092217862606, 0.095774486661, 0.106351129711, 0.30139157176, 0.877764344215], "hpcp": {"dmean2": [0.314978480339, 0.219561457634, 0.170848354697, 0.126313760877, 0.101823091507, 0.106389530003, 0.108832389116, 0.153026089072, 0.291468918324, 0.317454814911, 0.290079474449, 0.178759843111, 0.111293680966, 0.0970968231559, 0.0779882073402, 0.0665976703167, 0.061470400542, 0.067840591073, 0.0972716286778, 0.110155344009, 0.0800056308508, 0.0677634105086, 0.0677592232823, 0.39577499032, 0.715228259563, 0.383549362421, 0.0929512605071, 0.0937814116478, 0.0969988405704, 0.203483775258, 0.424720287323, 0.526321232319, 0.403598159552, 0.328754544258, 0.349703937769, 0.367336779833], "median": [0.00312539096922, 0.00253004021943, 0.00193253241014, 0.00265098968521, 0.00300194416195, 0.00236677005887, 0.00204063719139, 0.0021404940635, 0.0144092012197, 0.0390152037144, 0.0352392755449, 0.0100232996047, 0.00285388017073, 0.00257757399231, 0.00384506536648, 0.00490277074277, 0.00441241730005, 0.00446005631238, 0.0130696948618, 0.0156625006348, 0.00718868151307, 0.0015362049453, 0.00146262184717, 0.00926921796054, 0.00956299714744, 0.00746303237975, 0.00105914124288, 0.00133522157557, 0.00312420120463, 0.0343648977578, 0.134721115232, 0.130808591843, 0.0384548529983, 0.00217874208465, 0.00215888535604, 0.0027045966126], "min": [3.95624874727e-06, 5.56518398298e-06, 3.61902084478e-06, 3.57060912393e-06, 4.58302929474e-06, 6.95573726262e-06, 5.80003643336e-06, 5.71976488573e-06, 4.85286318508e-06, 4.27301756645e-06, 2.65142352873e-06, 3.27700672642e-06, 6.25505163043e-06, 2.37084441324e-06, 5.94189077674e-06, 5.27411566509e-06, 5.15259625899e-06, 1.18706248031e-05, 1.35795380629e-05, 2.85288842861e-06, 8.40155371407e-06, 2.46025365414e-06, 3.75319950763e-06, 2.98931195175e-06, 1.73105081558e-06, 2.73529030892e-06, 2.64201162281e-06, 3.35278787134e-06, 1.85922135643e-06, 6.60217074255e-06, 2.08001097235e-06, 4.79004756926e-06, 1.06297165985e-05, 3.63874232789e-06, 2.99116777569e-06, 5.40516566616e-06], "dvar2": [0.239873990417, 0.16423638165, 0.131347179413, 0.0989377349615, 0.0702691376209, 0.0764337107539, 0.0747710242867, 0.0998831391335, 0.161822989583, 0.159403160214, 0.135479971766, 0.0969414263964, 0.0760507211089, 0.0631864517927, 0.0459423325956, 0.0328293070197, 0.0255372542888, 0.0303419660777, 0.0420727990568, 0.0508632361889, 0.0365044139326, 0.0343217141926, 0.0349835678935, 0.1326046139, 0.439615190029, 0.129893153906, 0.0657951682806, 0.0660674124956, 0.0530796870589, 0.0888905897737, 0.185133099556, 0.256726294756, 0.229923292994, 0.251187950373, 0.262394636869, 0.28145134449], "dvar": [0.0886151120067, 0.0591054111719, 0.0463053397834, 0.0350488722324, 0.024901939556, 0.0271650683135, 0.0259813200682, 0.0347668305039, 0.0580303072929, 0.0740181207657, 0.0638469830155, 0.0339069291949, 0.0263037327677, 0.0221108645201, 0.0160763040185, 0.0114102773368, 0.00899119395763, 0.0106516610831, 0.0145628256723, 0.0182297900319, 0.0137726590037, 0.0123342927545, 0.0126442518085, 0.0548134557903, 0.185324504972, 0.0529197119176, 0.0231770481914, 0.0235538184643, 0.0189677979797, 0.0320959836245, 0.0758020430803, 0.11189622432, 0.0841766223311, 0.0894003435969, 0.0953398048878, 0.101729765534], "dmean": [0.164597079158, 0.115775682032, 0.088562130928, 0.0660466104746, 0.0546623431146, 0.0562171339989, 0.0570179633796, 0.0789703801274, 0.160564720631, 0.184853672981, 0.171980574727, 0.0979721322656, 0.0586995482445, 0.0514049567282, 0.0416850149632, 0.0357832238078, 0.0327530838549, 0.0360048487782, 0.0532818473876, 0.061299752444, 0.0446280092001, 0.0363000370562, 0.0361585281789, 0.202842488885, 0.364374548197, 0.197512492537, 0.0491078346968, 0.0500269047916, 0.0523942746222, 0.114820703864, 0.243981853127, 0.292214125395, 0.221991822124, 0.171163275838, 0.180659428239, 0.190946236253], "max": [1, 1, 1, 1, 1, 1, 1, 1, 1, 1, 1, 1, 1, 1, 1, 1, 1, 1, 1, 1, 1, 1, 1, 1, 1, 1, 1, 1, 1, 1, 1, 1, 1, 1, 1, 1], "var": [0.0640427321196, 0.0401152558625, 0.0289602652192, 0.0219959914684, 0.0162528902292, 0.017525209114, 0.0154293216765, 0.0203989706933, 0.0499202236533, 0.135545223951, 0.104677312076, 0.0244472641498, 0.0152276894078, 0.0127878077328, 0.0095981080085, 0.00697093689814, 0.00538585707545, 0.00626688683406, 0.00996810570359, 0.0151943219826, 0.0107875419781, 0.00776906590909, 0.00795930158347, 0.0505570732057, 0.173465773463, 0.0487360171974, 0.013807091862, 0.0144747300074, 0.0123032471165, 0.026131818071, 0.104527667165, 0.139494985342, 0.0685734972358, 0.060361944139, 0.0639688670635, 0.0716333016753], "mean": [0.104075409472, 0.072801835835, 0.0524529218674, 0.0407395549119, 0.0359485596418, 0.0358329229057, 0.0341413281858, 0.0448879189789, 0.1305295825, 0.270808726549, 0.22094206512, 0.0701146274805, 0.0358036868274, 0.0323646366596, 0.0282126385719, 0.0255857929587, 0.0222955476493, 0.0236961618066, 0.0457291603088, 0.0576380118728, 0.0376411639154, 0.0228686723858, 0.0226835012436, 0.154009789228, 0.278419405222, 0.149786770344, 0.0299437139183, 0.0310985725373, 0.0345328748226, 0.0978637188673, 0.285015553236, 0.324706226587, 0.167621597648, 0.100465103984, 0.105768226087, 0.116488724947]}, "tuning_equal_tempered_deviation": 0.105864353478, "chords_changes_rate": 0.0102790016681, "key_key": "F", "tuning_diatonic_strength": 0.648443877697, "key_scale": "minor", "chords_number_rate": 0.0012236906914, "tuning_frequency": 434.193115234, "tuning_nontempered_energy_ratio": 0.809002399445, "chords_histogram": [0.0244738124311, 0, 67.8169326782, 0, 1.81106221676, 0, 0.0489476248622, 1.10132157803, 0, 0.416054815054, 0, 5.2373957634, 0, 0, 0.293685764074, 0, 0, 0, 0, 0, 0, 0, 0.807635843754, 22.4424858093], "key_strength": 0.724010527134, "chords_key": "C", "chords_strength": {"dmean2": 0.00975970644504, "median": 0.561968684196, "min": 0.229777395725, "dvar2": 7.89782934589e-05, "dvar": 4.98736517329e-05, "dmean": 0.00818601250648, "max": 0.799971699715, "var": 0.0108812917024, "mean": 0.568855583668}, "chords_scale": "minor", "hpcp_entropy": {"dmean2": 1.19441735744, "median": 2.19061374664, "min": 0.0613867603242, "dvar2": 0.868371069431, "dvar": 0.322750926018, "dmean": 0.719770610332, "max": 4.35653448105, "var": 0.55132830143, "mean": 2.22933578491}}, "metadata": {"audio_properties": {"equal_loudness": 0, "codec": "flac", "downmix": "mix", "sample_rate": 44100, "analysis_sample_rate": 44100, "bit_rate": 0, "md5_encoded": "82f2c7e4b83298402b6af04b47d24a45", "length": 189.706665039, "replay_gain": -10.973482132, "lossless": true}, "version": {"essentia_build_sha": "70f2e5ece6736b2c40cc944ad0e695b16b925413", "essentia": "2.1-beta2", "extractor": "music 1.0", "essentia_git_sha": "v2.1_beta2"}, "tags": {"title": ["Carlita"], "barcode": ["5060156657188"], "media": ["CD"], "albumartist": ["John Digweed"], "tracktotal": ["15"], "language": ["eng"], "releasetype": ["album", "compilation", "dj-mix"], "musicbrainz_recordingid": ["149580c2-ad9c-4704-b159-f53bbc3dc7ca"], "musicbrainz_releasegroupid": ["7b1705c6-4cd0-46fa-a0c0-c87e329b2791"], "musicbrainz_albumartistid": ["68cac857-3147-43d0-879e-c63dc9c82014"], "acoustid_fingerprint": ["AQAAAA"], "discnumber": ["2"], "album": ["Live in C\u00f3rdoba"], "catalognumber": ["BEDCORBCD1"], "releasecountry": ["GB"], "compilation": ["0"], "originaldate": ["2012-04-30"], "albumartistsort": ["Digweed, John"], "date": ["2012-04-30"], "file_name": "02.08. Alljacks - Carlita.flac", "disctotal": ["3"], "releasestatus": ["official"], "musicbrainz_artistid": ["b2be72f9-6409-406e-8823-266009c1962d"], "asin": ["B007NYYYO4"], "musicbrainz_albumid": ["a418074b-384e-4071-bfab-118dfeb4694d"], "musicbrainz_releasetrackid": ["7c9d4c61-f03a-330a-86c9-f1ceb3be5e1c"], "artist": ["Alljacks"], "tracknumber": ["8"], "artistsort": ["Alljacks"], "bpm": ["123"], "label": ["Bedrock Records"], "totaltracks": ["15"], "totaldiscs": ["3"], "script": ["Latn"], "acoustid_id": ["6c06c03b-799f-4040-a9b6-30066dd79232"]}}, "rhythm": {"bpm_histogram_first_peak_bpm": {"dmean2": 0, "median": 123, "min": 123, "dvar2": 0, "dvar": 0, "dmean": 0, "max": 123, "var": 0, "mean": 123}, "bpm": 123.900604248, "bpm_histogram_second_peak_spread": {"dmean2": 0, "median": 0.600000023842, "min": 0.600000023842, "dvar2": 0, "dvar": 0, "dmean": 0, "max": 0.600000023842, "var": 0, "mean": 0.600000023842}, "bpm_histogram_first_peak_weight": {"dmean2": 0, "median": 0.655526995659, "min": 0.655526995659, "dvar2": 0, "dvar": 0, "dmean": 0, "max": 0.655526995659, "var": 0, "mean": 0.655526995659}, "onset_rate": 4.39598321915, "beats_position": [0.417959183455, 0.847528338432, 1.30031740665, 1.77632653713, 2.2523355484, 2.73995471001, 3.22757363319, 3.7151927948, 4.20281171799, 4.69043064117, 5.16644001007, 5.64244890213, 6.13006782532, 6.6176867485, 7.10530614853, 7.59292507172, 8.08054447174, 8.55655288696, 9.03256225586, 9.52018165588, 10.0078001022, 10.4954195023, 10.9830379486, 11.4590473175, 11.9350566864, 12.4226751328, 12.9102945328, 13.3979139328, 13.8855323792, 14.3731517792, 14.8839902878, 15.4064397812, 15.9288883209, 16.4629478455, 16.99700737, 17.5078449249, 17.995464325, 18.483083725, 18.970703125, 19.4467124939, 19.9227199554, 20.4103393555, 20.8979587555, 21.3855781555, 21.8731975555, 22.3492050171, 22.825214386, 23.312833786, 23.800453186, 24.2880725861, 24.7756919861, 25.2633094788, 25.7393188477, 26.2153282166, 26.7029476166, 27.1905670166, 27.6781845093, 28.1658039093, 28.6418132782, 29.1178226471, 29.6054420471, 30.0930614471, 30.5806789398, 31.0682983398, 31.5443077087, 32.0319252014, 32.5079345703, 32.9955558777, 33.4831733704, 33.9707946777, 34.4584121704, 34.9344215393, 35.4104309082, 35.8980484009, 36.3856697083, 36.8732872009, 37.3609046936, 37.8369140625, 38.3129234314, 38.8005447388, 39.2881622314, 39.7757797241, 40.2634010315, 40.7510185242, 41.2270278931, 41.703037262, 42.1906585693, 42.678276062, 43.1658935547, 43.6535148621, 44.129524231, 44.6055335999, 45.0931510925, 45.5807685852, 46.0683898926, 46.5560073853, 47.0436286926, 47.5196380615, 47.9956436157, 48.4832649231, 48.9708824158, 49.4585037231, 49.9461212158, 50.4221305847, 50.8981399536, 51.3857574463, 51.8733787537, 52.3609962463, 52.8486175537, 53.3246231079, 53.8006324768, 54.2882537842, 54.7758712769, 55.2634925842, 55.7511100769, 56.2387275696, 56.7147369385, 57.1907463074, 57.6783676147, 58.1659851074, 58.6536026001, 59.1412239075, 59.6172332764, 60.0932426453, 60.5808601379, 61.0684814453, 61.556098938, 62.0437164307, 62.531337738, 63.0073471069, 63.4833564758, 63.9709739685, 64.4585952759, 64.9462127686, 65.4338302612, 65.9098434448, 66.385848999, 66.8734664917, 67.3610839844, 67.8487091064, 68.3363265991, 68.8239440918, 69.299949646, 69.7759628296, 70.2635803223, 70.7511978149, 71.238822937, 71.7264404297, 72.2140579224, 72.6900634766, 73.1660766602, 73.6536941528, 74.1413116455, 74.6405410767, 75.1397705078, 75.6506118774, 76.1730575562, 76.6955108643, 77.217956543, 77.7404098511, 78.2396392822, 78.738861084, 79.2264862061, 79.7024917603, 80.1785049438, 80.6661224365, 81.1537399292, 81.6413574219, 82.1289749146, 82.6166000366, 83.0926055908, 83.5686187744, 84.0562362671, 84.5438537598, 85.0314712524, 85.5190887451, 85.9951019287, 86.4711074829, 86.9587249756, 87.4463500977, 87.9339675903, 88.421585083, 88.8975982666, 89.3736038208, 89.8612213135, 90.3488388062, 90.8364639282, 91.3240814209, 91.8116989136, 92.2877044678, 92.7637176514, 93.251335144, 93.7389526367, 94.2265777588, 94.7141952515, 95.1902008057, 95.6662139893, 96.1538314819, 96.6414489746, 97.1290664673, 97.61668396, 98.0926971436, 98.5687026978, 99.0563278198, 99.5439453125, 100.031562805, 100.519180298, 101.006797791, 101.482810974, 101.958816528, 102.44644165, 102.934059143, 103.421676636, 103.909294128, 104.385307312, 104.861312866, 105.348930359, 105.836547852, 106.324172974, 106.811790466, 107.299407959, 107.775421143, 108.251426697, 108.739044189, 109.226661682, 109.714286804, 110.201904297, 110.677909851, 111.153923035, 111.641540527, 112.12915802, 112.616775513, 113.104400635, 113.580406189, 114.056411743, 114.544036865, 115.031654358, 115.519271851, 116.006889343, 116.494506836, 116.97052002, 117.446525574, 117.934150696, 118.421768188, 118.909385681, 119.397003174, 119.873016357, 120.349021912, 120.836639404, 121.324264526, 121.811882019, 122.299499512, 122.787117004, 123.263130188, 123.739135742, 124.226753235, 124.714370728, 125.20199585, 125.689613342, 126.165618896, 126.64163208, 127.129249573, 127.616867065, 128.104492188, 128.592102051, 129.079727173, 129.555740356, 130.031738281, 130.519363403, 131.006988525, 131.494598389, 131.982223511, 132.458221436, 132.934234619, 133.421859741, 133.909469604, 134.397094727, 134.884719849, 135.372329712, 135.848342896, 136.324356079, 136.811965942, 137.299591064, 137.787200928, 138.27482605, 138.762451172, 139.273284912, 139.807342529, 140.341400146, 140.887069702, 141.397918701, 141.897140503, 142.384765625, 142.872375488, 143.348388672, 143.824401855, 144.312011719, 144.799636841, 145.287246704, 145.774871826, 146.262496948, 146.738494873, 147.214508057, 147.702133179, 148.189743042, 148.677368164, 149.164993286, 149.640991211, 150.117004395, 150.604629517, 151.09223938, 151.579864502, 152.067474365, 152.543487549, 153.019500732, 153.507110596, 153.994735718, 154.48236084, 154.969970703, 155.457595825, 155.933609009, 156.409606934, 156.897232056, 157.384857178, 157.872467041, 158.360092163, 158.824493408, 159.312103271, 159.799728394, 160.287338257, 160.774963379, 161.262588501, 161.738586426, 162.214599609, 162.702224731, 163.189834595, 163.677459717, 164.16506958, 164.652694702, 165.128707886, 165.604721069, 166.092330933, 166.579956055, 167.067565918, 167.55519104, 168.031204224, 168.507202148, 168.994827271, 169.482452393, 169.970062256, 170.457687378, 170.945297241, 171.421310425, 171.897323608, 172.384933472, 172.872558594, 173.360183716, 173.847793579, 174.323806763, 174.799819946, 175.28742981, 175.775054932, 176.262680054, 176.750289917, 177.237915039, 177.713912964, 178.189926147, 178.67755127, 179.165161133, 179.652786255, 180.140411377, 180.616409302, 181.092422485, 181.580047607, 182.067657471, 182.555282593, 183.042892456, 183.530517578, 184.006530762, 184.482528687, 184.970153809, 185.457778931, 185.945388794, 186.433013916, 186.9090271, 187.385025024, 187.872650146, 188.360275269, 188.847885132, 189.335510254], "beats_loudness": {"dmean2": 0.0737397298217, "median": 0.137900546193, "min": 0.0190206188709, "dvar2": 0.00822214502841, "dvar": 0.00260284869, "dmean": 0.0407437086105, "max": 0.388922840357, "var": 0.00657452363521, "mean": 0.14103500545}, "danceability": 2.45755028725, "bpm_histogram_second_peak_weight": {"dmean2": 0, "median": 0.0154241649434, "min": 0.0154241649434, "dvar2": 0, "dvar": 0, "dmean": 0, "max": 0.0154241649434, "var": 0, "mean": 0.0154241649434}, "beats_count": 390, "bpm_histogram_second_peak_bpm": {"dmean2": 0, "median": 115, "min": 115, "dvar2": 0, "dvar": 0, "dmean": 0, "max": 115, "var": 0, "mean": 115}, "bpm_histogram_first_peak_spread": {"dmean2": 0, "median": 0.310810804367, "min": 0.310810804367, "dvar2": 0, "dvar": 0, "dmean": 0, "max": 0.310810804367, "var": 0, "mean": 0.310810804367}, "beats_loudness_band_ratio": {"dmean2": [0.125054523349, 0.0481931641698, 0.0249138362706, 0.0127534586936, 0.0103755202144, 0.0805817916989], "median": [0.95941478014, 0.020465651527, 0.00609340425581, 0.0054666288197, 0.00176024308894, 0.00817657075822], "min": [0.210801869631, 0.0019143918762, 0.000302728207316, 8.98706057342e-05, 4.76463101222e-05, 0.000270917080343], "dvar2": [0.0271953996271, 0.00382052152418, 0.00111010717228, 0.000511271122377, 0.000777019653469, 0.0152766713873], "dvar": [0.00945758260787, 0.00188901787624, 0.000568010786083, 0.000181851937668, 0.000259784777882, 0.00577278668061], "dmean": [0.0723676234484, 0.0342264696956, 0.0165848117322, 0.00739938672632, 0.00568469101563, 0.0477349683642], "max": [0.996501028538, 0.384783089161, 0.206322550774, 0.141487911344, 0.230258271098, 0.631279826164], "var": [0.0493224225938, 0.00591930747032, 0.00117786449846, 0.00019609121955, 0.000230526638916, 0.0260005835444], "mean": [0.802681326866, 0.0606542676687, 0.0223610531539, 0.00920300465077, 0.00857103988528, 0.126469567418]}}, "lowlevel": {"barkbands_spread": {"dmean2": 16.4912929535, "median": 8.65118312836, "min": 0.241800308228, "dvar2": 491.316497803, "dvar": 254.283828735, "dmean": 10.9818925858, "max": 103.455245972, "var": 570.273132324, "mean": 19.599609375}, "melbands_spread": {"dmean2": 11.8201704025, "median": 5.32237434387, "min": 0.0986339896917, "dvar2": 406.139251709, "dvar": 182.504760742, "dmean": 7.67203474045, "max": 163.351699829, "var": 277.872344971, "mean": 11.2661457062}, "hfc": {"dmean2": 30.1012153625, "median": 15.0041599274, "min": 0.343331545591, "dvar2": 3150.18847656, "dvar": 1417.91601562, "dmean": 21.2697734833, "max": 319.162353516, "var": 1950.10083008, "mean": 31.7790756226}, "barkbands_kurtosis": {"dmean2": 73.0920791626, "median": 18.4309482574, "min": -1.90438354015, "dvar2": 22851.2050781, "dvar": 9828.61230469, "dmean": 46.7045669556, "max": 1188.51574707, "var": 15031.7353516, "mean": 61.7240142822}, "gfcc": {"mean": [0.517498791218, 71.1171569824, -45.9360046387, 47.5434188843, -48.0450820923, 34.2742195129, -35.5339050293, -4.35025024414, -11.9730300903, 9.83653736115, -2.83130931854, 1.28491711617, -7.66010808945], "icov": [[0.000432949775131, 0.000369246205082, 0.000128070241772, 5.5090051319e-05, -5.64703805139e-05, 0.000206477241591, 8.49625139381e-05, -4.97962719237e-05, 0.000821574532893, -0.000284946843749, 4.25026200901e-06, 4.41673591922e-06, -3.05905123241e-05], [0.000369246205082, 0.00177261675708, -0.000117321600555, 0.0012905660551, -0.000553072313778, 8.35227401694e-05, 0.000850129814353, 0.000981077551842, 8.00216221251e-05, 0.000793871528003, -0.0020404770039, 0.00202617468312, -0.00121363333892], [0.000128070241772, -0.000117321600555, 0.00231766770594, -0.000483494193759, -0.000836927036289, 0.000395805283915, -0.00057710026158, -0.000244736496825, -0.00092109607067, -0.000627027940936, 6.82452446199e-05, -0.00112239504233, 0.00183403550182], [5.5090051319e-05, 0.0012905660551, -0.000483494193759, 0.00547850364819, 0.00108303921297, -0.00201869336888, 0.0011515696533, -0.00218550045975, 0.0011235823622, -0.000585934554692, -0.00149514095392, 0.00473857065663, -0.00311170145869], [-5.64703805139e-05, -0.000553072313778, -0.000836927036289, 0.00108303921297, 0.00542473699898, -0.00151263584848, -0.00437365518883, 0.00275611178949, -0.00179834000301, -0.000507984135766, 0.0035744048655, -0.00279519264586, 0.00139149231836], [0.000206477241591, 8.35227401694e-05, 0.000395805283915, -0.00201869336888, -0.00151263584848, 0.00688723381609, 0.00056663074065, -0.000240869369009, 0.00111398973968, 0.0010776151903, -0.00386958313175, 0.00413136044517, -0.00288595142774], [8.49625139381e-05, 0.000850129814353, -0.00057710026158, 0.0011515696533, -0.00437365518883, 0.00056663074065, 0.0109627908096, -0.00622980250046, 0.000590332958382, 0.00144172692671, -0.00267102220096, 0.00215625623241, -0.00443037459627], [-4.97962719237e-05, 0.000981077551842, -0.000244736496825, -0.00218550045975, 0.00275611178949, -0.000240869369009, -0.00622980250046, 0.0154905160889, -0.00797142181545, 0.00400088401511, 0.00242966646329, -0.00662747677416, 0.00355413556099], [0.000821574532893, 8.00216221251e-05, -0.00092109607067, 0.0011235823622, -0.00179834000301, 0.00111398973968, 0.000590332958382, -0.00797142181545, 0.0201953481883, -0.00670542707667, -0.00411078846082, 0.00678749801591, -0.00802970118821], [-0.000284946843749, 0.000793871528003, -0.000627027940936, -0.000585934554692, -0.000507984135766, 0.0010776151903, 0.00144172692671, 0.00400088401511, -0.00670542707667, 0.0171103775501, -0.00726222340018, -0.0029680300504, 0.000386700121453], [4.25026200901e-06, -0.0020404770039, 6.82452446199e-05, -0.00149514095392, 0.0035744048655, -0.00386958313175, -0.00267102220096, 0.00242966646329, -0.00411078846082, -0.00726222340018, 0.0204151310027, -0.0123760765418, 0.0030906770844], [4.41673591922e-06, 0.00202617468312, -0.00112239504233, 0.00473857065663, -0.00279519264586, 0.00413136044517, 0.00215625623241, -0.00662747677416, 0.00678749801591, -0.0029680300504, -0.0123760765418, 0.0332203619182, -0.0151002248749], [-3.05905123241e-05, -0.00121363333892, 0.00183403550182, -0.00311170145869, 0.00139149231836, -0.00288595142774, -0.00443037459627, 0.00355413556099, -0.00802970118821, 0.000386700121453, 0.0030906770844, -0.0151002248749, 0.0260575804859]], "cov": [[4145.80712891, -1360.7409668, -457.636657715, 281.189727783, -382.678588867, -140.724380493, -165.097702026, 34.4762001038, -305.774902344, -79.2874450684, -196.786712646, -39.6711921692, -113.34072876], [-1360.7409668, 1545.59057617, 123.075088501, -430.744750977, 258.505828857, 4.18177938461, -61.6339378357, -238.346588135, 50.4723167419, 27.8522167206, 109.787002563, -11.0526132584, 14.6901378632], [-457.636657715, 123.075088501, 692.264526367, -99.6354064941, 282.004852295, -45.1297492981, 189.700332642, 77.4873962402, 123.418922424, 66.2001037598, 48.2183036804, 69.3590621948, 17.722902298], [281.189727783, -430.744750977, -99.6354064941, 473.970001221, -241.752105713, 139.438796997, -60.711063385, 83.0232162476, -11.5891199112, -3.72217988968, 6.58920478821, -49.3983688354, 17.6637840271], [-382.678588867, 258.505828857, 282.004852295, -241.752105713, 532.371582031, -23.1176776886, 234.459457397, 9.32734203339, 83.8232955933, 18.7589988708, -6.17874240875, 58.8956832886, 30.8892536163], [-140.724380493, 4.18177938461, -45.1297492981, 139.438796997, -23.1176776886, 237.148910522, -9.65982437134, 3.65373444557, 11.7508926392, 2.14550185204, 41.5647659302, -25.133972168, 29.3101711273], [-165.097702026, -61.6339378357, 189.700332642, -60.711063385, 234.459457397, -9.65982437134, 288.153839111, 126.024040222, 91.7340164185, 12.9862785339, 20.6862926483, 61.7836608887, 55.9722251892], [34.4762001038, -238.346588135, 77.4873962402, 83.0232162476, 9.32734203339, 3.65373444557, 126.024040222, 185.435287476, 70.055519104, -0.364596784115, 7.20581007004, 37.2233886719, 31.7501392365], [-305.774902344, 50.4723167419, 123.418922424, -11.5891199112, 83.8232955933, 11.7508926392, 91.7340164185, 70.055519104, 140.187728882, 61.0855789185, 61.3574180603, 40.210521698, 53.1047935486], [-79.2874450684, 27.8522167206, 66.2001037598, -3.72217988968, 18.7589988708, 2.14550185204, 12.9862785339, -0.364596784115, 61.0855789185, 121.153923035, 77.7370758057, 42.4027137756, 29.9712772369], [-196.786712646, 109.787002563, 48.2183036804, 6.58920478821, -6.17874240875, 41.5647659302, 20.6862926483, 7.20581007004, 61.3574180603, 77.7370758057, 136.835144043, 52.8550872803, 41.8961105347], [-39.6711921692, -11.0526132584, 69.3590621948, -49.3983688354, 58.8956832886, -25.133972168, 61.7836608887, 37.2233886719, 40.210521698, 42.4027137756, 52.8550872803, 86.9477005005, 44.0349884033], [-113.34072876, 14.6901378632, 17.722902298, 17.6637840271, 30.8892536163, 29.3101711273, 55.9722251892, 31.7501392365, 53.1047935486, 29.9712772369, 41.8961105347, 44.0349884033, 83.0405960083]]}, "spectral_energyband_middle_low": {"dmean2": 0.0144131993875, "median": 0.00754248537123, "min": 2.99886032735e-05, "dvar2": 0.000890513940249, "dvar": 0.000314981123665, "dmean": 0.00818240456283, "max": 0.160640120506, "var": 0.000235350962612, "mean": 0.0117371641099}, "melbands_crest": {"dmean2": 7.16966915131, "median": 23.0564212799, "min": 3.04095649719, "dvar2": 44.3088951111, "dvar": 16.9204845428, "dmean": 4.37846374512, "max": 37.4858283997, "var": 59.9366149902, "mean": 22.6138324738}, "spectral_kurtosis": {"dmean2": 1.80434000492, "median": 1.88284921646, "min": -0.869565725327, "dvar2": 5.73394823074, "dvar": 2.94458174706, "dmean": 1.25817978382, "max": 21.9617900848, "var": 12.4125213623, "mean": 3.02786827087}, "spectral_rms": {"dmean2": 0.00341274077073, "median": 0.00752668641508, "min": 0.000603367458098, "dvar2": 1.55409634317e-05, "dvar": 6.22648121862e-06, "dmean": 0.00221404526383, "max": 0.0219560805708, "var": 1.64703324117e-05, "mean": 0.0082812262699}, "zerocrossingrate": {"dmean2": 0.0216751694679, "median": 0.03515625, "min": 0.0009765625, "dvar2": 0.00056840426987, "dvar": 0.000436364411144, "dmean": 0.0182347055525, "max": 0.28466796875, "var": 0.00183851714246, "mean": 0.0490206032991}, "silence_rate_60dB": {"dmean2": 0.0323172956705, "median": 0, "min": 0, "dvar2": 0.0388615727425, "dvar": 0.0158953368664, "dmean": 0.0161566715688, "max": 1, "var": 0.0124468673021, "mean": 0.0126055562869}, "erbbands_kurtosis": {"dmean2": 3.33379459381, "median": -0.0299816131592, "min": -1.91812503338, "dvar2": 27.0004959106, "dvar": 10.42228508, "dmean": 2.08154511452, "max": 66.7323226929, "var": 18.8408508301, "mean": 1.51193535328}, "erbbands": {"dmean2": [2.58236169815, 9.71724033356, 27.0488243103, 24.8862819672, 22.1240158081, 12.7419548035, 18.7964706421, 20.6140003204, 19.8993797302, 7.29998874664, 9.34004211426, 5.72910499573, 7.44957256317, 5.69151592255, 5.24959611893, 9.81092643738, 7.50963449478, 25.3094501495, 8.28358840942, 11.8746242523, 8.12541007996, 5.6205406189, 4.52608776093, 6.8042049408, 12.9640817642, 13.8665084839, 11.7802839279, 17.5737133026, 33.4549255371, 22.0813369751, 20.0360031128, 19.8195285797, 13.170665741, 6.51869869232, 2.12996959686, 0.746796190739, 0.229480102658, 0.0749627128243, 0.0181472226977, 0.00131891726051], "median": [1.11039483547, 3.3191652298, 5.05888080597, 8.56768989563, 5.52132463455, 2.92112851143, 7.48616504669, 13.2935609818, 11.9887218475, 2.00553774834, 1.23040795326, 0.911433815956, 2.0197725296, 1.49069714546, 1.29515731335, 4.60723352432, 2.63736438751, 8.92719650269, 2.77487754822, 2.19462323189, 1.15962874889, 1.00474190712, 0.42760515213, 0.763828754425, 1.52219974995, 1.02439618111, 1.11277925968, 1.8991997242, 2.59393787384, 2.76545071602, 3.54673457146, 2.54541349411, 1.86153364182, 0.808644473553, 0.28072682023, 0.0897338911891, 0.0182591546327, 0.00655507063493, 0.000920385005884, 0.00015601683117], "min": [0.000114821406896, 0.00129328970797, 0.00505034578964, 0.00345670059323, 0.00255796150304, 0.00354357156903, 0.0113629074767, 0.0166934933513, 0.012706999667, 0.0171524714679, 0.021939072758, 0.0251570064574, 0.0162779632956, 0.0159824732691, 0.0175774823874, 0.0217167790979, 0.0183883458376, 0.0291236210614, 0.0285702776164, 0.0312601849437, 0.0247247926891, 0.0199424475431, 0.0200448762625, 0.0241354033351, 0.0235598385334, 0.0166895184666, 0.0149060087278, 0.016718050465, 0.0248921774328, 0.0330877304077, 0.0421514138579, 0.0312525257468, 0.0255726985633, 0.0134672671556, 0.00500528886914, 0.00129785318859, 0.0003765153524, 0.000167009828147, 1.26731019918e-05, 5.15460396855e-06], "dvar2": [22.7421264648, 247.701751709, 3986.86621094, 2728.95239258, 2490.72045898, 841.230407715, 1661.86328125, 1419.02526855, 1110.80883789, 255.683731079, 404.328796387, 174.917648315, 208.918151855, 153.50177002, 117.803367615, 362.464630127, 258.431060791, 1826.12194824, 277.725769043, 612.957275391, 316.153015137, 165.567886353, 91.1347885132, 186.578582764, 867.891113281, 1172.30065918, 672.084838867, 1645.63085938, 6133.96386719, 2674.84887695, 1279.60083008, 2054.5612793, 843.889892578, 225.452774048, 19.5996932983, 3.02682566643, 0.33315512538, 0.0389298945665, 0.00246353424154, 1.2604828953e-05], "dvar": [9.0915594101, 109.463790894, 1527.5390625, 1004.59619141, 858.42388916, 293.415679932, 571.938110352, 539.080810547, 476.805938721, 94.4077453613, 148.411407471, 62.6777458191, 82.108001709, 61.7370414734, 48.6248474121, 135.480819702, 100.262763977, 659.489929199, 113.104187012, 229.265716553, 128.024414062, 69.6307907104, 42.0703353882, 86.0930709839, 343.610961914, 444.747375488, 292.831237793, 708.839294434, 2505.78637695, 1123.13500977, 741.52734375, 881.941467285, 347.420898438, 100.482627869, 9.74421691895, 1.48170125484, 0.143435165286, 0.0145999435335, 0.00093693373492, 4.87279976369e-06], "dmean": [1.632163167, 6.19127845764, 15.9717388153, 14.5088253021, 12.2387428284, 6.96350002289, 10.4166717529, 13.2671146393, 13.5898342133, 4.18869018555, 5.26389837265, 3.24192166328, 4.37737464905, 3.42524409294, 3.17823266983, 5.83878660202, 4.29821443558, 14.6250066757, 4.97642230988, 6.92780637741, 4.83996295929, 3.343978405, 2.81354141235, 4.48753833771, 7.85630464554, 8.23969173431, 7.66418266296, 11.3771495819, 21.6040039062, 15.1448011398, 14.0717792511, 12.9678030014, 8.62732505798, 4.52844142914, 1.47240364552, 0.501844108105, 0.148421555758, 0.0472635999322, 0.0116386553273, 0.000858974759467], "max": [23.7463550568, 78.8076477051, 274.13168335, 361.885223389, 375.221893311, 156.255935669, 329.182342529, 278.603485107, 399.688903809, 146.436447144, 127.757774353, 112.036369324, 105.293556213, 205.307266235, 212.617019653, 375.501556396, 328.595031738, 580.555603027, 365.76184082, 241.687667847, 375.851257324, 339.281555176, 253.426757812, 317.34967041, 552.599304199, 420.323822021, 365.27243042, 228.972503662, 482.802581787, 292.828918457, 264.354949951, 261.752716064, 168.827362061, 113.232154846, 42.6027755737, 21.9321918488, 4.91062402725, 1.43275439739, 0.338551819324, 0.0240162201226], "var": [11.5705690384, 182.937042236, 1168.72021484, 848.584533691, 583.192321777, 182.159835815, 384.613769531, 956.391418457, 1486.31591797, 79.2923355103, 119.731559753, 42.6949806213, 84.2227554321, 64.950088501, 54.6612625122, 185.604507446, 121.884780884, 910.025268555, 114.629859924, 206.114257812, 141.68409729, 83.8719024658, 49.2124900818, 104.065322876, 364.577087402, 395.308654785, 372.815765381, 876.713439941, 2776.51147461, 1473.96276855, 1393.56274414, 1035.05993652, 385.261383057, 135.520751953, 13.7070684433, 1.83546817303, 0.153150752187, 0.0139943482354, 0.000976237584837, 5.39590746484e-06], "mean": [2.26244330406, 8.71063423157, 15.0698194504, 17.3795166016, 13.1226987839, 6.69146203995, 12.3934679031, 25.2506065369, 28.6407909393, 4.64538049698, 4.70333957672, 2.88086462021, 4.86651563644, 3.97149777412, 3.53220701218, 8.51276874542, 5.58314466476, 19.2663516998, 5.7301325798, 6.9667930603, 5.0240240097, 3.69521093369, 2.90713000298, 4.58379983902, 7.77353382111, 7.53582382202, 8.48102664948, 13.1318569183, 22.4342002869, 18.4904842377, 19.1757831573, 14.5346536636, 9.58292007446, 5.46006822586, 1.71107912064, 0.529605686665, 0.154781714082, 0.0524973757565, 0.0130529310554, 0.00103781430516]}, "spectral_strongpeak": {"dmean2": 0.465715438128, "median": 0.520586907864, "min": 0, "dvar2": 0.287886828184, "dvar": 0.110192768276, "dmean": 0.279529094696, "max": 2.99059271812, "var": 0.176189526916, "mean": 0.632003188133}, "spectral_energy": {"dmean2": 0.07494687289, "median": 0.0580672807992, "min": 0.000373153568944, "dvar2": 0.011856649071, "dvar": 0.00434478232637, "dmean": 0.0463531576097, "max": 0.494121223688, "var": 0.00749353598803, "mean": 0.0871749967337}, "average_loudness": 0.959612488747, "spectral_rolloff": {"dmean2": 1348.04333496, "median": 193.798828125, "min": 21.533203125, "dvar2": 6037972, "dvar": 3051711.25, "dmean": 780.855834961, "max": 9969.87304688, "var": 4125735, "mean": 982.989868164}, "spectral_centroid": {"dmean2": 573.84979248, "median": 559.185424805, "min": 104.168647766, "dvar2": 592444.625, "dvar": 315910.75, "dmean": 387.488891602, "max": 4781.06054688, "var": 939581.1875, "mean": 994.165283203}, "pitch_salience": {"dmean2": 0.190626963973, "median": 0.411680579185, "min": 0.0319427549839, "dvar2": 0.0318703725934, "dvar": 0.0132753374055, "dmean": 0.117107726634, "max": 0.86155295372, "var": 0.0319236516953, "mean": 0.404982745647}, "spectral_energyband_middle_high": {"dmean2": 0.0015329674352, "median": 0.000803183531389, "min": 1.05813132905e-05, "dvar2": 5.58911187909e-06, "dvar": 2.32443630921e-06, "dmean": 0.000941496167798, "max": 0.0537298843265, "var": 3.18230763696e-06, "mean": 0.00136721832678}, "spectral_contrast_coeffs": {"dmean2": [0.0938106328249, 0.0905466005206, 0.0679703727365, 0.0606237985194, 0.0395650751889, 0.0258374977857], "median": [-0.674645900726, -0.693745553493, -0.81669318676, -0.792013883591, -0.826317310333, -0.799972653389], "min": [-0.918510377407, -0.929764688015, -0.978147208691, -0.945160627365, -0.910950183868, -0.885668337345], "dvar2": [0.00551426503807, 0.00536944298074, 0.00303353695199, 0.00272277928889, 0.0012542870827, 0.000517699518241], "dvar": [0.00242827599868, 0.00200935429893, 0.00111351790838, 0.0011092342902, 0.000494448468089, 0.000246965879342], "dmean": [0.058940242976, 0.054802455008, 0.0408536419272, 0.0374882146716, 0.023987095803, 0.0170617252588], "max": [-0.321125298738, -0.409138768911, -0.556298851967, -0.573292315006, -0.590168237686, -0.587920665741], "var": [0.00952119287103, 0.00920282490551, 0.00347204227, 0.00467083929107, 0.00166208960582, 0.00104160909541], "mean": [-0.659826040268, -0.687182486057, -0.807071447372, -0.781982243061, -0.819554507732, -0.798975467682]}, "melbands_skewness": {"dmean2": 3.42650508881, "median": 6.14967155457, "min": 0.33934918046, "dvar2": 13.6089658737, "dvar": 6.10921001434, "dmean": 2.26873493195, "max": 34.305015564, "var": 17.0460548401, "mean": 7.2246427536}, "spectral_spread": {"dmean2": 1279229.125, "median": 7632296.5, "min": 2590598.5, "dvar2": 1567802654720.0, "dvar": 820634386432, "dmean": 888444.6875, "max": 12441717, "var": 3312324444160.0, "mean": 7455634.5}, "dissonance": {"dmean2": 0.0345550961792, "median": 0.461495578289, "min": 0.275528281927, "dvar2": 0.00107046891935, "dvar": 0.000410935113905, "dmean": 0.0213681291789, "max": 0.500000059605, "var": 0.00118385907263, "mean": 0.453469783068}, "spectral_skewness": {"dmean2": 0.402879685163, "median": 1.39425945282, "min": -0.120833419263, "dvar2": 0.204140290618, "dvar": 0.114839799702, "dmean": 0.288536399603, "max": 3.95698928833, "var": 0.595950603485, "mean": 1.48455858231}, "spectral_flux": {"dmean2": 0.101330935955, "median": 0.104422338307, "min": 0.0123898722231, "dvar2": 0.0134785054252, "dvar": 0.00560576142743, "dmean": 0.0655838251114, "max": 0.577748119831, "var": 0.0132305407897, "mean": 0.147632732987}, "spectral_contrast_valleys": {"dmean2": [0.726013362408, 0.860247075558, 0.821590542793, 0.757036209106, 0.718932330608, 0.585752665997], "median": [-6.436170578, -7.22409152985, -8.17003059387, -8.54843330383, -8.46870231628, -9.59838485718], "min": [-9.65824317932, -9.21243286133, -9.94950675964, -9.97208213806, -9.93140792847, -11.3704118729], "dvar2": [0.35964435339, 0.616635859013, 0.615918576717, 0.650779306889, 0.650283694267, 0.609097123146], "dvar": [0.146649315953, 0.243622094393, 0.25956428051, 0.287505567074, 0.32256758213, 0.325612455606], "dmean": [0.444962978363, 0.539387464523, 0.530641019344, 0.510918974876, 0.511974871159, 0.479528963566], "max": [-5.08847093582, -4.67224502563, -5.25104570389, -5.36025905609, -5.34149026871, -7.02715444565], "var": [0.460178494453, 0.456681311131, 0.61703312397, 0.608727276325, 0.852749764919, 1.0208568573], "mean": [-6.55444097519, -7.15642118454, -8.00398445129, -8.3374786377, -8.2429189682, -9.45106506348]}, "erbbands_flatness_db": {"dmean2": 0.0310262236744, "median": 0.113750889897, "min": 0.0362664088607, "dvar2": 0.00104008498602, "dvar": 0.00042876007501, "dmean": 0.0197359547019, "max": 0.25143301487, "var": 0.00121338921599, "mean": 0.119302049279}, "spectral_energyband_high": {"dmean2": 0.00318969460204, "median": 0.000552167475689, "min": 1.31756914925e-05, "dvar2": 4.75801389257e-05, "dvar": 2.1422676582e-05, "dmean": 0.00225878716446, "max": 0.037412635982, "var": 2.94597357424e-05, "mean": 0.00272139185108}, "spectral_entropy": {"dmean2": 0.49721583724, "median": 7.48594856262, "min": 5.77342176437, "dvar2": 0.30410861969, "dvar": 0.14013081789, "dmean": 0.329962879419, "max": 8.71915912628, "var": 0.477755367756, "mean": 7.48805427551}, "silence_rate_20dB": {"dmean2": 0.037213858217, "median": 1, "min": 0, "dvar2": 0.0532111413777, "dvar": 0.0182584319264, "dmean": 0.0186046510935, "max": 1, "var": 0.0100548760965, "mean": 0.989842116833}, "melbands_flatness_db": {"dmean2": 0.088949881494, "median": 0.311043798923, "min": 0.0399435870349, "dvar2": 0.00731117743999, "dvar": 0.00360662350431, "dmean": 0.0598901212215, "max": 0.655687630177, "var": 0.012500718236, "mean": 0.319210976362}, "barkbands": {"dmean2": [0.00711561692879, 0.0549968108535, 0.0249421410263, 0.00761633599177, 0.00516027398407, 0.00270158331841, 0.000856418104377, 0.000482217525132, 0.000248038850259, 0.000212133367313, 0.000142113945913, 0.000232746868278, 0.000149522296852, 0.000455610774225, 0.000178760834388, 0.000151756816194, 0.000109337481263, 8.76941121533e-05, 0.000176616915269, 0.000323184503941, 0.000374445167836, 0.000731793232262, 0.000689386914019, 0.000895809556823, 0.000412566965679, 0.000143625060446, 0.000106981562567], "median": [0.00183650234248, 0.0248455051333, 0.00498518440872, 0.00181070668623, 0.00126549194101, 0.00187932746485, 0.000400245422497, 5.86844580539e-05, 4.22211014666e-05, 5.34268801857e-05, 3.12074007525e-05, 0.000111413151899, 2.92154873023e-05, 0.000163870674442, 3.91039793612e-05, 1.5977955627e-05, 1.91628842003e-05, 6.3914153543e-06, 2.65091912297e-05, 1.98821599042e-05, 4.05932332797e-05, 5.65240770811e-05, 0.000120319651614, 0.000124406869872, 5.47435374756e-05, 1.53245819092e-05, 5.0090784498e-06], "min": [2.78117440189e-09, 6.15263616055e-06, 2.62490902969e-06, 4.26900541584e-08, 1.96181031242e-06, 2.18170021071e-06, 5.72239969188e-07, 5.14089947501e-07, 1.03509944438e-06, 4.73354134556e-07, 2.76609029015e-07, 5.08308346525e-07, 3.71947578515e-07, 5.56160273391e-07, 5.02396517277e-07, 3.95433403355e-07, 2.62953733454e-07, 2.70144937531e-07, 4.31010477087e-07, 3.28849182551e-07, 4.35584325942e-07, 8.41641963234e-07, 1.33105663735e-06, 1.68243684584e-06, 1.03566696907e-06, 2.25429133138e-07, 2.23515850273e-09], "dvar2": [0.000182333096745, 0.00784416683018, 0.0031669868622, 0.000324910331983, 0.000124423313537, 2.55549275607e-05, 2.9998991522e-06, 1.06610161765e-06, 2.96302204106e-07, 2.03648696129e-07, 1.07711741748e-07, 2.04439388085e-07, 1.27936743866e-07, 5.63658090869e-07, 1.23762077919e-07, 1.02249963163e-07, 5.95283076166e-08, 3.10598444742e-08, 1.41295856793e-07, 6.83799214585e-07, 6.98165536051e-07, 2.81056077256e-06, 1.76630965143e-06, 4.1595062612e-06, 8.47536057336e-07, 1.14869088463e-07, 8.56692068396e-08], "dvar": [5.86082824157e-05, 0.00331056094728, 0.0011816364713, 0.00011256588914, 4.2967927584e-05, 9.31729300646e-06, 1.15989610094e-06, 3.91836920244e-07, 1.05954455876e-07, 8.16243144186e-08, 4.20466506057e-08, 7.66514816064e-08, 4.99658767694e-08, 2.05617496363e-07, 4.71810395197e-08, 4.00617210516e-08, 2.51576395272e-08, 1.42469698261e-08, 6.41521680222e-08, 2.57890633293e-07, 3.09593048087e-07, 1.14846659471e-06, 9.76247747531e-07, 1.7074586367e-06, 4.06672228337e-07, 5.16429103925e-08, 3.26364641978e-08], "dmean": [0.00413030385971, 0.0344932861626, 0.0143653023988, 0.00414473796263, 0.00284769083373, 0.00169218552765, 0.000549559015781, 0.000273936573649, 0.000140083007864, 0.000126326514874, 8.46172915772e-05, 0.000138977949973, 8.52509256219e-05, 0.000263395253569, 0.000105966842966, 9.05883280211e-05, 6.5130967414e-05, 5.49743781448e-05, 0.000114830087114, 0.000190085542272, 0.00024461132125, 0.000478859175928, 0.0