{"tonal": {"thpcp": [1, 0.443012297153, 0.0954187735915, 0.0896517112851, 0.0853807106614, 0.100237712264, 0.104098543525, 0.0976265594363, 0.511960506439, 0.927020967007, 0.515391051769, 0.0659790113568, 0.0261365287006, 0.0177930817008, 0.035674456507, 0.0408319309354, 0.0201622359455, 0.0175112280995, 0.0411405228078, 0.0680947825313, 0.144666984677, 0.185434162617, 0.140062704682, 0.508786678314, 0.872476935387, 0.45058581233, 0.0365933701396, 0.0233896095306, 0.229708954692, 0.512609004974, 0.358143806458, 0.0759481117129, 0.0229423344135, 0.0178104005754, 0.0571840405464, 0.654821693897], "hpcp": {"dmean2": [0.109649404883, 0.115104660392, 0.240736484528, 0.315616905689, 0.21764460206, 0.0687416046858, 0.0295642763376, 0.0195263531059, 0.024640025571, 0.027382992208, 0.0183349139988, 0.0220497082919, 0.0367628633976, 0.0559923499823, 0.104606613517, 0.120229631662, 0.126021191478, 0.218957409263, 0.224415019155, 0.197666496038, 0.0468133315444, 0.0332326069474, 0.144671574235, 0.358359485865, 0.256138086319, 0.0569370426238, 0.0288066100329, 0.0250292047858, 0.0610737130046, 0.226530864835, 0.270740658045, 0.243101581931, 0.153660923243, 0.14206391573, 0.12621563673, 0.111720912158], "median": [0.0110877370462, 0.0156346857548, 0.248586833477, 0.483138740063, 0.25544077158, 0.0178488697857, 0.00506355939433, 0.00431784149259, 0.0109549323097, 0.0119530260563, 0.0054615912959, 0.00267334561795, 0.00276496401057, 0.00648991484195, 0.0326571837068, 0.0421356782317, 0.0295284539461, 0.253136813641, 0.424532026052, 0.209676161408, 0.00776276364923, 0.00389604456723, 0.0844307988882, 0.184453174472, 0.127840250731, 0.021367162466, 0.00440616905689, 0.00264863716438, 0.0186480022967, 0.358363986015, 0.562414526939, 0.234391838312, 0.00575229153037, 0.00430808821693, 0.00461724773049, 0.00969183444977], "min": [0, 0, 0, 0, 0, 0, 0, 0, 0, 0, 0, 0, 0, 0, 0, 0, 0, 0, 0, 0, 0, 0, 0, 0, 0, 0, 0, 0, 0, 0, 0, 0, 0, 0, 0, 0], "dvar2": [0.048113245517, 0.0430337749422, 0.0542481914163, 0.0895145758986, 0.0440850257874, 0.010694780387, 0.00378192146309, 0.00198416784406, 0.00239669973962, 0.00329201994464, 0.00292762252502, 0.00414645764977, 0.011217112653, 0.0148907126859, 0.0288530923426, 0.0334016010165, 0.0366941019893, 0.0484656430781, 0.0634122043848, 0.0393272526562, 0.00769032957032, 0.00664094788954, 0.0232947729528, 0.14832778275, 0.0736505687237, 0.008285372518, 0.00390542508103, 0.00411058124155, 0.0088474471122, 0.0488612689078, 0.0884739980102, 0.0742236971855, 0.0793647766113, 0.0750543698668, 0.0656896829605, 0.0470523498952], "dvar": [0.0172476600856, 0.0149128427729, 0.0214929711074, 0.044279910624, 0.0182298701257, 0.00383028737269, 0.00136343657505, 0.000690491870046, 0.000867846072651, 0.00122634752188, 0.00100581801962, 0.00147456827108, 0.00425809621811, 0.00568186724558, 0.0112570663914, 0.013575386256, 0.0141149470583, 0.0194069072604, 0.0298591442406, 0.015500344336, 0.00267793890089, 0.00232168519869, 0.00871879793704, 0.0526359453797, 0.0261607728899, 0.00300347199664, 0.00134328426793, 0.00141438853461, 0.0031126216054, 0.0189189650118, 0.0390983000398, 0.026154153049, 0.0277933143079, 0.0264475978911, 0.0228409804404, 0.0172699578106], "dmean": [0.0608911551535, 0.063377737999, 0.153852775693, 0.202129408717, 0.142449453473, 0.0389102995396, 0.0165446717292, 0.0108031341806, 0.01432428509, 0.0159193538129, 0.0101915318519, 0.0121452622116, 0.0210272520781, 0.0319982729852, 0.0625460222363, 0.071832627058, 0.0733331516385, 0.135882109404, 0.142850682139, 0.120385788381, 0.0257242098451, 0.0179119259119, 0.0847624540329, 0.201807573438, 0.14479586482, 0.0331816338003, 0.0158778894693, 0.0135084036738, 0.0341133959591, 0.139836013317, 0.168746843934, 0.143225848675, 0.0816313624382, 0.075607702136, 0.0683227777481, 0.0620768368244], "max": [1, 1, 1, 1, 1, 1, 1, 0.504361450672, 0.563033759594, 1, 0.777652382851, 0.751063466072, 1, 1, 1, 1, 1, 1, 1, 1, 0.96617358923, 0.927040219307, 1, 1, 1, 1, 0.836905539036, 0.682242393494, 1, 1, 1, 1, 1, 1, 1, 1], "var": [0.0229038391262, 0.0134995300323, 0.0517915301025, 0.124010898173, 0.0467793941498, 0.00358229968697, 0.00112765922677, 0.000482855102746, 0.00122578069568, 0.00250005535781, 0.000943024700973, 0.00110066088382, 0.00863103289157, 0.0147968148813, 0.0189664177597, 0.0313188768923, 0.0191120449454, 0.0509829223156, 0.14030174911, 0.0453088134527, 0.00189118878916, 0.00151333201211, 0.0183145217597, 0.0856160521507, 0.0437163077295, 0.00494610425085, 0.000988751882687, 0.000912589312065, 0.0024443580769, 0.063837967813, 0.130388855934, 0.0370132736862, 0.0203063748777, 0.0203656256199, 0.0184472799301, 0.0196807626635], "mean": [0.0603338629007, 0.0565828047693, 0.296724170446, 0.537286639214, 0.298712462187, 0.0382403880358, 0.01514831651, 0.0103125879541, 0.0206763483584, 0.0236655380577, 0.0116857113317, 0.0101492302492, 0.0238443929702, 0.0394666567445, 0.0838466882706, 0.107474699616, 0.0811781212687, 0.294884681702, 0.505673766136, 0.261152386665, 0.0212089363486, 0.0135562466457, 0.133135661483, 0.297100037336, 0.20757445693, 0.0440183207393, 0.0132970130071, 0.0103226257488, 0.0331429615617, 0.379524260759, 0.579584121704, 0.256762892008, 0.0553032048047, 0.0519607104361, 0.0494853034616, 0.0580961853266]}, "tuning_equal_tempered_deviation": 0.113790780306, "chords_changes_rate": 0.0175038054585, "key_key": "D#", "tuning_diatonic_strength": 0.452344805002, "key_scale": "major", "chords_number_rate": 0.000475646869745, "tuning_frequency": 440.763122559, "tuning_nontempered_energy_ratio": 0.732127308846, "chords_histogram": [85.359588623, 5.16552495956, 1.43645358086, 0.104642316699, 0.133181124926, 0.304414004087, 0.0380517505109, 1.18911719322, 0, 0, 0, 0, 4.75646877289, 0.0380517505109, 0, 0.0380517505109, 0, 0.0570776239038, 0, 0.523211538792, 0, 0, 0, 0.856164395809], "key_strength": 0.751894831657, "chords_key": "D#", "chords_strength": {"dmean2": 0.00484001683071, "median": 0.434801489115, "min": -1, "dvar2": 0.000375272793462, "dvar": 0.000194679334527, "dmean": 0.00492350757122, "max": 0.686497032642, "var": 0.0116980103776, "mean": 0.436320692301}, "chords_scale": "major", "hpcp_entropy": {"dmean2": 0.747113406658, "median": 1.79095840454, "min": 0, "dvar2": 0.463450819254, "dvar": 0.164762794971, "dmean": 0.44612428546, "max": 3.63837790489, "var": 0.346537768841, "mean": 1.76257884502}}, "metadata": {"audio_properties": {"equal_loudness": 0, "codec": "mp3", "downmix": "mix", "sample_rate": 44100, "analysis_sample_rate": 44100, "bit_rate": 160009, "md5_encoded": "6cf2d0b05cfcb6c20a4bf641ec5d1daf", "length": 488.097961426, "replay_gain": -7.80756187439, "lossless": false}, "version": {"essentia_build_sha": "70f2e5ece6736b2c40cc944ad0e695b16b925413", "essentia": "2.1-beta2", "extractor": "music 1.0", "essentia_git_sha": "v2.1_beta2"}, "tags": {"title": ["Outside Heaven"], "barcode": ["5055300312464"], "media": ["CD"], "albumartist": ["Listening Mirror"], "musicbrainz_recordingid": ["14a04f27-4ee6-41b1-974e-040fd0573b41"], "encoding": ["Lavf56.36.100"], "originalyear": ["2012"], "discnumber": ["1/1"], "album": ["Resting in Aspic"], "catalognumber": ["HB39"], "musicbrainz album release country": ["GB"], "musicbrainz album type": ["album/compilation"], "musicbrainz album status": ["official"], "musicbrainz_albumartistid": ["d67506c6-663a-4c96-9e9d-e8ce1a28d2f1"], "date": ["2012"], "file_name": "Listening Mirror - Outside Heaven.mp3", "musicbrainz_releasegroupid": ["a4f32ab5-0e8d-4838-b1e5-7730a731cc75"], "script": ["Latn"], "originaldate": ["2012"], "musicbrainz_albumid": ["47479a51-07be-42e0-8720-0bbc07aa7395"], "artist": ["Listening Mirror"], "artistsort": ["Listening Mirror"], "tracknumber": ["1/7"], "label": ["hibernate"], "albumartistsort": ["Listening Mirror"], "musicbrainz_artistid": ["d67506c6-663a-4c96-9e9d-e8ce1a28d2f1"]}}, "rhythm": {"bpm_histogram_first_peak_bpm": {"dmean2": 0, "median": 120, "min": 120, "dvar2": 0, "dvar": 0, "dmean": 0, "max": 120, "var": 0, "mean": 120}, "bpm": 120.203788757, "bpm_histogram_second_peak_spread": {"dmean2": 0, "median": 0.611510753632, "min": 0.611510753632, "dvar2": 0, "dvar": 0, "dmean": 0, "max": 0.611510753632, "var": 0, "mean": 0.611510753632}, "bpm_histogram_first_peak_weight": {"dmean2": 0, "median": 0.0661686211824, "min": 0.0661686211824, "dvar2": 0, "dvar": 0, "dmean": 0, "max": 0.0661686211824, "var": 0, "mean": 0.0661686211824}, "onset_rate": 0.305253893137, "beats_position": [0.429569154978, 0.870748281479, 1.31192743778, 1.75310659409, 2.19428563118, 2.63546490669, 3.08825397491, 3.54104304314, 3.99383211136, 4.446621418, 4.8994102478, 5.35219955444, 5.80498838425, 6.25777769089, 6.71056699753, 7.16335582733, 7.55809497833, 7.95283412933, 8.33596324921, 8.73070240021, 9.12544155121, 9.50857162476, 9.90331077576, 10.2980499268, 10.6927890778, 11.0875282288, 11.4938774109, 12.0047159195, 12.5155553818, 13.0263938904, 13.5256233215, 14.0248527527, 14.5356912613, 15.0000905991, 15.4644899368, 15.9288883209, 16.3816776276, 16.8344669342, 17.2872562408, 17.7400455475, 18.1928348541, 18.6456241608, 19.0984115601, 19.5512008667, 20.0039901733, 20.45677948, 20.9095687866, 21.3623580933, 21.826757431, 22.2911567688, 22.7555541992, 23.219953537, 23.6843528748, 24.0442619324, 24.4157810211, 24.7873020172, 25.158821106, 25.5187301636, 25.8786392212, 26.2385482788, 26.5984573364, 26.9699764252, 27.3414955139, 27.7130146027, 28.0845336914, 28.4560546875, 28.8275737762, 29.199092865, 29.5822219849, 29.9769611359, 30.3717002869, 30.7664394379, 31.1611785889, 31.6139678955, 32.0667572021, 32.5195465088, 32.9839439392, 33.4367332458, 33.901134491, 34.3307037354, 34.7602729797, 35.1898422241, 35.6194114685, 36.0373687744, 36.4669380188, 36.8965072632, 37.3144645691, 37.7440338135, 38.1736030579, 38.6031723022, 39.0443534851, 39.4855308533, 39.9267120361, 40.3562812805, 40.7858505249, 41.2154197693, 41.6565971375, 42.1093864441, 42.5621757507, 43.0962333679, 43.6186828613, 44.129524231, 44.6751937866, 45.2092514038, 45.743309021, 46.2657585144, 46.7882080078, 47.3106575012, 47.8447151184, 48.3787727356, 48.9244422913, 49.4701118469, 50.0273895264, 50.6427192688, 51.2580490112, 51.8733787537, 52.4887046814, 53.1040344238, 53.7077522278, 54.3114738464, 54.9151916504, 55.5189094543, 56.122631073, 56.726348877, 57.3416786194, 58.0498847961, 58.7580947876, 59.4663009644, 60.1861228943, 60.9059410095, 61.6257591248, 62.34557724, 63.0073471069, 63.6807250977, 64.2960510254, 64.9113845825, 65.5267105103, 66.1304321289, 66.7341461182, 67.3146438599, 67.895149231, 68.4756469727, 69.0561447144, 69.6366424561, 70.1707000732, 70.7047576904, 71.238822937, 71.6800003052, 72.1095657349, 72.5391387939, 72.9570999146, 73.3750534058, 73.7930145264, 74.210975647, 74.6405410767, 75.0701141357, 75.4996795654, 75.9872970581, 76.4865264893, 76.9857559204, 77.4849853516, 77.9842147827, 78.4834442139, 78.982673645, 79.4819030762, 79.9811325073, 80.46875, 80.9447631836, 81.4323806763, 81.9199981689, 82.4076156616, 82.8952331543, 83.3828582764, 83.870475769, 84.3580932617, 84.7992706299, 85.2520599365, 85.6932373047, 86.1344223022, 86.5059356689, 86.8890686035, 87.2605895996, 87.6321105957, 88.0036239624, 88.3751449585, 88.7466659546, 89.1181869507, 89.4897003174, 89.8612213135, 90.2327423096, 90.6042633057, 90.9990005493, 91.393737793, 91.8000869751, 92.1832199097, 92.5663452148, 92.9378662109, 93.309387207, 93.7157363892, 94.1336975098, 94.551651001, 94.9696121216, 95.3875732422, 95.7939224243, 96.2002716064, 96.6066207886, 97.0129699707, 97.4077072144, 97.8140563965, 98.3248977661, 98.8241271973, 99.3233566284, 99.8109741211, 100.286979675, 100.762992859, 101.238998413, 101.726615906, 102.214241028, 102.690246582, 103.177864075, 103.677093506, 104.176322937, 104.66394043, 105.163169861, 105.604354858, 106.045532227, 106.486709595, 106.927886963, 107.36907196, 107.810249329, 108.239814758, 108.669387817, 109.098953247, 109.528526306, 110.016143799, 110.503761292, 110.991378784, 111.479003906, 111.95500946, 112.431015015, 112.930244446, 113.406257629, 113.882263184, 114.358276367, 114.822669983, 115.287071228, 115.751472473, 116.227478027, 116.703491211, 117.191108704, 117.678726196, 118.166343689, 118.653968811, 119.071922302, 119.489883423, 119.907844543, 120.325805664, 120.720542908, 121.115280151, 121.510017395, 121.904762268, 122.31111145, 122.717460632, 123.123809814, 123.530158997, 123.92489624, 124.331245422, 124.725982666, 125.051063538, 125.376144409, 125.701225281, 126.026298523, 126.362991333, 126.699676514, 127.036369324, 127.373062134, 127.709747314, 128.034820557, 128.359909058, 128.696594238, 129.033279419, 129.381591797, 129.729888916, 130.089797974, 130.449707031, 130.879272461, 131.297225952, 131.726806641, 132.144760132, 132.609161377, 133.073562622, 133.537963867, 134.118453979, 134.698959351, 135.279449463, 135.859954834, 136.440444946, 137.020950317, 137.601455688, 138.181945801, 138.762451172, 139.342941284, 139.946670532, 140.550384521, 141.154098511, 141.757827759, 142.34992981, 142.930435181, 143.510925293, 144.091430664, 144.671920776, 145.252426147, 145.83291626, 146.425033569, 147.005523682, 147.574417114, 148.143310547, 148.723800659, 149.30430603, 149.884811401, 150.465301514, 151.045806885, 151.637908936, 152.230026245, 152.810516357, 153.391021729, 153.971511841, 154.598449707, 155.213790894, 155.829116821, 156.456054688, 157.082992554, 157.70993042, 158.348480225, 158.975418091, 159.521087646, 160.066757202, 160.612426758, 161.158096313, 161.703765869, 162.168167114, 162.620956421, 163.073745728, 163.514923096, 163.956100464, 164.397277832, 164.8384552, 165.279632568, 165.720809937, 166.161987305, 166.603164673, 167.055953979, 167.508743286, 167.961532593, 168.40272522, 168.855514526, 169.308303833, 169.772689819, 170.237091064, 170.713104248, 171.131057739, 171.549026489, 171.96697998, 172.408157349, 172.849334717, 173.290512085, 173.731704712, 174.17288208, 174.614059448, 175.066848755, 175.635726929, 176.204620361, 176.773513794, 177.330795288, 177.888076782, 178.433731079, 178.979400635, 179.536682129, 180.105575562, 180.674468994, 181.243347168, 181.812240601, 182.392745972, 182.973236084, 183.553741455, 184.134231567, 184.737960815, 185.341674805, 185.968612671, 186.595550537, 187.24571228, 187.895874023, 188.546035767, 189.254241943, 189.96244812, 190.659042358, 191.355636597, 192.040634155, 192.725616455, 193.410614014, 194.095596313, 194.780578613, 195.465576172, 196.150558472, 196.789108276, 197.427658081, 197.996551514, 198.565444946, 199.169158936, 199.784484863, 200.399810791, 200.945480347, 201.491149902, 202.10647583, 202.721817017, 203.337142944, 203.987304688, 204.637451172, 205.287612915, 205.937774658, 206.611160278, 207.28453064, 207.95791626, 208.631286621, 209.293060303, 209.954818726, 210.616592407, 211.26675415, 211.928527832, 212.590286255, 213.252059937, 213.90222168, 214.587203979, 215.283798218, 215.992019653, 216.711837769, 217.431655884, 218.139862061, 218.975784302, 219.788482666, 220.60118103, 221.413879395, 222.261398315, 223.050872803, 223.840362549, 224.502120972, 225.152282715, 225.814056396, 226.440994263, 227.067932129, 227.6484375, 228.228927612, 228.855865479, 229.482803345, 230.098129272, 230.713470459, 231.340408325, 231.932510376, 232.513015747, 233.093505859, 233.546295166, 233.999084473, 234.451873779, 234.904663086, 235.357452393, 235.821853638, 236.286254883, 236.750656128, 237.215057373, 237.679458618, 238.17868042, 238.68951416, 239.188751221, 239.61831665, 240.04788208, 240.46585083, 240.883804321, 241.301757812, 241.731338501, 242.160903931, 242.578857422, 242.996826172, 243.391555786, 243.786300659, 244.181045532, 244.587387085, 244.982131958, 245.388473511, 245.806442261, 246.212783813, 246.619140625, 247.118362427, 247.617584229, 248.116821289, 248.639266968, 249.161712646, 249.684173584, 250.206619263, 250.729064941, 251.309570312, 251.901672363, 252.482177734, 253.097503662, 253.71282959, 254.293334961, 254.873825073, 255.454330444, 256.023223877, 256.592102051, 257.160980225, 257.741485596, 258.310394287, 258.832824707, 259.355285645, 259.877716064, 260.400177002, 260.922637939, 261.445068359, 261.979125977, 262.501586914, 263.024017334, 263.534881592, 264.057312012, 264.568145752, 265.07901001, 265.58984375, 266.10067749, 266.588287354, 267.087524414, 267.563537598, 268.062774658, 268.561981201, 269.084442139, 269.606903076, 270.129333496, 270.69821167, 271.255493164, 271.801177979, 272.358459473, 272.915740967, 273.484619141, 274.053497314, 274.622406006, 275.1796875, 275.760162354, 276.329071045, 276.874725342, 277.432006836, 277.98928833, 278.546569824, 279.092254639, 279.707580566, 280.311279297, 280.915008545, 281.518737793, 282.122436523, 282.702941895, 283.295043945, 283.898773193, 284.502502441, 285.106201172, 285.582214355, 286.046630859, 286.511016846, 286.975402832, 287.439819336, 287.904205322, 288.368621826, 288.833007812, 289.285797119, 289.738586426, 290.20300293, 290.655792236, 291.108551025, 291.572967529, 292.025756836, 292.490142822, 292.954559326, 293.418945312, 293.883361816, 294.394195557, 294.916625977, 295.439086914, 295.984771729, 296.530426025, 297.076080322, 297.575317383, 298.074554443, 298.573791504, 299.200714111, 299.827667236, 300.442993164, 301.069915771, 301.696868896, 302.323791504, 302.950744629, 303.577667236, 304.204620361, 304.738677979, 305.272735596, 305.806793213, 306.24798584, 306.67755127, 307.107116699, 307.548278809, 308.012695312, 308.477081299, 308.941497803, 309.394287109, 309.858673096, 310.311462402, 310.822296143, 311.34475708, 311.85559082, 312.366424561, 312.865661621, 313.364898682, 313.887329102, 314.398193359, 314.943847656, 315.466308594, 315.988739014, 316.511199951, 316.952362061, 317.393554688, 317.823120117, 318.252685547, 318.682250977, 319.111816406, 319.611053467, 320.110290527, 320.609527588, 321.213226318, 321.805358887, 322.409057617, 323.036010742, 323.65133667, 324.266662598, 324.881988525, 325.497314453, 326.124267578, 326.751190186, 327.401367188, 328.039916992, 328.690063477, 329.340209961, 330.01361084, 330.675354004, 331.337127686, 332.010528564, 332.695495605, 333.368896484, 334.030639648, 334.657592773, 335.284515381, 335.923065186, 336.550018311, 337.176940918, 337.803894043, 338.430847168, 339.069366455, 339.70791626, 340.334869385, 340.96182251, 341.588745117, 342.204071045, 342.819396973, 343.446350098, 344.073272705, 344.70022583, 345.350372314, 346.012145996, 346.650695801, 347.300842285, 347.997467041, 348.705657959, 349.344207764, 349.982757568, 350.621307373, 351.259857178, 351.898406982, 352.548553467, 353.198730469, 353.837280273, 354.487426758, 355.13760376, 355.729705811, 356.333404541, 356.925537109, 357.51763916, 358.109741211, 358.678619385, 359.259124756, 359.746765137, 360.24597168, 360.74520874, 361.244445801, 361.743652344, 362.242889404, 362.742126465, 363.241363525, 363.740570068, 364.228210449, 364.715820312, 365.203430176, 365.714263916, 366.213500977, 366.724334717, 367.362884521, 368.001434326, 368.639984131, 369.278533936, 369.91708374, 370.555633545, 371.19418335, 371.832733154, 372.471282959, 373.06338501, 373.667114258, 374.259216309, 374.746826172, 375.222839355, 375.710479736, 376.209686279, 376.70892334, 377.2081604, 377.707397461, 378.206604004, 378.705841064, 379.216674805, 379.727508545, 380.238372803, 380.749206543, 381.260040283, 381.770874023, 382.200439453, 382.630004883, 383.059570312, 383.431091309, 383.802612305, 384.174133301, 384.545654297, 384.917175293, 385.288696289, 385.660217285, 386.031738281, 386.403259277, 386.774780273, 387.157897949, 387.529418945, 388.028656006, 388.527893066, 389.027099609, 389.52633667, 390.03717041, 390.536407471, 391.035644531, 391.546478271, 392.045715332, 392.486877441, 392.928070068, 393.369232178, 393.798828125, 394.205169678, 394.599914551, 394.994628906, 395.366149902, 395.737670898, 396.120819092, 396.503936768, 396.887054443, 397.270202637, 397.66494751, 398.059661865, 398.442810059, 398.825927734, 399.220672607, 399.603790283, 399.998535156, 400.38168335, 400.776397705, 401.240814209, 401.705200195, 402.169616699, 402.634002686, 403.144836426, 403.655670166, 404.154907227, 404.665740967, 405.164978027, 405.675811768, 406.175048828, 406.674285889, 407.185119629, 407.707580566, 408.230010986, 408.752471924, 409.274902344, 409.797363281, 410.319824219, 410.830657959, 411.341491699, 411.852325439, 412.374786377, 412.885620117, 413.408050537, 413.930511475, 414.452972412, 415.010253906, 415.5675354, 416.159637451, 416.751739502, 417.332244873, 417.924346924, 418.516448975, 419.178222656, 419.839996338, 420.513366699, 421.151916504, 421.790466309, 422.394195557, 422.997894287, 423.601623535, 424.205352783, 424.809051514, 425.412780762, 426.01651001, 426.666656494, 427.316802979, 427.97857666, 428.640350342, 429.290527344, 429.952270508, 430.614044189, 431.275817871, 431.937591553, 432.610961914, 433.284332275, 433.957733154, 434.619506836, 435.292877197, 435.977874756, 436.662841797, 437.394287109, 438.125701904, 438.84552002, 439.565338135, 440.28515625, 441.016601562, 441.736419678, 442.456237793, 443.141204834, 443.826202393, 444.453155518, 445.068481445, 445.695404053, 446.31072998, 446.937683105, 447.553009033, 448.168334961, 448.783660889, 449.36416626, 449.944671631, 450.525177002, 451.094055176, 451.674560547, 452.231842041, 452.777496338, 453.253509521, 453.717895508, 454.182312012, 454.658325195, 455.192382812, 455.72644043, 456.31854248, 456.910644531, 457.502746582, 458.083251953, 458.663757324, 459.232635498, 459.801544189, 460.370422363, 460.939300537, 461.508209229, 462.077087402, 462.564697266, 463.052337646, 463.52835083, 464.004333496, 464.491973877, 464.97958374, 465.467193604, 465.954833984, 466.442443848, 466.953277588, 467.452514648, 467.951751709, 468.439361572, 468.926971436, 469.402984619, 469.878997803, 470.366607666, 470.854217529, 471.330230713, 471.806243896, 472.29385376, 472.79309082, 473.292327881, 473.779937744, 474.290771484, 474.801635742, 475.312469482, 475.823303223, 476.334136963, 476.844970703, 477.37902832, 477.913085938, 478.516815186, 479.120544434, 479.724243164, 480.281524658, 480.838806152, 481.396087646, 481.87210083, 482.348114014, 482.824127197, 483.207244873, 483.590362549, 483.973510742, 484.356628418, 484.704925537, 485.053222656, 485.401519775, 485.749847412, 486.098144531, 486.44644165, 486.79473877, 487.154632568], "beats_loudness": {"dmean2": 0.0266475547105, "median": 0.0334770083427, "min": 1.95770755163e-09, "dvar2": 0.000915934971999, "dvar": 0.000323102343827, "dmean": 0.015406364575, "max": 0.19764046371, "var": 0.000426665588748, "mean": 0.0365264900029}, "danceability": 0.971724033356, "bpm_histogram_second_peak_weight": {"dmean2": 0, "median": 0.0576307363808, "min": 0.0576307363808, "dvar2": 0, "dvar": 0, "dmean": 0, "max": 0.0576307363808, "var": 0, "mean": 0.0576307363808}, "beats_count": 938, "bpm_histogram_second_peak_bpm": {"dmean2": 0, "median": 103, "min": 103, "dvar2": 0, "dvar": 0, "dmean": 0, "max": 103, "var": 0, "mean": 103}, "bpm_histogram_first_peak_spread": {"dmean2": 0, "median": 0.578231334686, "min": 0.578231334686, "dvar2": 0, "dvar": 0, "dmean": 0, "max": 0.578231334686, "var": 0, "mean": 0.578231334686}, "beats_loudness_band_ratio": {"dmean2": [0.228669643402, 0.331532210112, 0.272624522448, 0.0693716257811, 0.0110168820247, 0.00277642556466], "median": [0.195800811052, 0.419990181923, 0.38648712635, 0.0363128781319, 0.00517774233595, 0.000592608586885], "min": [0.00301378290169, 0.00442787632346, 0.0117347473279, 0.00426312442869, 0.00107292784378, 8.92460520845e-05], "dvar2": [0.0400937236845, 0.052948243916, 0.0444404110312, 0.0175748858601, 0.00175350636709, 0.000644285115413], "dvar": [0.0139263560995, 0.0186144411564, 0.0155333364382, 0.00628752214834, 0.000576231686864, 0.000445105106337], "dmean": [0.134647935629, 0.191416025162, 0.158740863204, 0.0403071567416, 0.00612868601456, 0.00173876585905], "max": [0.848909676075, 0.888776481152, 0.871792376041, 0.865907549858, 0.449955075979, 0.879288196564], "var": [0.022291123867, 0.0355218648911, 0.0248541533947, 0.00662357127294, 0.000339715043083, 0.00376041629352], "mean": [0.229858264327, 0.418118655682, 0.392380177975, 0.0568833202124, 0.00801298115402, 0.00557536771521]}}, "lowlevel": {"barkbands_spread": {"dmean2": 2.24653196335, "median": 5.83434581757, "min": 0.993956804276, "dvar2": 4.12107801437, "dvar": 1.78756833076, "dmean": 1.34940826893, "max": 123.670524597, "var": 14.2009601593, "mean": 6.23230218887}, "melbands_spread": {"dmean2": 2.94905233383, "median": 8.11668205261, "min": 1.15981030464, "dvar2": 8.52509784698, "dvar": 3.45311045647, "dmean": 1.7555782795, "max": 161.310256958, "var": 71.548210144, "mean": 8.99219608307}, "hfc": {"dmean2": 4.02371168137, "median": 12.3603715897, "min": 1.15315171318e-16, "dvar2": 25.8925075531, "dvar": 11.6841154099, "dmean": 2.56392383575, "max": 142.771652222, "var": 69.3814697266, "mean": 13.6324338913}, "barkbands_kurtosis": {"dmean2": 3.71906995773, "median": 2.59779047966, "min": -1.7853962183, "dvar2": 20.2305088043, "dvar": 7.21317672729, "dmean": 2.17987203598, "max": 146.940460205, "var": 32.7469215393, "mean": 4.04293441772}, "gfcc": {"mean": [-86.3941802979, 193.136871338, -116.07598877, -2.56362771988, -53.4044380188, -10.6933822632, -25.9395275116, 5.32988977432, -6.02558326721, 3.12656164169, 12.2835588455, 0.592899024487, 2.95886802673], "icov": [[0.000590115028899, -0.00140893436037, 0.00131940166466, -0.00137427577283, 0.00119638221804, -0.000957181560807, 0.000950711662881, -0.000403890415328, -0.000257152627455, 0.00043594930321, -0.000995218404569, 0.000777633977123, -0.000947292312048], [-0.00140893436037, 0.00628189789131, -0.00238411594182, 0.00372517597862, -0.00411523552611, 0.0037843324244, -0.00501226261258, 0.00367484521121, -0.00310324714519, 0.00380744598806, -0.00240698107518, 0.00217397022061, 0.0003449821088], [0.00131940166466, -0.00238411594182, 0.0119335092604, -0.00671360921115, 0.00441109342501, -0.00204931711778, 0.0023674890399, 0.000851129181683, -0.00281927757896, -0.000345606036717, -0.000716530135833, -0.00147149420809, 0.00110463623423], [-0.00137427577283, 0.00372517597862, -0.00671360921115, 0.017297225073, -0.00748516106978, 0.00210632593371, -0.00106324022636, -0.00252260267735, 0.00402602599934, -0.000328737776726, -0.00350168999285, 0.00508949579671, -0.00119305879343], [0.00119638221804, -0.00411523552611, 0.00441109342501, -0.00748516106978, 0.0200101789087, -0.00712803145871, 0.000442704040324, 0.00200263457373, -0.00230932189152, -0.000201810937142, 0.00292626721784, -0.00470658345148, 0.00249644787982], [-0.000957181560807, 0.0037843324244, -0.00204931711778, 0.00210632593371, -0.00712803145871, 0.0160275045782, -0.00939965806901, 0.00336887710728, -0.00308977114037, 0.0051928232424, -0.000472718762467, 0.00229120696895, 0.00041897763731], [0.000950711662881, -0.00501226261258, 0.0023674890399, -0.00106324022636, 0.000442704040324, -0.00939965806901, 0.0301612243056, -0.0183426756412, 0.00913122203201, -0.00922407582402, 0.00231762998737, -0.00134548800997, -0.0030674804002], [-0.000403890415328, 0.00367484521121, 0.000851129181683, -0.00252260267735, 0.00200263457373, 0.00336887710728, -0.0183426756412, 0.0317842513323, -0.0188711099327, 0.0128301596269, -0.00457830540836, 4.83383264509e-05, 0.00589685933664], [-0.000257152627455, -0.00310324714519, -0.00281927757896, 0.00402602599934, -0.00230932189152, -0.00308977114037, 0.00913122203201, -0.0188711099327, 0.0374048240483, -0.0228247903287, 0.00767328590155, 0.000100922530692, -0.00477014807984], [0.00043594930321, 0.00380744598806, -0.000345606036717, -0.000328737776726, -0.000201810937142, 0.0051928232424, -0.00922407582402, 0.0128301596269, -0.0228247903287, 0.0442019812763, -0.0213861670345, 0.00600939663127, 0.000320877734339], [-0.000995218404569, -0.00240698107518, -0.000716530135833, -0.00350168999285, 0.00292626721784, -0.000472718762467, 0.00231762998737, -0.00457830540836, 0.00767328590155, -0.0213861670345, 0.035966463387, -0.0199068095535, 0.00717717129737], [0.000777633977123, 0.00217397022061, -0.00147149420809, 0.00508949579671, -0.00470658345148, 0.00229120696895, -0.00134548800997, 4.83383264509e-05, 0.000100922530692, 0.00600939663127, -0.0199068095535, 0.0402626991272, -0.0190749131143], [-0.000947292312048, 0.0003449821088, 0.00110463623423, -0.00119305879343, 0.00249644787982, 0.00041897763731, -0.0030674804002, 0.00589685933664, -0.00477014807984, 0.000320877734339, 0.00717717129737, -0.0190749131143, 0.0305231045932]], "cov": [[7997.84521484, 1698.5234375, -462.011169434, 144.053192139, -9.71939945221, 89.6915664673, 70.4079742432, 46.4975395203, 84.9609069824, -93.3493423462, 177.25, -112.048912048, 151.582839966], [1698.5234375, 610.907958984, -82.3613433838, -4.16623163223, 26.5059127808, -2.50063896179, 35.2458000183, -0.145463272929, 30.4369716644, -23.6342430115, 40.1791534424, -26.885263443, 28.8198432922], [-462.011169434, -82.3613433838, 143.197189331, 29.3894042969, -8.80787086487, -8.72191429138, -12.3850803375, -4.39744520187, 4.35545015335, 15.4990787506, 2.99779248238, 7.05181264877, -12.7765922546], [144.053192139, -4.16623163223, 29.3894042969, 95.3573226929, 18.867395401, 10.1108322144, 3.85886764526, 8.53197193146, -3.83418393135, 1.56771671772, 10.791841507, -8.75430488586, -4.38512516022], [-9.71939945221, 26.5059127808, -8.80787086487, 18.867395401, 78.3820953369, 34.6493186951, 14.3763217926, 1.2220877409, 1.90070593357, -5.32571077347, -6.64821624756, -0.488530576229, -3.611723423], [89.6915664673, -2.50063896179, -8.72191429138, 10.1108322144, 34.6493186951, 103.741355896, 33.9490623474, 14.3923683167, 2.67346692085, -12.5473213196, -11.0240364075, -8.63053131104, -2.35556936264], [70.4079742432, 35.2458000183, -12.3850803375, 3.85886764526, 14.3763217926, 33.9490623474, 68.5817260742, 37.0444030762, 8.07032299042, 1.30116343498, 2.41632223129, -0.963281393051, 0.556912779808], [46.4975395203, -0.145463272929, -4.39744520187, 8.53197193146, 1.2220877409, 14.3923683167, 37.0444030762, 68.9547729492, 24.7975349426, 0.293200492859, 2.70971035957, -3.77104473114, -7.08045530319], [84.9609069824, 30.4369716644, 4.35545015335, -3.83418393135, 1.90070593357, 2.67346692085, 8.07032299042, 24.7975349426, 54.0182151794, 22.1689300537, 7.35566663742, -0.148046165705, 4.20024013519], [-93.3493423462, -23.6342430115, 15.4990787506, 1.56771671772, -5.32571077347, -12.5473213196, 1.30116343498, 0.293200492859, 22.1689300537, 50.6219329834, 27.0618305206, 9.32727718353, -0.0496745668352], [177.25, 40.1791534424, 2.99779248238, 10.791841507, -6.64821624756, -11.0240364075, 2.41632223129, 2.70971035957, 7.35566663742, 27.0618305206, 63.2416343689, 23.2854003906, 6.32092618942], [-112.048912048, -26.885263443, 7.05181264877, -8.75430488586, -0.488530576229, -8.63053131104, -0.963281393051, -3.77104473114, -0.148046165705, 9.32727718353, 23.2854003906, 51.5403327942, 23.6319580078], [151.582839966, 28.8198432922, -12.7765922546, -4.38512516022, -3.611723423, -2.35556936264, 0.556912779808, -7.08045530319, 4.20024013519, -0.0496745668352, 6.32092618942, 23.6319580078, 53.1223716736]]}, "spectral_energyband_middle_low": {"dmean2": 0.0095025235787, "median": 0.0240000355989, "min": 4.1215856791e-22, "dvar2": 9.42000988289e-05, "dvar": 3.3376581996e-05, "dmean": 0.00578488502651, "max": 0.169150590897, "var": 0.000208290148294, "mean": 0.025860350579}, "melbands_crest": {"dmean2": 4.06973743439, "median": 11.8471069336, "min": 1.58945155144, "dvar2": 12.4881038666, "dvar": 4.24049282074, "dmean": 2.36822271347, "max": 30.7677192688, "var": 10.2719602585, "mean": 12.2704811096}, "spectral_kurtosis": {"dmean2": 16.4760837555, "median": 23.7495212555, "min": -1.20068407059, "dvar2": 160.010269165, "dvar": 52.7336349487, "dmean": 9.30400657654, "max": 71.9442901611, "var": 104.810951233, "mean": 24.8064994812}, "spectral_rms": {"dmean2": 0.000981660210527, "median": 0.00567324366421, "min": 3.22380425306e-12, "dvar2": 7.05772663423e-07, "dvar": 2.51513938565e-07, "dmean": 0.000587680668104, "max": 0.0158290844411, "var": 2.65660196419e-06, "mean": 0.00560808461159}, "zerocrossingrate": {"dmean2": 0.00276615284383, "median": 0.02099609375, "min": 0.00732421875, "dvar2": 8.05383660918e-06, "dvar": 6.48295554129e-06, "dmean": 0.00204155500978, "max": 0.6494140625, "var": 0.00129158026539, "mean": 0.0245197694749}, "silence_rate_60dB": {"dmean2": 0.00190294953063, "median": 0, "min": 0, "dvar2": 0.00218496192247, "dvar": 0.000950547051616, "dmean": 0.000951429537963, "max": 1, "var": 0.0347134396434, "mean": 0.0360098928213}, "erbbands_kurtosis": {"dmean2": 2.28313755989, "median": 3.22656011581, "min": -1.72858655453, "dvar2": 4.80665636063, "dvar": 2.10942959785, "dmean": 1.47313582897, "max": 38.6272125244, "var": 11.827791214, "mean": 4.00649261475}, "erbbands": {"dmean2": [0.193154394627, 1.00593161583, 2.35640692711, 2.57331418991, 1.68306148052, 3.84418106079, 58.1321907043, 31.9544067383, 42.946811676, 58.8790245056, 10.5238676071, 44.8266487122, 19.4140415192, 15.8123970032, 10.7946882248, 14.1519241333, 6.58395195007, 4.9984369278, 2.96074914932, 3.20998382568, 1.40162193775, 1.04700398445, 0.95593214035, 1.22010397911, 0.714627504349, 0.179482504725, 0.0824854746461, 0.055207978934, 0.0237945821136, 0.0112261222675, 0.00742038991302, 0.00430902745575, 0.00279940082692, 0.0013908004621, 0.000706959574018, 0.000196904002223, 2.29953402595e-05, 1.16772735055e-05, 5.44558224647e-06, 1.31939259518e-05], "median": [0.13324123621, 0.544478774071, 1.09056401253, 1.27102780342, 1.17018795013, 3.86559963226, 40.1817703247, 65.1940155029, 95.8129119873, 58.4906768799, 13.3122081757, 40.3759536743, 17.4992141724, 9.03461837769, 10.2076253891, 12.4502887726, 6.01089286804, 4.24436950684, 2.34246563911, 2.37063503265, 1.38794755936, 0.958247959614, 1.19342136383, 1.18528103828, 0.537913024426, 0.157190188766, 0.0898882299662, 0.0782373994589, 0.0412862971425, 0.0207492187619, 0.0143890669569, 0.00945084542036, 0.0062565272674, 0.00360992737114, 0.00182357779704, 0.000501684553456, 5.18790038768e-05, 1.79358867172e-05, 1.61106654559e-05, 3.67681059288e-05], "min": [9.88760429549e-22, 6.73889949049e-21, 2.17401918881e-20, 7.80000686105e-20, 9.53075627703e-20, 2.9738903365e-19, 4.70904668643e-19, 4.51036669209e-19, 5.00050377527e-19, 1.15882037779e-18, 2.19051095364e-18, 1.84966291043e-18, 2.00384710186e-18, 1.27440335875e-18, 1.86421177663e-18, 7.18363017738e-18, 5.33425905492e-18, 4.19943342894e-18, 5.28474236909e-18, 1.15708009317e-17, 5.48965858146e-18, 1.21887958392e-17, 1.12805986759e-17, 1.76158335396e-17, 1.10638268974e-17, 1.74671643681e-17, 1.35937323311e-17, 1.6045116818e-17, 2.12571322268e-17, 2.35850897858e-17, 1.83474698283e-17, 1.47118538718e-17, 1.50645256347e-17, 1.48946177738e-17, 8.07878931986e-18, 5.28512121781e-18, 2.94059357681e-18, 1.36760624447e-18, 3.32365667918e-19, 3.6232701566e-20], "dvar2": [0.0413268730044, 1.27923429012, 11.9032850266, 20.7055721283, 6.94888782501, 15.57097435, 4465.16552734, 1018.17755127, 3151.9284668, 4584.24414062, 359.584289551, 3787.97021484, 3636.88745117, 5209.50097656, 3299.25170898, 4052.08227539, 1030.96313477, 448.727020264, 441.830932617, 222.342300415, 85.5360488892, 58.6509208679, 7.27242517471, 15.5458078384, 22.5647239685, 2.39290833473, 0.509113371372, 0.0684561803937, 0.00613542925566, 0.00141074613202, 0.00127705174964, 3.46990964317e-05, 9.55632731348e-06, 1.87263719909e-06, 6.21537310508e-07, 4.69802117209e-08, 1.10374542839e-09, 1.32887145732e-10, 2.88838588464e-11, 1.67348537805e-10], "dvar": [0.0147620514035, 0.416696637869, 4.19863796234, 7.96294927597, 2.89984202385, 4.98964262009, 1311.88427734, 402.39074707, 1309.7598877, 1967.50378418, 152.706863403, 1423.45373535, 1825.98583984, 2593.78930664, 1580.15771484, 2312.30541992, 559.467468262, 289.115142822, 289.673950195, 123.657417297, 37.5012207031, 26.4088230133, 3.04413461685, 6.11537408829, 10.4765605927, 0.87175565958, 0.215524807572, 0.0250903889537, 0.00236675073393, 0.000522217189427, 0.000449101615231, 1.34592155518e-05, 3.48014691554e-06, 6.57805458104e-07, 2.25508770768e-07, 1.77323222772e-08, 4.01142841167e-10, 4.74700834197e-11, 1.0884949192e-11, 6.18027296007e-11], "dmean": [0.114205278456, 0.554191827774, 1.32302308083, 1.49552023411, 0.976905047894, 2.15390396118, 31.7340316772, 20.174495697, 30.0336990356, 37.90442276, 6.49519586563, 27.0656661987, 13.4042387009, 11.0293121338, 7.01505470276, 9.76200389862, 4.17673397064, 3.32212328911, 2.02102136612, 2.13010883331, 0.892992675304, 0.666265070438, 0.61206805706, 0.801844000816, 0.456916749477, 0.107951872051, 0.0496364235878, 0.0330451056361, 0.0144203230739, 0.00674338173121, 0.00438610417768, 0.00254720938392, 0.00164806540124, 0.000819592794869, 0.000417783739977, 0.000116111332318, 1.36694352477e-05, 6.84069482304e-06, 3.2914208532e-06, 7.9189594544e-06], "max": [1.78962779045, 36.5104293823, 144.450531006, 102.909156799, 72.4556503296, 66.641456604, 753.333374023, 653.278320312, 1523.56091309, 1963.38427734, 654.78717041, 1702.32995605, 2497.69189453, 4033.57910156, 4520.50830078, 4101.4453125, 3182.94482422, 2065.90234375, 2334.91699219, 1132.6673584, 717.954040527, 682.177612305, 115.57849884, 127.160987854, 281.496704102, 79.1938323975, 42.055015564, 11.6695461273, 5.14527416229, 2.58146739006, 2.37913751602, 0.305279433727, 0.0484528690577, 0.0156447272748, 0.0116322552785, 0.00394246354699, 0.00125512003433, 0.000262028945144, 0.000117183473776, 0.000280215608655], "var": [0.0400573387742, 0.996719837189, 19.3974494934, 31.5275039673, 8.70374965668, 13.7081613541, 3777.05444336, 3339.18359375, 8921.66113281, 8323.15527344, 494.405822754, 4598.73193359, 8902.17675781, 10991.8740234, 6492.71972656, 5991.3984375, 972.135498047, 754.521362305, 753.822937012, 345.174407959, 68.1395111084, 45.5761833191, 5.31646347046, 7.89913463593, 12.0705900192, 0.638049185276, 0.228474915028, 0.0201152078807, 0.00284429476596, 0.000526406569406, 0.000348481989931, 3.10103278025e-05, 1.11989247671e-05, 3.09345750793e-06, 8.53604490203e-07, 5.24920622524e-08, 1.12327169788e-09, 1.3398342158e-10, 7.42145025989e-11, 4.01095046065e-10], "mean": [0.197149470448, 0.788726270199, 2.16822004318, 2.82179188728, 1.82491922379, 4.71571397781, 60.1629257202, 77.5768661499, 116.543800354, 85.8970565796, 17.4386959076, 59.3709907532, 35.0587539673, 29.2451000214, 18.7555541992, 21.8618831635, 9.37817382812, 7.36918926239, 4.74664878845, 4.68779373169, 2.25925540924, 1.53227353096, 1.58521616459, 1.67757201195, 0.880251586437, 0.226986646652, 0.121014103293, 0.0905578806996, 0.0458979792893, 0.0219325423241, 0.0148464664817, 0.00954606384039, 0.00630780449137, 0.00351924356073, 0.00180280045606, 0.000508841359988, 5.76379788981e-05, 1.91703693417e-05, 1.70446783159e-05, 3.90202876588e-05]}, "spectral_strongpeak": {"dmean2": 0.787331104279, "median": 1.48825550079, "min": 7.32492788647e-10, "dvar2": 0.828306496143, "dvar": 0.351982802153, "dmean": 0.47729948163, "max": 14.6296081543, "var": 1.05713737011, "mean": 1.50182366371}, "spectral_energy": {"dmean2": 0.0119673702866, "median": 0.0329903401434, "min": 1.06527364666e-20, "dvar2": 0.000136218513944, "dvar": 4.984977204e-05, "dmean": 0.0071655632928, "max": 0.256823897362, "var": 0.000320554419886, "mean": 0.0349601171911}, "average_loudness": 0.788884282112, "spectral_rolloff": {"dmean2": 110.050689697, "median": 473.73046875, "min": 129.19921875, "dvar2": 50715.2304688, "dvar": 24433.4335938, "dmean": 61.06275177, "max": 18647.7539062, "var": 1569518, "mean": 645.964355469}, "spectral_centroid": {"dmean2": 62.4768981934, "median": 476.560180664, "min": 241.673141479, "dvar2": 7498.43408203, "dvar": 4505.40722656, "dmean": 37.5643844604, "max": 10893.2050781, "var": 70090.15625, "mean": 509.805999756}, "pitch_salience": {"dmean2": 0.0954829603434, "median"