{"metadata": {"tags": {"label": ["Warner Bros. Records"], "releasecountry": ["US"], "catalognumber": ["9 45925-2"], "genre": ["Jazz - Cool"], "releasetype": ["album", "live"], "tracknumber": ["6"], "disctotal": ["6"], "musicbrainz_albumartistid": ["d0630a08-3b40-4cb4-9f48-7d525262c1f6"], "album": ["Turn Out The Stars: The Final Village Vanguard Sessions (Disc3)"], "script": ["Latn"], "albumartistsort": ["Evans, Bill, Trio"], "acoustid_id": ["c9b52b17-4721-465a-b75e-98dee596311c"], "musicbrainz_artistid": ["d0630a08-3b40-4cb4-9f48-7d525262c1f6"], "musicbrainz_releasegroupid": ["282d3a94-3ac9-3412-abab-f0780237ea9d"], "musicbrainz_recordingid": ["14a16955-196b-4759-824a-d127dfe20672"], "albumartist": ["Bill Evans Trio"], "originaldate": ["1980"], "releasestatus": ["official"], "artist": ["Bill Evans Trio"], "musicbrainz_albumid": ["7971de07-5887-4f1d-9927-5c62bd6d7e06"], "artistsort": ["Evans, Bill, Trio"], "title": ["Tiffany"], "asin": ["B000002MYU"], "tracktotal": ["12"], "discnumber": ["3"], "date": ["1996-11-05"], "media": ["CD"], "file_name": "06 - Tiffany.flac"}, "audio_properties": {"sample_rate": 44100, "downmix": "mix", "lossless": true, "analysis_sample_rate": 44100, "md5_encoded": "8bfd79229e68d8461088339294c6ac5e", "equal_loudness": 0, "replay_gain": -4.84331321716, "codec": "flac", "bit_rate": 0, "length": 325.533325195}, "version": {"extractor": "music 1.0", "essentia_build_sha": "2d9f1f26377add8aeb1075a9c2973f962c4f09fd", "essentia_git_sha": "v2.1_beta2-1-ge3940c0", "essentia": "2.1-beta2"}}, "rhythm": {"beats_loudness_band_ratio": {"dvar2": [0.0912162363529, 0.0975340381265, 0.0812643915415, 0.0614114999771, 0.0309465639293, 0.000625770597253], "var": [0.0634347870946, 0.0680875778198, 0.046120762825, 0.0242941025645, 0.00934160407633, 0.000318647973472], "min": [0.00076751911547, 0.00221460312605, 0.00113652995788, 9.07151697902e-05, 1.6639196474e-05, 1.15699613161e-05], "dmean": [0.206242382526, 0.227974414825, 0.17080758512, 0.108351245522, 0.0275005251169, 0.00447412766516], "mean": [0.302479475737, 0.408268511295, 0.225321575999, 0.117594227195, 0.0278961937875, 0.00508151482791], "max": [0.978099226952, 0.961206316948, 0.965490579605, 0.943272650242, 0.937196075916, 0.240198940039], "dmean2": [0.356645315886, 0.395626366138, 0.301284909248, 0.190355151892, 0.0510375313461, 0.00770950270817], "median": [0.242135986686, 0.383709549904, 0.141942918301, 0.0573044084013, 0.00629867287353, 0.00124099687673], "dvar": [0.0360755994916, 0.0363987721503, 0.0297435168177, 0.022990623489, 0.0106843812391, 0.000232519916608]}, "bpm_histogram_first_peak_weight": {"dvar2": 0, "var": 0, "min": 0.296158611774, "dmean": 0, "mean": 0.296158611774, "max": 0.296158611774, "dmean2": 0, "median": 0.296158611774, "dvar": 0}, "bpm": 164.724563599, "beats_count": 808, "bpm_histogram_first_peak_spread": {"dvar2": 0, "var": 0, "min": 0, "dmean": 0, "mean": 0, "max": 0, "dmean2": 0, "median": 0, "dvar": 0}, "danceability": 1.00823879242, "bpm_histogram_first_peak_bpm": {"dvar2": 0, "var": 0, "min": 167, "dmean": 0, "mean": 167, "max": 167, "dmean2": 0, "median": 167, "dvar": 0}, "beats_position": [0.545668900013, 1.10294783115, 1.66022670269, 2.21750569344, 2.76317453384, 3.34367346764, 3.93578219414, 4.55111122131, 5.16644001007, 5.78176879883, 6.40870714188, 7.03564596176, 7.60453510284, 8.17342376709, 8.75392246246, 9.31120204926, 9.8800907135, 10.4489793777, 11.0062580109, 11.5751476288, 12.1556463242, 12.7361450195, 13.328253746, 13.9087524414, 14.4776411057, 15.0697498322, 15.6618595123, 16.2307472229, 16.8112468719, 17.391746521, 17.9838542938, 18.575963974, 19.1564617157, 19.760181427, 20.363899231, 20.9095687866, 21.4552383423, 21.9892959595, 22.5349655151, 23.0806350708, 23.6379127502, 24.195192337, 24.7756919861, 25.3097496033, 25.8205890656, 26.3546485901, 26.8770961761, 27.3995456696, 27.9336051941, 28.4560546875, 28.9785022736, 29.5125617981, 30.1162815094, 30.7083892822, 31.3004989624, 31.8926067352, 32.4847145081, 33.0187759399, 33.5528335571, 34.0868911743, 34.6209526062, 35.1666221619, 35.7355079651, 36.304397583, 36.8848991394, 37.4653968811, 38.034286499, 38.6031723022, 39.1720619202, 39.7409515381, 40.3330612183, 40.9251708984, 41.5288887024, 42.1326065063, 42.7479362488, 43.3516540527, 43.9553718567, 44.5590934753, 45.046710968, 45.5459403992, 46.0567779541, 46.5443992615, 47.0436286926, 47.5312461853, 48.018863678, 48.5064849854, 48.994102478, 49.4585037231, 49.9229011536, 50.3756904602, 50.8400878906, 51.3044891357, 51.7572784424, 52.1752357483, 52.5699768066, 52.9763259888, 53.3826751709, 53.7541923523, 54.1141014099, 54.4740142822, 54.8339233398, 55.2170524597, 55.6001815796, 55.9833106995, 56.3432197571, 56.7727890015, 57.2023582458, 57.608707428, 58.0498847961, 58.4794540405, 58.9090232849, 59.3269844055, 59.7449417114, 60.1512908936, 60.5576400757, 60.952381134, 61.3703384399, 61.7882995605, 62.2062568665, 62.6242179871, 63.0305671692, 63.4601364136, 63.889705658, 64.3192749023, 64.7256240845, 65.1319732666, 65.5499343872, 65.9678878784, 66.385848999, 66.8038101196, 67.2449874878, 67.6977767944, 68.1505661011, 68.5685272217, 68.9864807129, 69.4044418335, 69.8340148926, 70.2519683838, 70.6467132568, 71.053062439, 71.4477996826, 71.8541488647, 72.2604980469, 72.666847229, 73.1080245972, 73.5375976563, 73.9555511475, 74.3735122681, 74.7914733887, 75.1978225708, 75.6041717529, 76.0105209351, 76.4284820557, 76.8464355469, 77.252784729, 77.6475296021, 78.0538787842, 78.4486160278, 78.831741333, 79.2264862061, 79.6212234497, 80.0159606934, 80.410697937, 80.8054428101, 81.2001800537, 81.6065292358, 82.012878418, 82.4308395386, 82.8487930298, 83.2435379028, 83.661491394, 84.0794525146, 84.4858016968, 84.8805389404, 85.2868881226, 85.6816329956, 86.0763702393, 86.4711074829, 86.865852356, 87.2605895996, 87.6553268433, 88.0500640869, 88.44480896, 88.8395462036, 89.2226715088, 89.6058044434, 90.000541687, 90.3952789307, 90.7900238037, 91.1963729858, 91.602722168, 91.9974594116, 92.3921966553, 92.7869338989, 93.181678772, 93.5648040771, 93.9479370117, 94.3426742554, 94.737411499, 95.1321487427, 95.5268936157, 95.9216308594, 96.316368103, 96.7111129761, 97.1058502197, 97.5005874634, 97.895324707, 98.2900695801, 98.6848068237, 99.0795440674, 99.4858932495, 99.9154663086, 100.356643677, 100.786209106, 101.215782166, 101.633743286, 102.02848053, 102.423217773, 102.817955017, 103.21269989, 103.607437134, 104.002174377, 104.373695374, 104.768432617, 105.151565552, 105.534690857, 105.906211853, 106.289337158, 106.69568634, 107.067207336, 107.438728333, 107.810249329, 108.170158386, 108.530067444, 108.90158844, 109.273101807, 109.656234741, 110.027755737, 110.399269104, 110.759178162, 111.130699158, 111.502220154, 111.87374115, 112.245262146, 112.616775513, 112.988296509, 113.359817505, 113.731338501, 114.114463806, 114.474372864, 114.84589386, 115.217414856, 115.577323914, 115.94884491, 116.331970215, 116.703491211, 117.075012207, 117.434921265, 117.794830322, 118.166343689, 118.526252747, 118.886169434, 119.246078491, 119.629203796, 120.000724792, 120.349021912, 120.708930969, 121.057228088, 121.417137146, 121.788658142, 122.160179138, 122.531700134, 122.90322113, 123.286346436, 123.646255493, 124.017776489, 124.389297485, 124.749206543, 125.085891724, 125.434196472, 125.79410553, 126.154014587, 126.525527954, 126.89704895, 127.256958008, 127.616867065, 127.976776123, 128.336685181, 128.708206177, 129.056503296, 129.428024292, 129.78793335, 130.147842407, 130.519363403, 130.890884399, 131.239181519, 131.599090576, 131.958999634, 132.33052063, 132.702041626, 133.073562622, 133.43347168, 133.804992676, 134.176498413, 134.559631348, 134.931152344, 135.30267334, 135.674194336, 136.045715332, 136.40562439, 136.765533447, 137.125442505, 137.496963501, 137.868484497, 138.228393555, 138.588302612, 138.94821167, 139.319732666, 139.679641724, 140.039550781, 140.411056519, 140.782577515, 141.154098511, 141.525619507, 141.897140503, 142.268661499, 142.640182495, 143.000091553, 143.36000061, 143.719909668, 144.079818726, 144.439727783, 144.799636841, 145.14793396, 145.496231079, 145.856140137, 146.216049194, 146.564346313, 146.912643433, 147.27255249, 147.632461548, 147.992385864, 148.352294922, 148.723800659, 149.083709717, 149.455230713, 149.826751709, 150.209884644, 150.546569824, 150.894866943, 151.254776001, 151.626296997, 151.986206055, 152.346115112, 152.694412231, 153.054321289, 153.402633667, 153.762542725, 154.110839844, 154.470748901, 154.830657959, 155.178955078, 155.527252197, 155.875549316, 156.223846436, 156.572158813, 156.920455933, 157.268753052, 157.617050171, 157.976959229, 158.325256348, 158.673553467, 159.021850586, 159.370162964, 159.730072021, 160.078369141, 160.42666626, 160.786575317, 161.146484375, 161.506393433, 161.877914429, 162.237823486, 162.586120605, 162.934417725, 163.294326782, 163.65423584, 164.014144897, 164.374053955, 164.745574951, 165.117095947, 165.465393066, 165.825302124, 166.185211182, 166.545120239, 166.905029297, 167.253326416, 167.601623535, 167.961532593, 168.32144165, 168.669754028, 169.018051147, 169.377960205, 169.737869263, 170.086166382, 170.434463501, 170.794372559, 171.154281616, 171.502578735, 171.850875854, 172.210784912, 172.57069397, 172.942214966, 173.290512085, 173.638824463, 173.987121582, 174.335418701, 174.68371582, 175.032012939, 175.380310059, 175.728607178, 176.076919556, 176.436828613, 176.796737671, 177.156646729, 177.516555786, 177.876464844, 178.236373901, 178.584671021, 178.944580078, 179.304489136, 179.652786255, 180.001083374, 180.360992432, 180.720901489, 181.092422485, 181.452331543, 181.812240601, 182.172149658, 182.532058716, 182.891967773, 183.251876831, 183.611785889, 183.971694946, 184.343215942, 184.714736938, 185.074645996, 185.446166992, 185.80607605, 186.165985107, 186.537506104, 186.897415161, 187.268936157, 187.640457153, 188.011962891, 188.383483887, 188.755004883, 189.126525879, 189.498046875, 189.869567871, 190.241088867, 190.589385986, 190.949295044, 191.297592163, 191.657501221, 192.029022217, 192.412155151, 192.795272827, 193.166793823, 193.515090942, 193.875015259, 194.234924316, 194.606430054, 194.97795105, 195.349472046, 195.709381104, 196.057678223, 196.41758728, 196.765899658, 197.125808716, 197.485717773, 197.845626831, 198.205535889, 198.565444946, 198.925354004, 199.296859741, 199.656768799, 200.016693115, 200.388198853, 200.759719849, 201.131240845, 201.502761841, 201.874282837, 202.234191895, 202.594100952, 202.95401001, 203.313919067, 203.673828125, 204.033737183, 204.382034302, 204.741943359, 205.101852417, 205.473373413, 205.844894409, 206.204803467, 206.587936401, 206.959457397, 207.330978394, 207.690887451, 208.050796509, 208.399093628, 208.770614624, 209.142120361, 209.513641357, 209.885162354, 210.25668335, 210.628204346, 210.988113403, 211.348022461, 211.707931519, 212.067840576, 212.439361572, 212.810882568, 213.182403564, 213.530700684, 213.890609741, 214.250518799, 214.598815918, 214.947113037, 215.307022095, 215.678543091, 216.038452148, 216.386749268, 216.735046387, 217.094955444, 217.454864502, 217.81477356, 218.174682617, 218.534591675, 218.894515991, 219.266021729, 219.625930786, 219.985839844, 220.35736084, 220.728881836, 221.088790894, 221.437088013, 221.79699707, 222.168518066, 222.528427124, 222.888336182, 223.248245239, 223.608154297, 223.968063354, 224.327972412, 224.68788147, 225.036193848, 225.396102905, 225.744400024, 226.092697144, 226.452606201, 226.812515259, 227.195648193, 227.578765869, 227.961898804, 228.3334198, 228.693328857, 229.053237915, 229.424758911, 229.784667969, 230.144577026, 230.516098022, 230.887619019, 231.282348633, 231.677093506, 232.06022644, 232.443344116, 232.814865112, 233.17477417, 233.546295166, 233.917816162, 234.266113281, 234.626022339, 234.985931396, 235.345840454, 235.71736145, 236.100494385, 236.472015381, 236.843536377, 237.238265991, 237.609786987, 237.969696045, 238.317993164, 238.677902222, 239.037811279, 239.397735596, 239.769241333, 240.129150391, 240.489059448, 240.848968506, 241.220489502, 241.603622437, 241.975143433, 242.33505249, 242.718185425, 243.089706421, 243.461227417, 243.821136475, 244.181045532, 244.54095459, 244.900863647, 245.249160767, 245.609069824, 245.957366943, 246.317276001, 246.66557312, 247.013870239, 247.362167358, 247.722076416, 248.081985474, 248.45350647, 248.813415527, 249.184936523, 249.533233643, 249.8931427, 250.264663696, 250.624572754, 250.984481812, 251.344390869, 251.704299927, 252.064208984, 252.424118042, 252.772415161, 253.120727539, 253.480636597, 253.840545654, 254.212051392, 254.571975708, 254.931884766, 255.291793823, 255.640090942, 256, 256.348297119, 256.708190918, 257.068115234, 257.43963623, 257.822753906, 258.217498779, 258.612243652, 259.006988525, 259.390106201, 259.773223877, 260.133148193, 260.493041992, 260.876190186, 261.247711182, 261.60760498, 261.9559021, 262.315826416, 262.687347412, 263.047241211, 263.407165527, 263.755462646, 264.103759766, 264.452056885, 264.800354004, 265.16027832, 265.520172119, 265.880096436, 266.239990234, 266.599914551, 266.95980835, 267.308105469, 267.656402588, 268.016326904, 268.376220703, 268.724517822, 269.084442139, 269.444335938, 269.815856934, 270.164154053, 270.512481689, 270.860778809, 271.220672607, 271.580596924, 271.940490723, 272.300415039, 272.671936035, 273.031829834, 273.39175415, 273.74005127, 274.099945068, 274.459869385, 274.808166504, 275.156463623, 275.504760742, 275.853057861, 276.20135498, 276.561279297, 276.897949219, 277.246246338, 277.594543457, 277.942840576, 278.314361572, 278.685882568, 279.057403564, 279.417327881, 279.77722168, 280.137145996, 280.497039795, 280.868560791, 281.228485107, 281.588378906, 281.948303223, 282.308197021, 282.644897461, 282.99319458, 283.341491699, 283.701385498, 284.072906494, 284.44442749, 284.815948486, 285.19909668, 285.582214355, 285.953735352, 286.325256348, 286.696777344, 287.045074463, 287.416595459, 287.788116455, 288.148010254, 288.50793457, 288.879455566, 289.239349365, 289.599273682, 289.95916748, 290.319091797, 290.667388916, 291.015686035, 291.363983154, 291.723907471, 292.08380127, 292.443725586, 292.803619385, 293.151916504, 293.500213623, 293.871734619, 294.243255615, 294.626403809, 295.009521484, 295.369415283, 295.775787354, 296.182128906, 296.588470459, 297.006439209, 297.424407959, 297.842346191, 298.248687744, 298.666656494, 299.003356934, 299.340026855, 299.676727295, 300.025024414, 300.361724854, 300.710021973, 301.058319092, 301.406616211, 301.836181641, 302.26574707, 302.6953125, 303.12487793, 303.554473877, 303.995635986, 304.436828613, 305.040527344, 305.644256592, 306.24798584, 306.85168457, 307.455413818, 308.059143066, 308.662841797, 309.301391602, 309.939941406, 310.578491211, 311.158996582, 311.727874756, 312.28515625, 312.842437744, 313.399719238, 313.980224609, 314.549102783, 315.187652588, 315.826202393, 316.44152832, 316.998809814, 317.556091309, 318.101776123, 318.6590271, 319.204711914, 319.761993408, 320.319274902, 320.876556396, 321.433837891, 321.991119385, 322.548370361, 323.105651855, 323.66293335, 324.231842041, 324.800720215], "beats_loudness": {"dvar2": 0.00251051667146, "var": 0.00100154906977, "min": 1.3079216842e-05, "dmean": 0.0239527486265, "mean": 0.0293118972331, "max": 0.234855249524, "dmean2": 0.0421155765653, "median": 0.0203157998621, "dvar": 0.000884024833795}, "bpm_histogram_second_peak_weight": {"dvar2": 0, "var": 0, "min": 0.182156130672, "dmean": 0, "mean": 0.182156130672, "max": 0.182156130672, "dmean2": 0, "median": 0.182156130672, "dvar": 0}, "bpm_histogram_second_peak_spread": {"dvar2": 0, "var": 0, "min": 0.201086938381, "dmean": 0, "mean": 0.201086938381, "max": 0.201086938381, "dmean2": 0, "median": 0.201086938381, "dvar": 0}, "bpm_histogram_second_peak_bpm": {"dvar2": 0, "var": 0, "min": 161, "dmean": 0, "mean": 161, "max": 161, "dmean2": 0, "median": 161, "dvar": 0}, "onset_rate": 4.3433470726}, "lowlevel": {"spectral_energyband_high": {"dvar2": 3.41049712915e-08, "var": 1.35661277767e-08, "min": 2.35027961537e-08, "dmean": 2.43633639911e-05, "mean": 3.17596714012e-05, "max": 0.00465176394209, "dmean2": 3.82860234822e-05, "median": 7.31377122065e-06, "dvar": 1.31257911207e-08}, "spectral_energyband_middle_low": {"dvar2": 0.000220901827561, "var": 0.000364544597687, "min": 4.31398206047e-07, "dmean": 0.00539577752352, "mean": 0.0144949201494, "max": 0.223345413804, "dmean2": 0.00789410620928, "median": 0.00799183640629, "dvar": 0.000104692328023}, "spectral_energy": {"dvar2": 0.000312239222694, "var": 0.00056381005561, "min": 1.46082152241e-06, "dmean": 0.0069395727478, "mean": 0.0200378466398, "max": 0.338322579861, "dmean2": 0.00983806699514, "median": 0.0124284252524, "dvar": 0.000154393055709}, "spectral_spread": {"dvar2": 463624372224, "var": 1117306486780.0, "min": 567984.9375, "dmean": 416217.375, "mean": 2470577.5, "max": 19519940, "dmean2": 635751.4375, "median": 2305683.5, "dvar": 215942037504}, "spectral_energyband_low": {"dvar2": 2.57387437159e-05, "var": 3.94353737647e-05, "min": 5.13918735123e-07, "dmean": 0.00142766803037, "mean": 0.00353227672167, "max": 0.121759936213, "dmean2": 0.0021749837324, "median": 0.00137522316072, "dvar": 1.20672239063e-05}, "spectral_rolloff": {"dvar2": 154490.671875, "var": 254420.046875, "min": 64.599609375, "dmean": 117.57334137, "mean": 684.848022461, "max": 6481.49414063, "dmean2": 204.295852661, "median": 581.396484375, "dvar": 64422.6601563}, "barkbands": {"dvar2": [4.23263264715e-11, 1.35356344799e-06, 1.49532597788e-05, 1.35700247483e-05, 6.75182163832e-05, 8.53480014484e-05, 6.26000428383e-06, 5.06513106302e-06, 4.09150970881e-06, 1.21597877296e-05, 2.31763988268e-06, 5.20856337971e-06, 6.40038081201e-07, 3.56987300165e-07, 4.23273813794e-05, 8.49672332492e-08, 2.58384261542e-07, 2.02766692325e-08, 2.18343174652e-08, 5.92112803233e-09, 1.74958341148e-08, 1.33589095341e-09, 5.45749834213e-10, 7.06188371669e-11, 2.28884532855e-11, 2.61339712891e-12, 9.30325423903e-15], "var": [5.22325099839e-11, 2.29122724704e-06, 2.24626783165e-05, 1.9534760213e-05, 9.06840286916e-05, 8.44564128784e-05, 9.37061577133e-06, 6.4154132815e-06, 1.0185793144e-05, 1.46291740748e-05, 5.01124759467e-06, 4.68403595733e-06, 3.99373504933e-07, 2.83556801151e-07, 3.41172708431e-05, 4.23308641473e-08, 1.77798497702e-07, 1.12954703368e-08, 1.0937998951e-08, 2.63662847111e-09, 5.9054277024e-09, 5.0709980659e-10, 2.11218292856e-10, 3.03653734102e-11, 8.23497953856e-12, 8.0383204433e-13, 3.52960746703e-15], "min": [2.23593990545e-10, 1.266206624e-07, 1.16661036387e-08, 4.01245827675e-08, 5.38900764013e-08, 1.7378642525e-08, 1.29683019878e-08, 9.23096443728e-09, 7.36754524056e-09, 2.56224952366e-09, 2.78431944167e-09, 9.49060274813e-10, 2.15002549098e-09, 2.19468931917e-09, 2.47305043111e-09, 3.5776033247e-09, 2.14757478467e-09, 2.73118194727e-09, 3.4148217587e-09, 3.19834470019e-09, 4.33024149871e-09, 5.32169863732e-09, 3.81737530475e-09, 1.81353621009e-09, 1.34639210891e-09, 9.37572686155e-10, 7.40431271851e-10], "dmean": [1.69499026015e-06, 0.000340895610861, 0.000941451638937, 0.000816228217445, 0.00237892870791, 0.00207617180422, 0.000601594510954, 0.000450632011052, 0.000417685630964, 0.000556270475499, 0.000261510460405, 0.000272018136457, 0.000122437384562, 8.62750603119e-05, 0.000256278901361, 3.83514052373e-05, 4.42847158411e-05, 1.82364401553e-05, 1.77197543962e-05, 1.09440934466e-05, 9.91014348983e-06, 4.67064774057e-06, 2.89847571366e-06, 1.261733928e-06, 6.49150251775e-07, 1.92088350559e-07, 1.44829801485e-08], "mean": [2.68805524684e-06, 0.000704941980075, 0.00214729714207, 0.00160843273625, 0.00485627260059, 0.00420579640195, 0.00128241220955, 0.00104575383011, 0.00107045855839, 0.00109339377377, 0.000551453325897, 0.000504746160004, 0.000219064764678, 0.000150976877194, 0.000382223195629, 6.16267352598e-05, 6.32415831205e-05, 2.59017524513e-05, 2.36287796724e-05, 1.38130917549e-05, 1.18808156913e-05, 5.89063574807e-06, 3.51835797119e-06, 1.58083469159e-06, 7.54849224904e-07, 2.25904273066e-07, 2.10558184222e-08], "max": [0.000107169296825, 0.0222718566656, 0.0916410386562, 0.059241630137, 0.152730971575, 0.146830230951, 0.0601768419147, 0.0411125980318, 0.0654430091381, 0.0803066566586, 0.071537040174, 0.107448257506, 0.0231042858213, 0.0183677021414, 0.314109951258, 0.00578368268907, 0.0181505512446, 0.00411401176825, 0.00469478266314, 0.00185850192793, 0.00444081705064, 0.000861276173964, 0.000610342016444, 0.000138475690619, 8.34720776766e-05, 3.6211884435e-05, 1.34588685796e-06], "dmean2": [2.89075228466e-06, 0.000551346631255, 0.00142828340176, 0.00126123067457, 0.0036349487491, 0.0032429380808, 0.00089369044872, 0.000695980794262, 0.000538628839422, 0.000736100773793, 0.000349971000105, 0.000385393854231, 0.000188589168829, 0.000126543774968, 0.000343403429724, 6.10983843217e-05, 6.66127598379e-05, 2.85700025415e-05, 2.73714722425e-05, 1.69416052813e-05, 1.60975141625e-05, 7.47805279389e-06, 4.64068898509e-06, 2.01548823497e-06, 1.06075049189e-06, 3.14677834012e-07, 2.32380035214e-08], "median": [5.14247744832e-07, 0.000184091069968, 0.00047953001922, 0.000313920958433, 0.00154314213432, 0.00112593651284, 0.000351198716089, 0.000217479187995, 0.000185710727237, 0.000161131902132, 6.63297687424e-05, 7.60829425417e-05, 5.64747097087e-05, 2.46437193709e-05, 2.04664720513e-05, 8.34404545458e-06, 5.43227315575e-06, 4.3648387873e-06, 4.06916524298e-06, 3.04391733152e-06, 2.4314285838e-06, 1.26590930449e-06, 6.31694604181e-07, 2.97778626646e-07, 1.20344807897e-07, 3.65279113623e-08, 6.78171963031e-09], "dvar": [1.6078353926e-11, 5.84866143072e-07, 7.07823164703e-06, 6.63197488393e-06, 3.23818167089e-05, 3.3802807593e-05, 2.98716122415e-06, 2.12817894862e-06, 2.37247945734e-06, 6.28869793218e-06, 1.401530767e-06, 2.56328394244e-06, 2.71773387794e-07, 1.72286377165e-07, 2.0884173864e-05, 3.18471720107e-08, 1.26721303673e-07, 8.67744276434e-09, 8.868194179e-09, 2.39262076818e-09, 6.70118804891e-09, 4.98674102012e-10, 2.10420889046e-10, 2.71214405101e-11, 8.85127648259e-12, 9.92204365544e-13, 3.69743772817e-15]}, "melbands_skewness": {"dvar2": 1.05812859535, "var": 2.02156352997, "min": -4.63438749313, "dmean": 0.56439602375, "mean": 1.87884032726, "max": 14.2684717178, "dmean2": 0.873205900192, "median": 1.71627652645, "dvar": 0.46288216114}, "barkbands_skewness": {"dvar2": 0.919915318489, "var": 1.9761377573, "min": -7.25443792343, "dmean": 0.529090106487, "mean": 1.62550115585, "max": 19.7094573975, "dmean2": 0.811122477055, "median": 1.47355854511, "dvar": 0.417728453875}, "erbbands": {"dvar2": [0.000136058806675, 0.125745549798, 10.4441137314, 51.9452438354, 750.440002441, 1147.0345459, 1135.35046387, 8565.54882813, 4739.76513672, 979.514526367, 2383.55688477, 1425.74121094, 6583.68505859, 11746.0371094, 4107.50683594, 7576.27392578, 2617.39770508, 1434.12121582, 150590.53125, 2783.8972168, 357.564422607, 656.001586914, 81.2031784058, 69.6469497681, 47.3414878845, 16.9452915192, 28.6275978088, 9.69864749908, 1.59478211403, 1.17650747299, 0.223260179162, 0.0513906255364, 0.0151666300371, 0.00373674579896, 0.000986526138149, 0.000138927876833, 4.73409318147e-06, 6.40761399495e-08, 3.62010393884e-10, 4.09079353725e-10], "var": [0.000353309471393, 0.209333971143, 16.5946235657, 71.5192565918, 845.416137695, 1557.64318848, 1511.93127441, 7987.05810547, 7139.92089844, 1158.00708008, 3158.58789063, 2881.83325195, 11336.9101563, 17235.0585938, 6309.69482422, 6836.50341797, 2027.89099121, 1173.35766602, 124589.617188, 2099.68188477, 216.109909058, 411.603546143, 46.4178581238, 30.9437599182, 25.2393112183, 7.4432682991, 10.2249546051, 3.23719501495, 0.631114244461, 0.463472574949, 0.0885532572865, 0.0226442981511, 0.00591118168086, 0.00143728719559, 0.000314561097184, 4.08365231124e-05, 1.47208231738e-06, 2.23436966706e-08, 2.80367784544e-10, 7.25960902503e-10], "min": [4.98110375702e-06, 3.53892392013e-05, 9.02546889847e-05, 0.000167805221281, 0.00015612594143, 0.000137906521559, 0.000514065672178, 0.000151230953634, 0.00026956552756, 0.000165219142218, 0.000209832011024, 0.000193255138583, 0.000134792804602, 0.000170186132891, 0.000154555105837, 7.4007009971e-05, 0.000173572683707, 0.00016911890998, 9.63711136137e-05, 0.000158830487635, 0.00017377268523, 0.000133291992825, 0.000151098298375, 0.000174187502125, 0.000199004483875, 0.000176863439265, 0.000197980523808, 0.000169480132172, 0.000167704856722, 0.000162330310559, 0.000122805067804, 3.43739484379e-05, 3.31268493028e-05, 1.59325954883e-05, 8.42156532599e-06, 3.45933949575e-06, 2.0557120024e-06, 6.52074731988e-07, 9.96991147417e-08, 1.05268229689e-08], "dmean": [0.00364334369078, 0.106788218021, 0.876055836678, 1.86966586113, 5.32798099518, 9.22954463959, 8.39037322998, 19.1975440979, 14.5358066559, 7.18436384201, 9.97163009644, 8.59837055206, 13.7685489655, 16.7996177673, 9.78546142578, 10.6981487274, 6.64872932434, 5.41408109665, 14.4303541183, 4.4924864769, 2.26830863953, 2.24468374252, 1.14954447746, 0.882007956505, 0.82833725214, 0.543842554092, 0.478804349899, 0.305556714535, 0.173856422305, 0.129227787256, 0.064419567585, 0.0328657254577, 0.017967781052, 0.00870583765209, 0.00389231252484, 0.00132828997448, 0.000263196590822, 3.48016546923e-05, 5.32556077815e-06, 7.85178781371e-06], "mean": [0.00861044973135, 0.231100142002, 2.01388525963, 4.18455553055, 10.7949886322, 18.2814407349, 17.3776130676, 37.9706993103, 29.8946037292, 16.0852508545, 24.3105812073, 21.8679962158, 33.725353241, 33.4449119568, 21.0937461853, 20.5395107269, 12.4576339722, 9.87595653534, 21.436882019, 7.38284349442, 3.70518541336, 3.32512068748, 1.6919451952, 1.20373427868, 1.122615695, 0.691886842251, 0.580995321274, 0.370712667704, 0.220520466566, 0.158442407846, 0.0805028229952, 0.0421600826085, 0.0217473171651, 0.010297560133, 0.0043981638737, 0.00148296833504, 0.000333071104251, 4.79418013128e-05, 1.32671430038e-05, 2.26854990615e-05], "max": [0.279292911291, 6.6072511673, 62.2143707275, 161.008102417, 620.23815918, 545.09552002, 1097.81896973, 1400.8626709, 1687.59899902, 1115.02539063, 1092.80163574, 987.600646973, 3061.8828125, 2966.2109375, 3763.71337891, 3891.51147461, 2230.3984375, 1280.0267334, 18834.4472656, 2360.70092773, 530.480773926, 1179.05383301, 292.422790527, 326.681121826, 252.404190063, 119.478546143, 165.698883057, 91.5618743896, 27.5955486298, 30.6675415039, 11.6720628738, 4.82392978668, 2.12318849564, 1.00424051285, 0.628544926643, 0.230761691928, 0.0666921287775, 0.00430544652045, 0.000301595631754, 0.000441905489424], "dmean2": [0.00569089921191, 0.170510619879, 1.33059477806, 2.87391853333, 8.29300785065, 14.2040195465, 12.7505788803, 30.2873573303, 21.8199996948, 11.0491008759, 15.0329694748, 11.2377996445, 17.6815738678, 21.4351730347, 13.6025047302, 14.8208589554, 9.77137088776, 7.7830247879, 19.222114563, 6.55615949631, 3.54247307777, 3.35741448402, 1.77799618244, 1.4019972086, 1.25946307182, 0.839674413204, 0.775995314121, 0.493921399117, 0.276963680983, 0.205815404654, 0.102995701134, 0.0525552108884, 0.0288635548204, 0.0141644086689, 0.00641659181565, 0.00218909583054, 0.000428808270954, 5.58117462788e-05, 7.78207504482e-06, 1.10928112917e-05], "median": [0.00238031102344, 0.0715676024556, 0.556950628757, 1.46131110191, 2.87226676941, 5.04366350174, 6.23856973648, 8.84442710876, 6.680580616, 5.33058023453, 5.85431432724, 5.43459033966, 5.6661195755, 4.78990602493, 4.49522018433, 3.90211582184, 3.27926659584, 1.99304640293, 1.13015937805, 0.822520136833, 0.504741430283, 0.317371845245, 0.295740485191, 0.216253787279, 0.200245022774, 0.153085902333, 0.118310824037, 0.0825737565756, 0.0487870909274, 0.0298750549555, 0.0158216524869, 0.00829738099128, 0.00389695283957, 0.00173738144804, 0.000668526277877, 0.000230776204262, 6.28279667581e-05, 1.14188669613e-05, 8.47313458507e-06, 1.41528489621e-05], "dvar": [6.18297563051e-05, 0.0553868375719, 4.95663166046, 24.5505409241, 332.574188232, 543.648132324, 586.898193359, 3347.43652344, 2280.24731445, 421.121246338, 1010.89080811, 784.407287598, 3408.24804688, 6635.44091797, 2123.92456055, 3708.71875, 1219.54199219, 687.024047852, 75030.4765625, 1315.5324707, 149.178527832, 308.689300537, 35.6058959961, 27.686296463, 20.3257598877, 6.83709144592, 11.032749176, 3.66690349579, 0.590170145035, 0.457058161497, 0.0839273110032, 0.0196904223412, 0.00578235927969, 0.00146316725295, 0.000371156493202, 5.20798275829e-05, 1.79403707534e-06, 2.48589415719e-08, 1.55855800488e-10, 2.03258507248e-10]}, "silence_rate_30dB": {"dvar2": 0.022711198777, "var": 0.0122549431399, "min": 0, "dmean": 0.00998573470861, "mean": 0.987590014935, "max": 1, "dmean2": 0.0199728943408, "median": 1, "dvar": 0.00988646410406}, "melbands_spread": {"dvar2": 42.1919822693, "var": 71.7074127197, "min": 0.359687894583, "dmean": 2.55568599701, "mean": 9.74375534058, "max": 134.935211182, "dmean2": 4.01351928711, "median": 7.71347236633, "dvar": 18.0102062225}, "melbands_crest": {"dvar2": 20.1140804291, "var": 33.8820152283, "min": 2.53575468063, "dmean": 2.77304601669, "mean": 15.1409740448, "max": 34.4364891052, "dmean2": 4.47420072556, "median": 14.1465835571, "dvar": 8.42560577393}, "zerocrossingrate": {"dvar2": 2.55814356933e-05, "var": 0.000279164116364, "min": 0.00390625, "dmean": 0.00356177147478, "mean": 0.0272629205137, "max": 0.162109375, "dmean2": 0.00444190017879, "median": 0.02392578125, "dvar": 1.83301781362e-05}, "barkbands_kurtosis": {"dvar2": 193.928543091, "var": 256.82623291, "min": -1.88414037228, "dmean": 3.90294694901, "mean": 7.99639225006, "max": 610.951416016, "dmean2": 6.02041292191, "median": 4.0439953804, "dvar": 94.073348999}, "spectral_flux": {"dvar2": 0.00217530457303, "var": 0.00161036220379, "min": 0.000627014320344, "dmean": 0.0216905977577, "mean": 0.04893258214, "max": 0.485230922699, "dmean2": 0.0350471101701, "median": 0.0389712117612, "dvar": 0.000850568816531}, "barkbands_crest": {"dvar2": 13.6026201248, "var": 22.1246070862, "min": 2.22563052177, "dmean": 2.29968905449, "mean": 12.184132576, "max": 26.6799354553, "dmean2": 3.70133781433, "median": 11.3109760284, "dvar": 5.61774921417}, "barkbands_flatness_db": {"dvar2": 0.0013369563967, "var": 0.00421921629459, "min": 0.039708070457, "dmean": 0.0240505896509, "mean": 0.250558704138, "max": 0.48961430788, "dmean2": 0.0353797338903, "median": 0.24990786612, "dvar": 0.000649377412628}, "spectral_entropy": {"dvar2": 0.132947817445, "var": 0.387258738279, "min": 4.26462268829, "dmean": 0.237952619791, "mean": 6.41375732422, "max": 8.52812767029, "dmean2": 0.349121361971, "median": 6.38714313507, "dvar": 0.0646370500326}, "pitch_salience": {"dvar2": 0.0113222217187, "var": 0.0179700534791, "min": 0.0610273182392, "dmean": 0.0668804049492, "mean": 0.522729337215, "max": 0.880369067192, "dmean2": 0.107056163251, "median": 0.532845437527, "dvar": 0.00478742131963}, "erbbands_spread": {"dvar2": 76.24243927, "var": 106.854423523, "min": 0.604534566402, "dmean": 3.83642482758, "mean": 16.8324432373, "max": 109.73576355, "dmean2": 5.9661488533, "median": 14.8396425247, "dvar": 33.3476257324}, "dynamic_complexity": 4.83750677109, "spectral_contrast_valleys": {"dvar2": [0.340246349573, 0.26580247283, 0.35132676363, 0.278174966574, 0.243054255843, 0.209276556969], "var": [0.975361645222, 0.817303776741, 0.999031603336, 0.941862523556, 1.09704494476, 0.812401890755], "min": [-11.7359571457, -11.6027565002, -12.4849081039, -12.7101316452, -12.3644189835, -14.1440114975], "dmean": [0.430717587471, 0.354701548815, 0.385186523199, 0.349775731564, 0.317143559456, 0.272586852312], "mean": [-8.12553596497, -7.11270713806, -8.08040237427, -9.07885456085, -9.35717105865, -12.3141107559], "max": [-5.42548799515, -4.52369451523, -5.30240917206, -5.7357673645, -6.1039018631, -8.99257850647], "dmean2": [0.708030223846, 0.564365267754, 0.592065036297, 0.541493713856, 0.479297727346, 0.392613381147], "median": [-8.01614379883, -7.03776931763, -8.00218391418, -9.08262443542, -9.16258239746, -12.2931499481], "dvar": [0.132039442658, 0.116200566292, 0.156793013215, 0.122305899858, 0.103153184056, 0.10025344789]}, "hfc": {"dvar2": 200.106735229, "var": 230.142715454, "min": 0.00060387304984, "dmean": 3.39479923248, "mean": 8.99224281311, "max": 573.34967041, "dmean2": 4.60467910767, "median": 5.0756688118, "dvar": 100.593238831}, "spectral_kurtosis": {"dvar2": 285.427001953, "var": 386.219787598, "min": 0.542101621628, "dmean": 8.79709148407, "mean": 21.7447280884, "max": 150.553253174, "dmean2": 14.8029813766, "median": 15.1910362244, "dvar": 102.066581726}, "mfcc": {"mean": [-771.282531738, 195.330108643, 2.70013141632, 11.650727272, -10.742805481, 2.97246456146, -5.15574741364, -5.73932504654, -8.15139102936, -5.50936031342, -6.31195354462, -3.86958909035, -4.26050567627], "cov": [[6576.1796875, 92.8120346069, -1348.48425293, 359.989379883, -240.589508057, 103.945571899, -23.4074420929, 76.1613922119, -64.7679367065, -41.0903358459, -169.122360229, -53.4357833862, -73.4336624146], [92.8120346069, 1609.78417969, -41.6752853394, -181.347106934, 31.9693279266, -135.864028931, -28.231918335, -133.223068237, -110.827453613, -105.167793274, -41.7311515808, -37.9863014221, -18.5288982391], [-1348.48425293, -41.6752853394, 880.676818848, 160.028442383, 49.8887443542, 72.762550354, 68.2929229736, 32.6845054626, 16.1204910278, -10.5267400742, -14.0320606232, -31.0919876099, -34.4275436401], [359.989379883, -181.347106934, 160.028442383, 481.63369751, 48.4540786743, 94.9202194214, 68.4412078857, 63.9597930908, 40.1132965088, 30.0733242035, -4.26238298416, -6.15928936005, -21.9517498016], [-240.589508057, 31.9693279266, 49.8887443542, 48.4540786743, 220.517578125, 77.435218811, 12.3633289337, -2.25196194649, 17.8804454803, 18.5752353668, 26.811794281, 29.520450592, 33.2789306641], [103.945571899, -135.864028931, 72.762550354, 94.9202194214, 77.435218811, 172.683929443, 59.7339286804, 29.8464946747, 22.2723045349, 7.20020437241, -4.37080097198, 4.63941669464, 4.95125675201], [-23.4074420929, -28.231918335, 68.2929229736, 68.4412078857, 12.3633289337, 59.7339286804, 115.316513062, 64.8488845825, 16.3298778534, 9.15915393829, -7.97584295273, -9.26196098328, -1.00774145126], [76.1613922119, -133.223068237, 32.6845054626, 63.9597930908, -2.25196194649, 29.8464946747, 64.8488845825, 138.39855957, 69.9958343506, 17.3564853668, -16.9279785156, -22.483247757, -9.69991874695], [-64.7679367065, -110.827453613, 16.1204910278, 40.1132965088, 17.8804454803, 22.2723045349, 16.3298778534, 69.9958343506, 133.094818115, 69.1356887817, 1.49473083019, -16.5266113281, -13.7583503723], [-41.0903358459, -105.167793274, -10.5267400742, 30.0733242035, 18.5752353668, 7.20020437241, 9.15915393829, 17.3564853668, 69.1356887817, 137.04850769, 67.1176834106, -0.367470860481, -9.9906167984], [-169.122360229, -41.7311515808, -14.0320606232, -4.26238298416, 26.811794281, -4.37080097198, -7.97584295273, -16.9279785156, 1.49473083019, 67.1176834106, 133.036148071, 77.0799026489, 14.4864683151], [-53.4357833862, -37.9863014221, -31.0919876099, -6.15928936005, 29.520450592, 4.63941669464, -9.26196098328, -22.483247757, -16.5266113281, -0.367470860481, 77.0799026489, 139.454940796, 62.5208396912], [-73.4336624146, -18.5288982391, -34.4275436401, -21.9517498016, 33.2789306641, 4.95125675201, -1.00774145126, -9.69991874695, -13.7583503723, -9.9906167984, 14.4864683151, 62.5208396912, 108.954231262]], "icov": [[0.000378155062208, -0.000142286487971, 0.000659654207993, -0.00046812382061, 0.000497187953442, -0.000715865113307, 0.000561544613447, -0.000614246702753, 0.000694685615599, -0.000552837736905, 0.000806974247098, -0.000435123103671, 0.000355396303348], [-0.000142286487971, 0.000892035721336, -0.000217648557737, 0.000334160315106, -0.000729900668375, 0.00117723934818, -0.00109439855441, 0.00121033890173, -0.000402326550102, 0.000928617140744, -0.000424261641456, 0.000534458027687, 0.00010549689614], [0.000659654207993, -0.000217648557737, 0.00243695592508, -0.00113733636681, 0.000632522103842, -0.0013194460189, 0.000303716427879, -0.000756698253099, 0.000919462938327, -0.000387326668715, 0.00105316552799, -0.000389522087062, 0.000914756499697], [-0.00046812382061, 0.000334160315106, -0.00113733636681, 0.00321258092299, -0.000934990996029, 0.000143972632941, -0.00126071274281, 0.000168984610355, -0.000578854058404, -1.43005981954e-05, -0.000333849835442, -9.92944260361e-05, 0.000338585290592], [0.000497187953442, -0.000729900668375, 0.000632522103842, -0.000934990996029, 0.00701732328162, -0.00423301709816, 0.00192232069094, -0.00064397364622, -1.02266012618e-05, -0.000955929106567, -0.000181851472007, -0.00041854014853, -0.00159269757569], [-0.000715865113307, 0.00117723934818, -0.0013194460189, 0.000143972632941, -0.00423301709816, 0.0113152358681, -0.00617789337412, 0.00316469953395, -0.00258228369057, 0.00226706871763, -0.000846187816933, 0.000537128653377, 1.92260431504e-05], [0.000561544613447, -0.00109439855441, 0.000303716427879, -0.00126071274281, 0.00192232069094, -0.00617789337412, 0.0171359013766, -0.00965988822281, 0.00538376299664, -0.0041035967879, 0.00231734500267, -0.00122077460401, -0.000277625134913], [-0.000614246702753, 0.00121033890173, -0.000756698253099, 0.000168984610355, -0.00064397364622, 0.00316469953395, -0.00965988822281, 0.0171193536371, -0.0100598223507, 0.00547500094399, -0.00289459875785, 0.00295519665815, -0.00100478436798], [0.000694685615599, -0.000402326550102, 0.000919462938327, -0.000578854058404, -1.02266012618e-05, -0.00258228369057, 0.00538376299664, -0.0100598223507, 0.0183235928416, -0.0115456404164, 0.00736847845837, -0.00380665110424, 0.00230816751719], [-0.000552837736905, 0.000928617140744, -0.000387326668715, -1.43005981954e-05, -0.000955929106567, 0.00226706871763, -0.0041035967879, 0.00547500094399, -0.0115456404164, 0.0200876686722, -0.0142707740888, 0.00822229497135, -0.00213826075196], [0.000806974247098, -0.000424261641456, 0.00105316552799, -0.000333849835442, -0.000181851472007, -0.000846187816933, 0.00231734500267, -0.00289459875785, 0.00736847845837, -0.0142707740888, 0.0229662321508, -0.0140277724713, 0.00521282618865], [-0.000435123103671, 0.000534458027687, -0.000389522087062, -9.92944260361e-05, -0.00041854014853, 0.000537128653377, -0.00122077460401, 0.00295519665815, -0.00380665110424, 0.00822229497135, -0.0140277724713, 0.0186948776245, -0.00857947114855], [0.000355396303348, 0.00010549689614, 0.000914756499697, 0.000338585290592, -0.00159269757569, 1.92260431504e-05, -0.000277625134913, -0.00100478436798, 0.00230816751719, -0.00213826075196, 0.00521282618865, -0.00857947114855, 0.0145119139925]]}, "silence_rate_20dB": {"dvar2": 0, "var": 0, "min": 1, "dmean": 0, "mean": 1, "max": 1, "dmean2": 0, "median": 1, "dvar": 0}, "melbands_kurtosis": {"dvar2": 292.502410889, "var": 257.724121094, "min": -1.90081107616, "dmean": 4.98289871216, "mean": 10.2072248459, "max": 422.349395752, "dmean2": 7.80865621567, "median": 5.58147954941, "dvar": 119.552947998}, "barkbands_spread": {"dvar2": 17.3521308899, "var": 27.2643756866, "min": 0.147814810276, "dmean": 1.79268467426, "mean": 6.98217105865, "max": 64.1675720215, "dmean2": 2.81415486336, "median": 5.89839982986, "dvar": 7.44789600372}, "erbbands_skewness": {"dvar2": 0.450894922018, "var": 1.12393558025, "min": -7.50829982758, "dmean": 0.399085223675, "mean": 0.84931486845, "max": 8.94021701813, "dmean2": 0.606027126312, "median": 0.792763650417, "dvar": 0.207798078656}, "average_loudness": 0.339260727167, "spectral_centroid": {"dvar2": 49974.0195313, "var": 150777.84375, "min": 126.458518982, "dmean": 88.2335205078, "mean": 581.48046875, "max": 3791.37280273, "dmean2": 135.804580688, "median": 481.679382324, "dvar": 21828.0566406}, "dissonance": {"dvar2": 0.00287495949306, "var": 0.00333382631652, "min": 0.140857920051, "dmean": 0.0345322825015, "mean": 0.409685730934, "max": 0.5, "dmean2": 0.0574307218194, "median": 0.418336242437, "dvar": 0.