{"tonal": {"thpcp": [1, 0.769379496574, 0.291632890701, 0.27439057827, 0.281068176031, 0.385317206383, 0.515631556511, 0.353213310242, 0.167098164558, 0.154492050409, 0.14587944746, 0.274086654186, 0.367957353592, 0.272514253855, 0.439918398857, 0.845217466354, 0.664056479931, 0.273514956236, 0.268773913383, 0.295728385448, 0.387813597918, 0.58399939537, 0.497412651777, 0.275640249252, 0.209825828671, 0.191239207983, 0.267843753099, 0.39594835043, 0.350899547338, 0.313737809658, 0.473585873842, 0.437901705503, 0.253126233816, 0.213115856051, 0.23965549469, 0.512739121914], "hpcp": {"dmean2": [0.155052512884, 0.13241328299, 0.137752443552, 0.170925945044, 0.173128396273, 0.160369038582, 0.160585150123, 0.164779499173, 0.158586651087, 0.141704395413, 0.149584084749, 0.192815959454, 0.225569844246, 0.223783478141, 0.168289169669, 0.141893014312, 0.155253857374, 0.184121221304, 0.190422937274, 0.155446663499, 0.10919765383, 0.100725866854, 0.101290494204, 0.158265352249, 0.186874195933, 0.141756877303, 0.178255826235, 0.220705851912, 0.213828474283, 0.186220109463, 0.203015953302, 0.238330662251, 0.249612867832, 0.294074654579, 0.28483197093, 0.19863152504], "median": [0.00614724773914, 0.00498075876385, 0.0204302966595, 0.0348518677056, 0.0294975247234, 0.0161563586444, 0.00884018093348, 0.00832044612616, 0.011889025569, 0.011265524663, 0.0104616982862, 0.0828360319138, 0.183974087238, 0.144037038088, 0.0267471894622, 0.00653509888798, 0.00647793663666, 0.0200133547187, 0.0309731271118, 0.0218597352505, 0.00664197979495, 0.00316299777478, 0.00297774956562, 0.014590645209, 0.0274580735713, 0.0258361063898, 0.0723195225, 0.141982600093, 0.109296448529, 0.0202882178128, 0.00668230792508, 0.00639513321221, 0.0383743755519, 0.0776245817542, 0.0555566065013, 0.0157313868403], "min": [0, 0, 0, 0, 0, 0, 0, 0, 0, 0, 0, 0, 0, 0, 0, 0, 0, 0, 0, 0, 0, 0, 0, 0, 0, 0, 0, 0, 0, 0, 0, 0, 0, 0, 0, 0], "dvar2": [0.112348511815, 0.0881780162454, 0.0677304267883, 0.0855032429099, 0.0882137939334, 0.0893503502011, 0.0886867940426, 0.0962423235178, 0.0954397618771, 0.0818770304322, 0.0866955593228, 0.0815882310271, 0.0913589894772, 0.0896008014679, 0.0955703854561, 0.0820443481207, 0.096622146666, 0.106440857053, 0.101101964712, 0.07892139256, 0.0624614916742, 0.0628595426679, 0.0644180998206, 0.100419409573, 0.11404171586, 0.064415179193, 0.0804250687361, 0.093282841146, 0.0866422429681, 0.107994452119, 0.129708945751, 0.171055346727, 0.161100819707, 0.167599886656, 0.18130646646, 0.130611091852], "dvar": [0.0389359220862, 0.0313145890832, 0.024965332821, 0.0328341051936, 0.0325743108988, 0.0322782061994, 0.0377650260925, 0.0388375557959, 0.0333544611931, 0.0288806855679, 0.0312527045608, 0.0324002578855, 0.0469098351896, 0.0380277484655, 0.0349929258227, 0.0317133851349, 0.0372770838439, 0.0406204983592, 0.0413679145277, 0.0295360833406, 0.0225024465472, 0.0223469473422, 0.0220205970109, 0.0362392999232, 0.0426929146051, 0.0237789936364, 0.030018877238, 0.0433182492852, 0.0359046347439, 0.0395484231412, 0.0477132238448, 0.0627358257771, 0.060013089329, 0.0645995885134, 0.0680168345571, 0.0445418171585], "dmean": [0.0840719565749, 0.072575032711, 0.0784264430404, 0.0994646698236, 0.0988276153803, 0.0920551493764, 0.0958908945322, 0.0978743806481, 0.0871444344521, 0.0781760662794, 0.0849431678653, 0.114853180945, 0.139426857233, 0.135589614511, 0.0941590815783, 0.0798660367727, 0.0868535116315, 0.104802265763, 0.110195957124, 0.0896463915706, 0.0608927607536, 0.0565038919449, 0.0558307990432, 0.0892817750573, 0.107329003513, 0.0819948464632, 0.105144701898, 0.133651584387, 0.12847776711, 0.102570958436, 0.1102700755, 0.130570724607, 0.141526550055, 0.169191658497, 0.158817216754, 0.108375042677], "max": [1, 1, 1, 1, 1, 1, 1, 1, 1, 1, 1, 1, 1, 1, 1, 1, 1, 1, 1, 1, 1, 1, 1, 1, 1, 1, 1, 1, 1, 1, 1, 1, 1, 1, 1, 1], "var": [0.0359017476439, 0.0309784375131, 0.0330493673682, 0.0567632839084, 0.0460480190814, 0.0437368452549, 0.0968325510621, 0.0831860676408, 0.0354339368641, 0.0306101813912, 0.0380667410791, 0.0532691776752, 0.150807961822, 0.0913718342781, 0.040400236845, 0.0548025146127, 0.0561221092939, 0.060267675668, 0.09168266505, 0.0448322929442, 0.0224009621888, 0.0232506543398, 0.0200933087617, 0.0405726730824, 0.0603108219802, 0.0304129254073, 0.0416742563248, 0.130538195372, 0.0831420272589, 0.0361154824495, 0.0473845079541, 0.0581938177347, 0.0570779331028, 0.0846364274621, 0.0726799443364, 0.0415316559374], "mean": [0.0784738734365, 0.0715225636959, 0.100172311068, 0.148082822561, 0.131234779954, 0.117336466908, 0.177118897438, 0.163773179054, 0.0946680232882, 0.0797043293715, 0.0896300300956, 0.191762015224, 0.373995304108, 0.287744313478, 0.10906933248, 0.102620787919, 0.105118177831, 0.144106820226, 0.192843779922, 0.132100120187, 0.0624939277768, 0.0577793009579, 0.0545582287014, 0.102507121861, 0.137614324689, 0.101919047534, 0.164527416229, 0.316107362509, 0.248354002833, 0.102293305099, 0.100520186126, 0.11060103029, 0.145040467381, 0.218413040042, 0.186030000448, 0.103088162839]}, "tuning_equal_tempered_deviation": 0.107363261282, "chords_changes_rate": 0.0512737296522, "key_key": "F#", "tuning_diatonic_strength": 0.614106953144, "key_scale": "major", "chords_number_rate": 0.00129806913901, "tuning_frequency": 437.718536377, "tuning_nontempered_energy_ratio": 0.696022152901, "chords_histogram": [32.7113418579, 0.843744933605, 15.6417331696, 0, 0.405646592379, 0, 0.649034559727, 0.340743154287, 0.0486775934696, 0, 0, 0.129806905985, 0, 0, 8.61593341827, 3.82930397987, 0.0162258632481, 9.28119468689, 0.0811293199658, 0.0324517264962, 0, 2.4501054287, 13.9380168915, 10.9849100113], "key_strength": 0.823990345001, "chords_key": "F#", "chords_strength": {"dmean2": 0.00911796279252, "median": 0.512947797775, "min": -1, "dvar2": 0.000720952113625, "dvar": 0.000379214005079, "dmean": 0.00949921645224, "max": 0.721908032894, "var": 0.00650413474068, "mean": 0.510641276836}, "chords_scale": "major", "hpcp_entropy": {"dmean2": 0.984734594822, "median": 1.82488298416, "min": 0, "dvar2": 0.747188091278, "dvar": 0.304071485996, "dmean": 0.592463433743, "max": 4.85802602768, "var": 0.916693091393, "mean": 1.973482728}}, "metadata": {"audio_properties": {"equal_loudness": 0, "codec": "flac", "downmix": "mix", "sample_rate": 44100, "analysis_sample_rate": 44100, "bit_rate": 0, "md5_encoded": "252fc4139a295a466691127d54e45ad0", "length": 286.145385742, "replay_gain": -15.0899868011, "lossless": true}, "version": {"essentia_build_sha": "ca57ba49d9b1854bd80e60cf9ccf267278fb7d6b", "essentia": "2.1-beta1", "extractor": "music 1.0", "essentia_git_sha": "v2.1_beta1-28-g21ef5f4-dirty"}, "tags": {"title": ["Break Away"], "media": ["Digital Media"], "albumartist": ["Various Artists"], "tracktotal": ["32"], "albumartistsort": ["Various Artists"], "releasetype": ["album", "compilation"], "musicbrainz_recordingid": ["14a686e2-85d8-4430-81fe-9e5405439925"], "musicbrainz_releasegroupid": ["09cff43b-bb83-4c6d-aff6-767abad4abac"], "musicbrainz_albumartistid": ["89ad4ac3-39f7-470e-963a-56509c546377"], "musicbrainz_releasetrackid": ["e5f2775a-498f-43bc-bf3f-3a317caa32ab"], "discnumber": ["1"], "album": ["Monstercat 012: Aftermath"], "releasecountry": ["XW"], "compilation": ["1"], "originaldate": ["2013-03-11"], "artists": ["Soulero"], "date": ["2013-03-11"], "file_name": "11 Soulero - Break Away.flac", "disctotal": ["1"], "acoustid_id": ["ee279db6-6159-4265-ac06-7f8adb5f8346"], "musicbrainz_artistid": ["c34e7592-0af8-4538-8212-02eb90713fc8"], "asin": ["B00BR3XDXK"], "musicbrainz_albumid": ["62ec2140-f4be-4689-b94b-db81d2efc5de"], "tracknumber": ["11"], "artistsort": ["Soulero"], "artist": ["Soulero"], "label": ["Monstercat"], "releasestatus": ["official"], "totaldiscs": ["1"], "script": ["Latn"], "totaltracks": ["32"]}}, "rhythm": {"bpm_histogram_first_peak_bpm": {"dmean2": 0, "median": 129, "min": 129, "dvar2": 0, "dvar": 0, "dmean": 0, "max": 129, "var": 0, "mean": 129}, "bpm": 130.014465332, "bpm_histogram_second_peak_spread": {"dmean2": 0, "median": 0, "min": 0, "dvar2": 0, "dvar": 0, "dmean": 0, "max": 0, "var": 0, "mean": 0}, "bpm_histogram_first_peak_weight": {"dmean2": 0, "median": 0.750809073448, "min": 0.750809073448, "dvar2": 0, "dvar": 0, "dmean": 0, "max": 0.750809073448, "var": 0, "mean": 0.750809073448}, "onset_rate": 3.53295493126, "beats_position": [0.46439909935, 0.9287981987, 1.39319729805, 1.8575963974, 2.31038546562, 2.76317453384, 3.22757363319, 3.69197273254, 4.15637159348, 4.62077093124, 5.08516979218, 5.54956912994, 6.00235795975, 6.45514726639, 6.91954612732, 7.38394546509, 7.84834432602, 8.31274318695, 8.77714252472, 9.24154186249, 9.69433116913, 10.1471195221, 10.6115188599, 11.0759181976, 11.5403175354, 12.0047159195, 12.4691152573, 12.933514595, 13.3979139328, 13.8507022858, 14.3034915924, 14.7678909302, 15.2322902679, 15.696688652, 16.1610889435, 16.6254863739, 17.0898857117, 17.5426750183, 17.995464325, 18.4598636627, 18.9242630005, 19.3886623383, 19.853061676, 20.3174591064, 20.7818584442, 21.2346477509, 21.6874370575, 22.1518363953, 22.616235733, 23.0806350708, 23.5450344086, 24.009431839, 24.4738311768, 24.9266204834, 25.37940979, 25.8438091278, 26.3082084656, 26.7726078033, 27.2370071411, 27.7014045715, 28.1658039093, 28.6185932159, 29.0713825226, 29.5357818604, 30.0001811981, 30.4645805359, 30.9289798737, 31.3933773041, 31.8577766418, 32.3105659485, 32.7633552551, 33.2277526855, 33.6921539307, 34.1565513611, 34.6209526062, 35.0853500366, 35.5497512817, 36.0025405884, 36.455329895, 36.9197273254, 37.3841247559, 37.848526001, 38.3129234314, 38.7773246765, 39.2417221069, 39.7061233521, 40.1589126587, 40.6116981506, 41.0760993958, 41.5404968262, 42.0048980713, 42.4692955017, 42.9336967468, 43.3864860535, 43.8392753601, 44.2920608521, 44.7564620972, 45.2208595276, 45.6852607727, 46.1496582031, 46.6140594482, 47.0784568787, 47.5428581238, 47.9956436157, 48.4600448608, 48.9244422913, 49.3772315979, 49.841632843, 50.2944221497, 50.7588195801, 51.2232208252, 51.6876182556, 52.152015686, 52.6164169312, 53.0808143616, 53.5452156067, 54.0096130371, 54.4740142822, 54.9268035889, 55.3795890808, 55.8439903259, 56.3083877563, 56.7727890015, 57.2371864319, 57.701587677, 58.1543769836, 58.6187744141, 59.0715637207, 59.5359611511, 60.0003623962, 60.4647598267, 60.9291610718, 61.3935585022, 61.8579597473, 62.310749054, 62.7635345459, 63.227935791, 63.6923332214, 64.1567306519, 64.621131897, 65.0855331421, 65.5499343872, 66.0143280029, 66.4671173096, 66.9199066162, 67.3843078613, 67.8487091064, 68.3131027222, 68.7775039673, 69.2419052124, 69.7062988281, 70.1590881348, 70.6118774414, 71.0762786865, 71.5406799316, 72.0050811768, 72.4578704834, 72.9222640991, 73.3866653442, 73.8394546509, 74.303855896, 74.7682495117, 75.2326507568, 75.697052002, 76.1614532471, 76.6142425537, 77.0786361694, 77.5430374146, 77.9958267212, 78.4602279663, 78.924621582, 79.3890228271, 79.8534240723, 80.3062133789, 80.7706069946, 81.2350082397, 81.6877975464, 82.1521987915, 82.6166000366, 83.0809936523, 83.5453948975, 83.9981842041, 84.4625854492, 84.9153747559, 85.3797683716, 85.8441696167, 86.3085708618, 86.7729721069, 87.2373657227, 87.6901550293, 88.1429443359, 88.5957336426, 89.0717468262, 89.5361404419, 89.9889297485, 90.4417190552, 90.9061203003, 91.3705215454, 91.8349151611, 92.2993164062, 92.7637176514, 93.216506958, 93.6692962646, 94.1336975098, 94.5980911255, 95.0624923706, 95.5268936157, 95.9912872314, 96.4556884766, 96.9084777832, 97.3728790283, 97.8372802734, 98.2900695801, 98.7544631958, 99.2188644409, 99.683265686, 100.147659302, 100.612060547, 101.064849854, 101.51763916, 101.982040405, 102.44644165, 102.910835266, 103.363624573, 103.828025818, 104.280815125, 104.74521637, 105.209609985, 105.67401123, 106.138412476, 106.602806091, 107.067207336, 107.531608582, 107.996009827, 108.448799133, 108.90158844, 109.365982056, 109.830383301, 110.294784546, 110.759178162, 111.223579407, 111.676368713, 112.140769958, 112.593559265, 113.05796051, 113.522354126, 113.986755371, 114.451156616, 114.915550232, 115.379951477, 115.844352722, 116.308753967, 116.761543274, 117.214332581, 117.678726196, 118.131515503, 118.58430481, 119.048706055, 119.5131073, 119.977500916, 120.441902161, 120.906303406, 121.370697021, 121.835098267, 122.287887573, 122.752288818, 123.205078125, 123.66947937, 124.133872986, 124.598274231, 125.062675476, 125.527069092, 125.991470337, 126.455871582, 126.920272827, 127.384666443, 127.849067688, 128.313461304, 128.76625061, 129.219039917, 129.683441162, 130.147842407, 130.612243652, 131.076644897, 131.541046143, 131.993835449, 132.446624756, 132.911010742, 133.375411987, 133.839813232, 134.304214478, 134.768615723, 135.233016968, 135.697418213, 136.15020752, 136.602996826, 137.067382812, 137.531784058, 137.996185303, 138.460586548, 138.913375854, 139.3777771, 139.830566406, 140.294967651, 140.759368896, 141.223754883, 141.688156128, 142.152557373, 142.60534668, 143.069747925, 143.522537231, 143.986938477, 144.451339722, 144.915740967, 145.380126953, 145.844528198, 146.297317505, 146.76171875, 147.226119995, 147.69052124, 148.143310547, 148.607711792, 149.072113037, 149.536499023, 150.000900269, 150.465301514, 150.929702759, 151.382492065, 151.835281372, 152.299682617, 152.764083862, 153.228485107, 153.692871094, 154.157272339, 154.621673584, 155.074462891, 155.527252197, 155.991653442, 156.456054688, 156.920455933, 157.384857178, 157.849243164, 158.313644409, 158.778045654, 159.230834961, 159.695236206, 160.159637451, 160.612426758, 161.076828003, 161.541213989, 162.005615234, 162.470016479, 162.922805786, 163.387207031, 163.839996338, 164.304397583, 164.768798828, 165.233200073, 165.69758606, 166.161987305, 166.614776611, 167.067565918, 167.531967163, 167.996368408, 168.460769653, 168.925170898, 169.389572144, 169.85395813, 170.318359375, 170.78276062, 171.235549927, 171.688339233, 172.152740479, 172.617141724, 173.081542969, 173.545944214, 174.0103302, 174.474731445, 174.927520752, 175.380310059, 175.844711304, 176.309112549, 176.773513794, 177.237915039, 177.690704346, 178.155105591, 178.619491577, 179.072280884, 179.536682129, 180.001083374, 180.465484619, 180.929885864, 181.394287109, 181.858688354, 182.323074341, 182.787475586, 183.240264893, 183.693054199, 184.157455444, 184.621856689, 185.086257935, 185.55065918, 186.015060425, 186.467849731, 186.920639038, 187.385025024, 187.84942627, 188.313827515, 188.77822876, 189.242630005, 189.70703125, 190.159820557, 190.612609863, 191.07699585, 191.541397095, 192.00579834, 192.470199585, 192.922988892, 193.375778198, 193.840179443, 194.29296875, 194.745758057, 195.210159302, 195.674560547, 196.138946533, 196.603347778, 197.067749023, 197.532150269, 197.996551514, 198.44934082, 198.902130127, 199.366531372, 199.830932617, 200.295318604, 200.759719849, 201.224121094, 201.688522339, 202.152923584, 202.605712891, 203.058502197, 203.522903442, 203.987304688, 204.451690674, 204.916091919, 205.380493164, 205.844894409, 206.297683716, 206.750473022, 207.214874268, 207.679275513, 208.143676758, 208.596466064, 209.049255371, 209.513641357, 209.978042603, 210.442443848, 210.906845093, 211.371246338, 211.835647583, 212.300048828, 212.764434814, 213.217224121, 213.670013428, 214.134414673, 214.598815918, 215.063217163, 215.527618408, 215.992019653, 216.45640564, 216.909194946, 217.361984253, 217.826385498, 218.290786743, 218.755187988, 219.219589233, 219.683990479, 220.148391724, 220.61277771, 221.077178955, 221.5415802, 221.994369507, 222.458770752, 222.911560059, 223.375961304, 223.82875061, 224.293151855, 224.757553101, 225.221939087, 225.674728394, 226.139129639, 226.603530884, 227.067932129, 227.532333374, 227.996734619, 228.449523926, 228.902313232, 229.366714478, 229.831100464, 230.295501709, 230.759902954, 231.224304199, 231.688705444, 232.153106689, 232.605895996, 233.058685303, 233.523086548, 233.987472534, 234.451873779, 234.916275024, 235.38067627, 235.845077515, 236.297866821, 236.750656128, 237.215057373, 237.679458618, 238.143844604, 238.60824585, 239.072647095, 239.53704834, 239.989837646, 240.442626953, 240.907028198, 241.371429443, 241.835830688, 242.300216675, 242.76461792, 243.229019165, 243.681808472, 244.134597778, 244.598999023, 245.063400269, 245.527801514, 245.9921875, 246.456588745, 246.92098999, 247.373779297, 247.826568604, 248.290969849, 248.755371094, 249.219772339, 249.684173584, 250.136962891, 250.589752197, 251.054138184, 251.518539429, 251.982940674, 252.447341919, 252.911743164, 253.376144409, 253.840545654, 254.304931641, 254.769332886, 255.233734131, 255.698135376, 256.162536621, 256.626922607, 257.091339111, 257.544128418, 257.996917725, 258.461303711, 258.925720215, 259.390106201, 259.854522705, 260.318908691, 260.783294678, 261.236083984, 261.688873291, 262.153289795, 262.617675781, 263.082092285, 263.546478271, 264.010864258, 264.475280762, 264.928070068, 265.380859375, 265.845245361, 266.309661865, 266.774047852, 267.238464355, 267.691253662, 268.155639648, 268.608428955, 269.072814941, 269.537231445, 270.001617432, 270.466033936, 270.930419922, 271.394836426, 271.859222412, 272.312011719, 272.764801025, 273.229187012, 273.693603516, 274.157989502, 274.622406006, 275.086791992, 275.551208496, 276.003997803, 276.456787109, 276.921173096, 277.385559082, 277.849975586, 278.314361572, 278.778778076, 279.243164062, 279.695953369, 280.148742676, 280.61315918, 281.077545166, 281.541931152, 281.994720459, 282.447509766, 282.91192627, 283.376312256, 283.84072876, 284.305114746, 284.76953125, 285.233917236, 285.698303223], "beats_loudness": {"dmean2": 0.0145824672654, "median": 0.030738780275, "min": 2.06217862231e-10, "dvar2": 0.000448483158834, "dvar": 0.000175215740455, "dmean": 0.00885321293026, "max": 0.0993947908282, "var": 0.00114505831152, "mean": 0.0431935973465}, "danceability": 1.23705935478, "bpm_histogram_second_peak_weight": {"dmean2": 0, "median": 0, "min": 0, "dvar2": 0, "dvar": 0, "dmean": 0, "max": 0, "var": 0, "mean": 0}, "beats_count": 619, "bpm_histogram_second_peak_bpm": {"dmean2": 0, "median": 0, "min": 0, "dvar2": 0, "dvar": 0, "dmean": 0, "max": 0, "var": 0, "mean": 0}, "bpm_histogram_first_peak_spread": {"dmean2": 0, "median": 0.249190926552, "min": 0.249190926552, "dvar2": 0, "dvar": 0, "dmean": 0, "max": 0.249190926552, "var": 0, "mean": 0.249190926552}, "beats_loudness_band_ratio": {"dmean2": [0.315184026957, 0.135956943035, 0.0957899615169, 0.131275087595, 0.0588678270578, 0.106854863465], "median": [0.484879314899, 0.0694022923708, 0.0377316139638, 0.0666265264153, 0.0233607776463, 0.0883002355695], "min": [3.21915795212e-05, 0.000196891298401, 7.17558141332e-05, 7.99187691882e-05, 0.000134751055157, 1.60580748343e-05], "dvar2": [0.0921986848116, 0.0268797967583, 0.0152363758534, 0.0199700687081, 0.00656794011593, 0.0148380706087], "dvar": [0.034444514662, 0.00939059909433, 0.00509974686429, 0.00811375398189, 0.00240460364148, 0.00641807308421], "dmean": [0.177374631166, 0.0778315886855, 0.0538168177009, 0.0771892219782, 0.0335204564035, 0.0633573308587], "max": [0.978451132774, 0.858786344528, 0.60515075922, 0.938089370728, 0.389564752579, 0.975671231747], "var": [0.0997339040041, 0.0217461679131, 0.00831702724099, 0.0165945831686, 0.00284145982005, 0.0594700463116], "mean": [0.504433572292, 0.128091603518, 0.0720138549805, 0.103647835553, 0.0443927049637, 0.173182711005]}}, "lowlevel": {"barkbands_spread": {"dmean2": 10.4720907211, "median": 27.251335144, "min": 0.375054985285, "dvar2": 213.847412109, "dvar": 101.482810974, "dmean": 7.09237957001, "max": 118.944610596, "var": 421.576751709, "mean": 30.5145111084}, "melbands_spread": {"dmean2": 13.9233493805, "median": 21.5813579559, "min": 0.194090336561, "dvar2": 562.765197754, "dvar": 278.320953369, "dmean": 9.31269168854, "max": 267.663970947, "var": 737.75567627, "mean": 28.7387695312}, "hfc": {"dmean2": 18.8183879852, "median": 15.2777986526, "min": 1.24179238762e-16, "dvar2": 2079.58129883, "dvar": 881.368041992, "dmean": 13.2371683121, "max": 398.151123047, "var": 2001.82702637, "mean": 35.9418983459}, "barkbands_kurtosis": {"dmean2": 8.38927173615, "median": 1.98811197281, "min": -1.93028688431, "dvar2": 855.401062012, "dvar": 763.698120117, "dmean": 7.4182009697, "max": 890.602355957, "var": 2615.62524414, "mean": 12.6662902832}, "gfcc": {"mean": [-25.8050384521, 36.1794204712, -95.0692367554, 25.7047080994, -48.3871383667, 23.8394203186, -32.5066642761, 5.21684503555, -25.3872699738, 3.10661077499, -13.2007923126, -0.484082460403, -9.81817340851], "icov": [[8.80631923792e-05, -1.84255677596e-05, -4.28804014518e-05, -0.000108329702925, -6.5192245529e-05, 0.000146233040141, 0.000258393731201, -0.000298732018564, 0.000251854100497, -0.000385368795833, 0.000344682397554, -0.000258714077063, 0.000274210469797], [-1.84255677596e-05, 0.000492819468491, -0.000323557876982, -0.000248993368587, 3.47037639585e-05, 0.000436023925431, 0.000120934091683, 0.00012423429871, -0.000580127409194, 0.00091983913444, -0.00129512895364, 0.00148546975106, -0.000972226378508], [-4.28804014518e-05, -0.000323557876982, 0.00151364540216, -0.000636250944808, -0.000949835928623, -0.000200538677745, 0.000798740540631, -0.000622138439212, 0.000799410336185, -0.00112768611871, 0.000754950102419, -0.000656538701151, 9.80462209554e-05], [-0.000108329702925, -0.000248993368587, -0.000636250944808, 0.00305774109438, -0.000846318551339, -0.000410255015595, -0.000882017891854, -0.00046771284542, 0.000255635502981, 0.00043170171557, -0.000277545914287, 0.000648964836728, -6.98366202414e-05], [-6.5192245529e-05, 3.47037639585e-05, -0.000949835928623, -0.000846318551339, 0.00750963203609, -0.00362962111831, -0.00378162693232, 0.00477931555361, -0.00561655918136, 0.00134917814285, 0.00112605420873, -0.00132245081477, 0.00148863624781], [0.000146233040141, 0.000436023925431, -0.000200538677745, -0.000410255015595, -0.00362962111831, 0.00736270891502, 0.000569108407944, -0.00586301507428, 0.00473777297884, -0.00331925367936, -0.000645955093205, 0.000163554082974, -0.000847594288643], [0.000258393731201, 0.000120934091683, 0.000798740540631, -0.000882017891854, -0.00378162693232, 0.000569108407944, 0.00953812990338, -0.00243509514257, -0.00142945360858, 0.00243250792846, -0.0022318738047, -0.000788569508586, 0.00073860824341], [-0.000298732018564, 0.00012423429871, -0.000622138439212, -0.00046771284542, 0.00477931555361, -0.00586301507428, -0.00243509514257, 0.0137872984633, -0.00639169290662, 0.000536310020834, 0.000592708180193, 0.000177047913894, -0.000544359034393], [0.000251854100497, -0.000580127409194, 0.000799410336185, 0.000255635502981, -0.00561655918136, 0.00473777297884, -0.00142945360858, -0.00639169290662, 0.0176900494844, -0.010032357648, 0.00226114480756, -0.000474668981042, -0.00281335273758], [-0.000385368795833, 0.00091983913444, -0.00112768611871, 0.00043170171557, 0.00134917814285, -0.00331925367936, 0.00243250792846, 0.000536310020834, -0.010032357648, 0.0230189785361, -0.00934775918722, -0.00421773130074, 0.00446550175548], [0.000344682397554, -0.00129512895364, 0.000754950102419, -0.000277545914287, 0.00112605420873, -0.000645955093205, -0.0022318738047, 0.000592708180193, 0.00226114480756, -0.00934775918722, 0.0184165537357, -0.00406395085156, -0.00449325889349], [-0.000258714077063, 0.00148546975106, -0.000656538701151, 0.000648964836728, -0.00132245081477, 0.000163554082974, -0.000788569508586, 0.000177047913894, -0.000474668981042, -0.00421773130074, -0.00406395085156, 0.0209303982556, -0.00936753768474], [0.000274210469797, -0.000972226378508, 9.80462209554e-05, -6.98366202414e-05, 0.00148863624781, -0.000847594288643, 0.00073860824341, -0.000544359034393, -0.00281335273758, 0.00446550175548, -0.00449325889349, -0.00936753768474, 0.022141251713]], "cov": [[24873.6894531, -1918.21716309, 2706.5300293, 1148.4152832, 219.916091919, 805.477172852, -777.502624512, 766.973083496, -113.660148621, 664.220031738, -496.486968994, 291.104736328, -465.798492432], [-1918.21716309, 6366.3984375, 720.443786621, 602.6640625, -90.0784759521, -660.76550293, 10.2778759003, -249.584564209, 59.8077926636, -335.350952148, 253.078262329, -378.004211426, 242.965194702], [2706.5300293, 720.443786621, 1639.6920166, 645.260803223, 415.542510986, 353.704956055, 17.0729389191, 200.267852783, 110.866539001, 174.086685181, 15.8127279282, 75.5018081665, -3.02485752106], [1148.4152832, 602.6640625, 645.260803223, 693.73248291, 301.274597168, 199.356384277, 111.851898193, 109.670936584, 88.4510498047, 62.1317634583, 29.7764186859, 15.3177223206, 9.14350509644], [219.916091919, -90.0784759521, 415.542510986, 301.274597168, 533.650756836, 278.627563477, 215.897644043, 79.821182251, 173.040023804, 109.684112549, 32.4955635071, 86.3694915771, 4.98007011414], [805.477172852, -660.76550293, 353.704956055, 199.356384277, 278.627563477, 492.841247559, 94.2450408936, 200.363189697, 72.5408706665, 158.072692871, 26.4851360321, 112.584487915, -7.66777610779], [-777.502624512, 10.2778759003, 17.0729389191, 111.851898193, 215.897644043, 94.2450408936, 246.071075439, 39.7262229919, 99.0975036621, 24.3656997681, 49.4207000732, 36.7139854431, 25.4576263428], [766.973083496, -249.584564209, 200.267852783, 109.670936584, 79.821182251, 200.363189697, 39.7262229919, 195.045211792, 67.0097503662, 90.3983459473, 12.6247692108, 56.2151145935, 1.40303444862], [-113.660148621, 59.8077926636, 110.866539001, 88.4510498047, 173.040023804, 72.5408706665, 99.0975036621, 67.0097503662, 168.945297241, 83.2429122925, 44.5506439209, 50.6003684998, 28.4335823059], [664.220031738, -335.350952148, 174.086685181, 62.1317634583, 109.684112549, 158.072692871, 24.3656997681, 90.3983459473, 83.2429122925, 156.570739746, 44.2578163147, 83.3352661133, -0.201232716441], [-496.486968994, 253.078262329, 15.8127279282, 29.7764186859, 32.4955635071, 26.4851360321, 49.4207000732, 12.6247692108, 44.5506439209, 44.2578163147, 123.33203125, 36.1499900818, 51.833896637], [291.104736328, -378.004211426, 75.5018081665, 15.3177223206, 86.3694915771, 112.584487915, 36.7139854431, 56.2151145935, 50.6003684998, 83.3352661133, 36.1499900818, 122.63079071, 27.0119018555], [-465.798492432, 242.965194702, -3.02485752106, 9.14350509644, 4.98007011414, -7.66777610779, 25.4576263428, 1.40303444862, 28.4335823059, -0.201232716441, 51.833896637, 27.0119018555, 85.8017196655]]}, "spectral_energyband_middle_low": {"dmean2": 0.00556086236611, "median": 0.00288713420741, "min": 2.65124942109e-22, "dvar2": 0.000180012008059, "dvar": 6.7052191298e-05, "dmean": 0.00332704954781, "max": 0.0646412372589, "var": 7.16148861102e-05, "mean": 0.00592400645837}, "melbands_crest": {"dmean2": 4.85236406326, "median": 14.9105014801, "min": 1.81594157219, "dvar2": 29.4112205505, "dvar": 14.5373620987, "dmean": 3.29153442383, "max": 38.4919433594, "var": 69.7584457397, "mean": 16.5283031464}, "spectral_kurtosis": {"dmean2": 2.40977168083, "median": 2.08806324005, "min": -1.20769023895, "dvar2": 45.9995269775, "dvar": 21.0799350739, "dmean": 1.5894818306, "max": 136.737304688, "var": 72.132522583, "mean": 3.94878077507}, "spectral_rms": {"dmean2": 0.000978424563073, "median": 0.00360208563507, "min": 3.32594433765e-12, "dvar2": 1.60293893714e-06, "dvar": 8.47150772643e-07, "dmean": 0.000691260560416, "max": 0.0112255690619, "var": 8.51133154356e-06, "mean": 0.00457419268787}, "zerocrossingrate": {"dmean2": 0.0186779964715, "median": 0.08251953125, "min": 0.00146484375, "dvar2": 0.000662276288494, "dvar": 0.000665835512336, "dmean": 0.0182871706784, "max": 0.51513671875, "var": 0.0075925537385, "mean": 0.102183535695}, "silence_rate_60dB": {"dmean2": 0.0978657826781, "median": 0, "min": 0, "dvar2": 0.100137300789, "dvar": 0.0465291626751, "dmean": 0.0489289201796, "max": 1, "var": 0.134828180075, "mean": 0.160649091005}, "erbbands_kurtosis": {"dmean2": 1.24623930454, "median": -0.290441274643, "min": -1.89049124718, "dvar2": 9.70092487335, "dvar": 4.24300956726, "dmean": 0.82583373785, "max": 125.491104126, "var": 9.83352375031, "mean": 0.354299813509}, "erbbands": {"dmean2": [0.200545191765, 1.69788134098, 4.26827859879, 8.6364068985, 7.37438631058, 4.82557344437, 6.70008087158, 8.00831699371, 6.30793476105, 5.99197626114, 7.36078071594, 11.9299478531, 12.6503248215, 14.6151046753, 17.4626865387, 17.7808971405, 27.2906074524, 50.071521759, 24.350484848, 26.6812725067, 27.5703468323, 13.6535425186, 20.1908416748, 10.9480352402, 12.3430624008, 9.88076305389, 11.18384552, 9.63006401062, 9.25160121918, 6.94360923767, 6.71575069427, 6.64582300186, 6.27134084702, 4.42085123062, 2.99092102051, 1.61628293991, 0.641628682613, 0.123351573944, 0.0209759287536, 0.00125670165289], "median": [0.0206215325743, 0.359872579575, 1.09713792801, 1.55320060253, 1.48492026329, 1.86915779114, 3.01040887833, 3.54333877563, 2.69934439659, 1.97936046124, 2.18142342567, 3.22719478607, 4.61285114288, 4.06683301926, 4.91705083847, 5.26366472244, 5.8234667778, 7.30187797546, 4.77693414688, 3.69003939629, 3.99899101257, 3.4990530014, 4.41838788986, 3.99534463882, 4.16483831406, 4.49071121216, 4.75843763351, 4.89627599716, 4.5251455307, 3.58723473549, 4.29419231415, 4.59764146805, 3.26624131203, 2.28530502319, 1.00965583324, 0.397497028112, 0.121167317033, 0.0201700534672, 0.00321184541099, 0.000188461999642], "min": [2.25681023421e-21, 5.86877657192e-21, 2.41007036312e-20, 5.75942143702e-20, 4.39346125612e-20, 2.74684373402e-19, 2.33545553763e-19, 5.97226832106e-19, 7.06747302967e-19, 7.64702420116e-19, 1.11871028648e-18, 1.04603729979e-18, 1.27761323312e-18, 2.00017483353e-18, 2.86724561074e-18, 3.62896831949e-18, 5.14894660947e-18, 4.64951728948e-18, 1.13896905638e-17, 1.00300703346e-17, 7.22272521467e-18, 1.62958931643e-17, 1.04855333506e-17, 1.00101146023e-17, 9.10834215081e-18, 2.2601762289e-17, 1.40160030707e-17, 1.68445802626e-17, 1.99811680817e-17, 1.64874202177e-17, 1.77937385826e-17, 2.2814835743e-17, 2.01276237179e-17, 1.22898963352e-17, 1.25156976173e-17, 6.02102369054e-18, 3.98072480703e-18, 1.5464766073e-18, 3.20430976794e-19, 2.94159869173e-20], "dvar2": [0.168995320797, 11.0317993164, 122.909873962, 752.394897461, 427.472808838, 131.73147583, 233.056503296, 271.116119385, 160.689437866, 161.935287476, 293.501831055, 1000.25616455, 825.403381348, 1090.30273438, 1866.59558105, 1404.4486084, 4098.82714844, 17346.8125, 3497.58911133, 5164.63720703, 4475.97802734, 651.656311035, 1410.27612305, 372.662994385, 511.418823242, 257.531982422, 364.292816162, 276.307006836, 283.996887207, 159.174926758, 144.083236694, 153.340957642, 214.100769043, 123.928283691, 73.6105422974, 33.6511459351, 3.2524933815, 0.140462324023, 0.00533191207796, 2.08678102354e-05], "dvar": [0.130702808499, 5.8913269043, 60.3094482422, 270.536621094, 152.150344849, 49.1392402649, 89.0011138916, 108.569030762, 68.091545105, 73.5665435791, 124.797943115, 426.063171387, 341.748901367, 498.547454834, 770.441101074, 574.998840332, 1597.34191895, 6892.43310547, 1410.54833984, 2125.19335938, 1780.32751465, 241.777359009, 512.346252441, 138.112304688, 189.722824097, 102.310722351, 138.880599976, 114.994850159, 111.839172363, 65.4424362183, 60.8887481689, 61.1618232727, 92.6553344727, 52.4094924927, 30.1136417389, 13.2815999985, 1.38650429249, 0.061171002686, 0.0022543896921, 8.53654910316e-06], "dmean": [0.172152519226, 1.24915754795, 2.90493869781, 4.95112228394, 4.16664838791, 2.86010599136, 4.11363172531, 4.99345827103, 4.14520931244, 3.95940947533, 4.80094861984, 7.65619182587, 8.24645614624, 9.42694854736, 10.7295503616, 10.880188942, 16.7881851196, 30.8666267395, 14.8029642105, 15.7277002335, 17.0029983521, 7.9623465538, 11.6718025208, 6.61415672302, 7.4046292305, 6.16734075546, 6.85906887054, 6.17912149429, 5.9437122345, 4.50463056564, 4.376765728, 4.19527482986, 4.10539627075, 2.89682888985, 1.96827411652, 1.05108320713, 0.425294429064, 0.0835532546043, 0.0140654649585, 0.000837825180497], "max": [3.80083298683, 28.9928359985, 77.0551605225, 126.395568848, 113.981643677, 169.35043335, 151.597976685, 207.879898071, 160.174911499, 199.932067871, 221.649520874, 583.985351562, 424.078796387, 643.402526855, 1555.03723145, 668.635803223, 1215.55175781, 1436.78356934, 688.041015625, 1074.8112793, 736.444702148, 234.201385498, 268.204437256, 167.841033936, 193.368469238, 132.527404785, 134.048919678, 118.990760803, 111.859962463, 152.210998535, 132.769226074, 90.8876647949, 140.881195068, 97.725982666, 74.1247253418, 49.4785041809, 15.5991611481, 4.07539367676, 0.565409183502, 0.0336608737707], "var": [0.54127150774, 19.8323688507, 82.1360168457, 183.849456787, 114.606132507, 81.2646942139, 149.081268311, 283.078643799, 158.961196899, 173.672943115, 222.089080811, 664.663146973, 536.258605957, 918.65637207, 1322.14770508, 1683.42382812, 4920.96875, 16023.9179688, 4172.34423828, 6657.62158203, 4032.9362793, 443.69921875, 912.153076172, 291.323608398, 331.781677246, 245.190582275, 353.574890137, 265.49899292, 284.695220947, 179.94859314, 166.802154541, 132.793563843, 146.02532959, 87.5067443848, 41.8960456848, 13.9369335175, 1.80165207386, 0.0831956639886, 0.00260046846233, 9.2753662102e-06], "mean": [0.393972337246, 2.90508270264, 4.15874910355, 5.26381969452, 5.13894224167, 4.89992523193, 7.31507778168, 9.54802131653, 7.7043428421, 6.56314849854, 7.55979394913, 11.3795499802, 13.5675611496, 14.490904808, 16.5635299683, 18.2652835846, 29.5947418213, 52.2905311584, 25.6272926331, 25.909280777, 27.6871528625, 12.8474826813, 17.365032196, 11.9175682068, 12.312962532, 11.5879793167, 12.9782075882, 12.0232229233, 11.9193544388, 10.2759284973, 10.5859546661, 9.43459033966, 8.19455337524, 6.38693475723, 3.96048617363, 1.96579170227, 0.754231214523, 0.145439192653, 0.0216314569116, 0.00130150339101]}, "spectral_strongpeak": {"dmean2": 0.563969492912, "median": 0.408170968294, "min": 0, "dvar2": 2.27761554718, "dvar": 0.86277616024, "dmean": 0.330170750618, "max": 12.7892837524, "var": 1.152998209, "mean": 0.62984508276}, "spectral_energy": {"dmean2": 0.010645378381, "median": 0.0132993962616, "min": 1.13384538464e-20, "dvar2": 0.000215868087253, "dvar": 0.000115145783639, "dmean": 0.00728163868189, "max": 0.129163742065, "var": 0.000936082738917, "mean": 0.0301704891026}, "average_loudness": 0.696232616901, "spectral_rolloff": {"dmean2": 1367.04260254, "median": 1248.92578125, "min": 21.533203125, "dvar2": 5184563, "dvar": 2791796.5, "dmean": 879.348022461, "max": 18174.0234375, "var": 12705551, "mean": 2712.00708008}, "spectral_centroid": {"dmean2": 410.713043213, "median": 1749.50524902, "min": 172.39692688, "dvar2": 286558.5, "dvar": 152510.328125, "dmean": 279.331573486, "max": 10584.2919922, "var": 960353.375, "mean": 1737.72216797}, "pitch_salience": {"dmean2": 0.107519723475, "median": 0.510346412659, "min": 0.0196453239769, "dvar2": 0.0154499122873, "dvar": 0.00809264089912, "dmean": 0.0734972730279, "max": 0.939836621284, "var": 0.0394377373159, "mean": 0.488891422749}, "spectral_energyband_middle_high": {"dmean2": 0.0029643366579, "median": 0.00154654041398, "min": 1.56613108347e-21, "dvar2": 2.61021687038e-05, "dvar": 1.16302535389e-05, "dmean": 0.00191812217236, "max": 0.0460845679045, "var": 5.22818299942e-05, "mean": 0.00475328136235}, "spectral_contrast_coeffs": {"dmean2": [0.0803656205535, 0.0700171515346, 0.0651294589043, 0.0503948964179, 0.0340124629438, 0.025441955775], "median": [-0.661163747311, -0.745616674423, -0.768263041973, -0.788383901119, -0.808515489101, -0.793815493584], "min": [-0.977886199951, -0.977692008018, -0.95824098587, -0.985790193081, -0.963684976101, -0.957867503166], "dvar2": [0.00716610811651, 0.00374609022401, 0.00305716274306, 0.00171194085851, 0.000954739749432, 0.00052704004338], "dvar": [0.00315963081084, 0.00146635260899, 0.00121004751418, 0.000655539508443, 0.000401617289754, 0.000218518194743], "dmean": [0.0524685010314, 0.0429678633809, 0.039647012949, 0.0303529202938, 0.0210546553135, 0.0159497428685], "max": [-0.28817653656, -0.406643778086, -0.502049565315, -0.505494177341, -0.5283613801, -0.552793681622], "var": [0.0109681440517, 0.00655502732843, 0.0051500890404, 0.00442678667605, 0.00287493411452, 0.00137784343679], "mean": [-0.651678204536, -0.745268106461, -0.769913315773, -0.782091677189, -0.798062562943, -0.790785372257]}, "melbands_skewness": {"dmean2": 1.56116008759, "median": 2.79318666458, "min": -4.76143407822, "dvar2": 4.47073173523, "dvar": 3.77647566795, "dmean": 1.22096371651, "max": 36.8915176392, "var": 25.5787773132, "mean": 4.31291627884}, "spectral_spread": {"dmean2": 915935.125, "median": 7257597.5, "min": 536924.125, "dvar2": 1139495665660.0, "dvar": 761285902336, "dmean": 692464, "max": 39839276, "var": 7190272278530.0, "mean": 7077220}, "dissonance": {"dmean2": 0.0263756178319, "median": 0.478362828493, "min": 0.220533937216, "dvar2": 0.000982481171377, "dvar": 0.000368941749912, "dmean": 0.0157500226051, "max": 0.500000119209, "var": 0.00112540030386, "mean": 0.467761397362}, "spectral_skewness": {"dmean2": 0.289266824722, "median": 1.28798723221, "min": 0.0356718562543, "dvar2": 0.238962650299, "dvar": 0.110651165247, "dmean": 0.198257878423, "max": 9.48196983337, "var": 0.585793554783, "mean": 1.44601857662}, "spectral_flux": {"dmean2": 0.0383628346026, "median": 0.0596691630781, "min": 4.64364440234e-08, "dvar2": 0.00205920008011, "dvar": 0.00109585409518, "dmean": 0.0255657341331, "max": 0.355055898428, "var": 0.00384290004149, "mean": 0.0752424448729}, "spectral_contrast_valleys": {"dmean2": [0.677427470684, 0.838905692101, 0.688472270966, 0.571289479733, 0.498516887426, 0.425907731056], "median": [-7.45988368988, -7.45822477341, -7.77771806717, -7.9870634079, -7.67377185822, -9.10836696625], "min": [-27.3947124481, -27.4267711639, -27.2058448792, -27.1384811401, -27.3511981964, -27.321975708], "dvar2": [0.452335387468, 0.993354976177, 0.559233486652, 0.438716113567, 0.430471092463, 0.491013497114], "dvar": [0.266932249069, 0.456390380859, 0.245335161686, 0.201209262013, 0.210810616612, 0.251212179661], "dmean": [0.446588128805, 0.527936816216, 0.430614769459, 0.370565414429, 0.336344480515, 0.32843157649], "max": [-5.34535932541, -4.82019710541, -5.23301267624, -5.72859430313, -5.62752008438, -7.22428941727], "var": [4.77658605576, 2.70561289787, 1.71260464191, 1.89121186733, 2.28490614891, 3.96268391609], "mean": [-8.1074552536, -7.76689529419, -7.92658472061, -8.1334695816, -7.96638250351, -9.74512958527]}, "erbbands_flatness_db": {"dmean2": 0.020830033347, "median": 0.103625267744, "min": 0.0425675734878, "dvar2": 0.000603508611675, "dvar": 0.00033185313805, "dmean": 0.0149741191417, "max": 0.4200758636, "var": 0.00406634947285, "mean": 0.126343935728}, "spectral_energyband_high": {"dmean2": 0.00158236885909, "median": 0.00115002633538, "min": 8.43552487892e-21, "dvar2": 1.58796301548e-05, "dvar": 6.77153684592e-06, "dmean": 0.00109725841321, "max": 0.0379315167665, "var": 1.28015535665e-05, "mean": 0.00272373436019}, "spectral_entropy": {"dmean2": 0.201104581356, "median": 8.16428279877, "min": 4.82607126236, "dvar2": 0.0748188719153, "dvar": 0.0366542302072, "dmean": 0.140011206269, "max": 9.78340244293, "var": 0.434740334749, "mean": 7.90314388275}, "silence_rate_20dB": {"dmean2": 0, "median": 1, "min": 1, "dvar2": 0, "dvar": 0, "dmean": 0, "max": 1, "var": 0, "mean": 1}, "melbands_flatness_db": {"dmean2": 0.0415953211486, "median": 0.17115059495, "min": 0.00324977724813, "dvar2": 0.00262614362873, "dvar": 0.00165989040397, "dmean": 0.0315775871277, "max": 0.602157831192, "var": 0.0113175958395, "mean": 0.198477447033}, "barkbands": {"dmean2": [0.00027481210418, 0.00688123051077, 0.00360477622598, 0.00361965922639, 0.00153248757124, 0.000877800572198, 0.000438381684944, 0.000321979779983, 0.000587042013649, 0.000344826403307, 0.000426086364314, 0.000604029803071, 0.000761234376114, 0.000903898908291, 0.000551289063878, 0.000495598476846, 0.000229262979701, 0.000345236214343, 0.000224225426791, 0.0002293336146