{"tonal": {"thpcp": [1, 0.520591616631, 0.190021425486, 0.31464445591, 0.289880871773, 0.239194571972, 0.390137463808, 0.394337236881, 0.272275835276, 0.256685465574, 0.226419657469, 0.306492507458, 0.585038661957, 0.589626133442, 0.31886690855, 0.186189591885, 0.172196626663, 0.288098812103, 0.543116390705, 0.519184172153, 0.327029019594, 0.418269068003, 0.402489989996, 0.235733643174, 0.189517661929, 0.172463595867, 0.288008838892, 0.587388634682, 0.590164959431, 0.337699830532, 0.233508676291, 0.20664472878, 0.365517377853, 0.796976685524, 0.867734968662, 0.881704509258], "hpcp": {"dmean2": [0.223322868347, 0.218442171812, 0.17871516943, 0.122531495988, 0.116139516234, 0.15241740644, 0.196545034647, 0.190187484026, 0.164448648691, 0.154569208622, 0.144658073783, 0.133646219969, 0.11313302815, 0.105824142694, 0.141197189689, 0.192101031542, 0.187931105494, 0.169577270746, 0.155064955354, 0.14214335382, 0.189441993833, 0.258399099112, 0.266411185265, 0.216422572732, 0.195840358734, 0.138214483857, 0.106905303895, 0.141670465469, 0.131157115102, 0.117506593466, 0.148351565003, 0.157188892365, 0.14256580174, 0.124422043562, 0.124499857426, 0.170261889696], "median": [0.0479084886611, 0.0469537675381, 0.0300928167999, 0.0129987448454, 0.0155166583136, 0.0318581685424, 0.0606945306063, 0.0567038878798, 0.0425681509078, 0.0197592116892, 0.0156288538128, 0.0167470723391, 0.0141445733607, 0.013704566285, 0.0280020833015, 0.054753869772, 0.0485325679183, 0.0263337120414, 0.0143138235435, 0.0140086635947, 0.0523456484079, 0.147691577673, 0.148576900363, 0.168014883995, 0.0766122788191, 0.047599375248, 0.0154447657987, 0.0262427777052, 0.0254154615104, 0.0241180248559, 0.0212699323893, 0.0225943848491, 0.0257261376828, 0.021208288148, 0.0188734047115, 0.0255320966244], "min": [0, 0, 0, 0, 0, 0, 0, 0, 0, 0, 0, 0, 0, 0, 0, 0, 0, 0, 0, 0, 0, 0, 0, 0, 0, 0, 0, 0, 0, 0, 0, 0, 0, 0, 0, 0], "dvar2": [0.118809640408, 0.109671391547, 0.102624811232, 0.0713052451611, 0.0598378740251, 0.0693077743053, 0.0949046835303, 0.0873678401113, 0.0754691585898, 0.0820310637355, 0.0784368738532, 0.0714309066534, 0.060892585665, 0.0528253316879, 0.0621985644102, 0.0872747302055, 0.0875632613897, 0.0886978954077, 0.0906376764178, 0.0785788446665, 0.0882669910789, 0.107078105211, 0.109257571399, 0.0857272967696, 0.113389067352, 0.0647117346525, 0.0479890592396, 0.061066031456, 0.0561253353953, 0.0475085191429, 0.0631506964564, 0.0724262371659, 0.0639001950622, 0.0595102570951, 0.0611368939281, 0.0840305685997], "dvar": [0.0453747175634, 0.0431159101427, 0.0356874354184, 0.0241754166782, 0.0200570281595, 0.0235262289643, 0.0331354998052, 0.0307406522334, 0.025452695787, 0.0287513025105, 0.0282449927181, 0.0247836448252, 0.0212700925767, 0.0181171763688, 0.0218526981771, 0.0325300358236, 0.0328788124025, 0.0329480729997, 0.0334912911057, 0.0281050242484, 0.0311522521079, 0.039469063282, 0.0423065982759, 0.0326844900846, 0.0438914038241, 0.0238347016275, 0.0170723814517, 0.0228236783296, 0.0209450498223, 0.0171951241791, 0.0251264050603, 0.0290322862566, 0.023708589375, 0.0219067372382, 0.0215935893357, 0.0300831776112], "dmean": [0.128474488854, 0.127043202519, 0.0999507904053, 0.0667655169964, 0.0630425363779, 0.0849665999413, 0.112498380244, 0.108857929707, 0.0917673408985, 0.0858143493533, 0.0812537968159, 0.0742397755384, 0.0628660470247, 0.058415979147, 0.080595895648, 0.11170617491, 0.109085083008, 0.0969385951757, 0.0854607596993, 0.0784532949328, 0.107483193278, 0.153616115451, 0.15811380744, 0.125961050391, 0.110432364047, 0.0770035609603, 0.0601550452411, 0.0826365575194, 0.075750425458, 0.0669826567173, 0.0872588008642, 0.0922122374177, 0.0808002799749, 0.0710629895329, 0.0702608972788, 0.0962606593966], "max": [1, 1, 1, 1, 1, 1, 1, 1, 1, 1, 1, 1, 1, 1, 1, 1, 1, 1, 1, 1, 1, 1, 1, 1, 1, 1, 1, 1, 1, 1, 1, 1, 1, 1, 1, 1], "var": [0.0864342674613, 0.0862890407443, 0.0349707119167, 0.0202318932861, 0.0153700876981, 0.026124227792, 0.0697063952684, 0.0653452500701, 0.0268976837397, 0.0720647573471, 0.0703630149364, 0.0244858376682, 0.0197357833385, 0.0161578170955, 0.0265994239599, 0.0834094509482, 0.0889925137162, 0.0414002612233, 0.0290254894644, 0.0238335188478, 0.0323426686227, 0.0853858441114, 0.102894112468, 0.0878297612071, 0.166320562363, 0.0469922088087, 0.0155023299158, 0.0345133654773, 0.0307469498366, 0.0197787098587, 0.0554344430566, 0.0553832165897, 0.0276311635971, 0.0290696676821, 0.0227760560811, 0.0311086922884], "mean": [0.196313530207, 0.197852879763, 0.106997869909, 0.0624771304429, 0.0577816963196, 0.0966734290123, 0.182246237993, 0.174215629697, 0.109736718237, 0.140352904797, 0.135058134794, 0.0791019573808, 0.0635938867927, 0.0578712821007, 0.0966432392597, 0.197102069855, 0.198033690453, 0.113317377865, 0.0783553570509, 0.0693409815431, 0.122651733458, 0.267430722713, 0.29117411375, 0.295861691236, 0.335556507111, 0.1746879071, 0.0637629255652, 0.105580992997, 0.097271412611, 0.0802632942796, 0.130913168192, 0.132322430611, 0.0913639292121, 0.0861324742436, 0.075976587832, 0.102845557034]}, "tuning_equal_tempered_deviation": 0.126738980412, "chords_changes_rate": 0.0528473295271, "key_key": "A", "tuning_diatonic_strength": 0.522579908371, "key_scale": "minor", "chords_number_rate": 0.00155107467435, "tuning_frequency": 434.193115234, "tuning_nontempered_energy_ratio": 0.820420742035, "chords_histogram": [4.35408830643, 9.39508056641, 12.1759357452, 4.28761339188, 4.5313539505, 10.868601799, 1.22978067398, 13.5054283142, 0.919565677643, 12.3421230316, 0.18834477663, 0.299135833979, 0, 0, 2.82517170906, 0.72014182806, 0.476401507854, 0, 1.25193881989, 0.0110791046172, 0.144028365612, 8.22069549561, 10.8353643417, 1.41812539101], "key_strength": 0.714123666286, "chords_key": "A", "chords_strength": {"dmean2": 0.00795168429613, "median": 0.490679979324, "min": 0.243845507503, "dvar2": 5.56033737666e-05, "dvar": 4.2352341552e-05, "dmean": 0.00749527942389, "max": 0.780796170235, "var": 0.00962206721306, "mean": 0.495971173048}, "chords_scale": "major", "hpcp_entropy": {"dmean2": 1.1227735281, "median": 2.17911052704, "min": 0, "dvar2": 0.795522630215, "dvar": 0.282252550125, "dmean": 0.655207633972, "max": 4.52573394775, "var": 0.585197150707, "mean": 2.16350746155}}, "metadata": {"audio_properties": {"equal_loudness": 0, "codec": "flac", "downmix": "mix", "sample_rate": 44100, "analysis_sample_rate": 44100, "bit_rate": 0, "md5_encoded": "49686b2638d88fb538482fd2186d0258", "length": 419.093322754, "replay_gain": -13.5561408997, "lossless": true}, "version": {"essentia_build_sha": "70f2e5ece6736b2c40cc944ad0e695b16b925413", "essentia": "2.1-beta2", "extractor": "music 1.0", "essentia_git_sha": "v2.1_beta2"}, "tags": {"title": ["Secret"], "language": ["eng"], "media": ["CD"], "albumartist": ["Way Out West"], "tracktotal": ["11"], "musicbrainz_releasegroupid": ["9f913e03-8e8c-3542-b868-864bb09a798a"], "musicbrainz_recordingid": ["14a90f09-870e-4553-8c23-f1ec41fd1da2"], "musicbrainz_albumartistid": ["2c2a80cf-193d-4be6-992e-311428085474"], "discnumber": ["1"], "totaldiscs": ["1"], "album": ["Intensify"], "catalognumber": ["Black Hole CD 21"], "releasecountry": ["NL"], "file_name": "09. Way Out West - Secret.flac", "compilation": ["0"], "acoustid_fingerprint": ["AQADtFGYN8mSJMiSKjTKBxdl5GSCah1u8RCdo_wUgl70GfpC_IUmH76IHvkxDV-EF4-MXJAlXcFvpN0x-cRxjgi9Q4yOb0f-4OhNnJmNnmgY6cg74sb0D2fgEz9-HPahwzJRPMePXsN8_OiN9seNbzju4bjIww5e_IePr-g9_Hih9diN46OA4MPx4wf-48IPHz7yC9-JaJdwHhd8Hsd7eHh0HA6xb4NR_Thx1ONxPDgPTOfxIfwH8cYPZ0F48OgL58fBTuCzwyeqK_hxRvFxdbiQQz8i-bCPx8ePtJgXrvCP4zr6CycufeBxEfqFuFXRjMUDiw2ePHAo_Gh-5Dx6HmK3YLpRHSllPHiOa8EPn6KKWLxxQedkHK5xTN-Db9CPcNXxX7gCvsdxHpfxH-kP_Ud4MPCPKjc-5ejxYod_ISZOwd-hdb3QBzlx2CJe_DveBz-e7HB9PJrxHsZVlIpy5EmFH3HywWTEEZeoB08bvNgexfgE_oil5FDUnTijw6d4aLoThEfT4Npxlmhcox6PP8gP9Ud-_EGbHBvj40twoUqPX8cj6TiPIzxhLsdk_MeP08aPVYcmM0epiMZ9PC_QnKlQ-3h0aCSabMJTnBMeSXjx4zvKwfks9MUPOcdvQeN2NBWN7CyuH-0YDVt_PEKteGiP9MyR7EHF5IE1R8d3-EuFE8fJHKm05bjg9HDFI-fxDQ9qLSemEz7Kg82PmDrkD2HSKZh-POmD-SeeF7kELTmRF1de-Ie7g2wGm3CPdtmR1wI_aB6MP9g4DTd-4RD34DhexjhUdfCP_MWP7zi2Dz3G40eowyvR4z9eTOeh57CB5hKPHw-zHJc_MMaPH_x2_NBL_Ea040eHPzpyPH3wF9p_GMWbF0ezD_nxB_5aANWDh_lQrTOmFN_hiqnAZ8f-o4ke1OJR50jJPZCv4TARitKIhziaozfOoD8elB5x4XgnoowR7cMhnuiPxwgNKkI-4BwMAAdwADiOc0JOHAdxG_7x4cFxiUePH_-Qa-jwhYbKG8f149hPHIe_HaWO60YPhyN6_ChLGdfxwD2-w8f2occzReCqHAx14LvAb8cPnDKwxUX34cfxVC70Bz3CPBGO45mUGs2If4nwVPBx4EX4lrjyHdNy-HgPF_yywg-u44Y_HA724rihHz8szD9MHj-8Qzs_8D0u7PhwaFM22MJNaORx_EKOO8Z95NmhLleQ93jR44efBdN1xFIOeX0QmCM-4rhw5LjCp-hPfLGQMzwuCfZxDX3E4yW-48HF48GPfpaG90h3_IKs40KOZ9gRpPgx7ujRZscfvPA34UPzHMdxighJ5pB9PDpeDscP_Pjx48CHwzJ-HO8RH9fg4xGOC4dPBy9-PEeP-zh-4g_4HPlR6MeFP9AT_PjxZYWrKMjjIc4h5sLHHPke9DWeoD3846gu4ui69HDxI7sI8fgBHTDvAD8OwcUPHDALHOIB_bgwDPlx-Oh740tf9PAPav7RHzd6ND5Kwd9BnRnCSxTU2RS6ayHSM3B3PDEOH2UefFbxB09-nEdz9MOX4RIehFLPgdehHz-OgwCP4wAA_AiuAx8MGNfxHMbp4UAtnnjwE7EkBf-h8yjO49ALX2iNV8Zz4Rt-QdsPKkeO9sFr4zjaH__h4w15-PgR-4euWDiOA_AP4DhwGD8G80eOH_Av9Dj-o3AkPNKAH_hRL8FHHLF46Agv-B5qxzmuC4Vl_HCZEtE_3McP4z_ywzjgH-GO409w4k-h8YP4HL-BDvnx4P8wv_gevDP6HWF-qPHxI-_x-CgvoXeExxx6-IdPhJeFH6NSdId_4iHcg09wXB9wGH-g_cARHif846JwHP2R4zi0rAt44_hg4DiQ48cB4qxwHD9sfzgxHPCk47mwHeEzSEd-nMqNPfiRH4duUsgVvXiCvg-a93h24kd35NBu5Nwxo_MN5_CPM8Nz3MIvUG4PZH9g8kN5o09xBTbuFM1XHG-O6_gjQVsOwAAgwBgACUFQGcKYE4IIBdggFCDBGCKSCEuEUAyAwghyCAAGHCICWEeAAMQQCAAkhDIgGHLUCACEEc4IhIAARjBggHAMKOIcQIwhppwigBCFlNDMGWcYAlJQYAgjCilngBXIWYQIcYwoIhhjRBrABBVCGCYFEUQAJJQlABCMAEFKAIOFUgAoIwAUghKAOCiCIKEAYAAB4AQDhgGImEISMiQBQwyIoIggBhBjCEEAEAAUUMYZBB1oQAjEkLACEUEsAEQThRwzgCAkgLJEGASEcsQAYgAQDigABEGIAUFEYYQIwBhSghACgCEAEUEEQ0IjAYBBECkkjCDQAWYEVQIBIhyxQgkjPXMGMAEQAcABYIAwkiEDCFUOAYCAMJ4QQoQCRBjCkAUCCEAQIUwIIRQQThHELKFEcWKpUIApI6xFgSmziEHWEQGAQMoQwAgQSggHBFIKKW0cUgo4QIUCwhlkAKEYAEIJcAzASRygwlUBhCBIKKMAQ8IASYh0QABIkSNECKIkRNYLBhMFACsFiKAKCMIIUoiCYQABwiGEiCEGUOAYEgAZxhCCzoFkMJaEiOQQAAwJYpxwVjiDgEMiCaY0EwABxxAVBEhgBFKkEiIIVAYCRAGiwgomtTDAKEgBJU44wgWgRniBgLnKJCKBIcItIIBQSgjCAFJYGGAAMMaB4ARFgAAKiEMKACOMIMyBcwGSAgICJGOFOiSAQMABc4mgAADKAGDSiccIAEAJgoAQQjlrlhBWDCmAswABLYpw4ilogDBQIwAUlIZRYJERTFCwHIEAEAMUIAArBQUAwhjCEBIAKgkIVMoJKYAg1iAhIEOAOECIYMUkwDVgQgLIjLOCImqCuEgARBpCYBBFARJQQCYCMAwAIJhQmChCnJHEEAqYIwAAIhVCAhFjHGAC"], "date": ["2001-08-20"], "genre": ["Trance, Electronic, Progressive Trance"], "disctotal": ["1"], "musicbrainz_artistid": ["2c2a80cf-193d-4be6-992e-311428085474"], "originaldate": ["2001-08-20"], "musicbrainz_albumid": ["80c0c9be-ec9e-3b5d-907a-8eea243dc76e"], "artist": ["Way Out West"], "tracknumber": ["9"], "artistsort": ["Way Out West"], "bpm": ["0"], "label": ["Black Hole Recordings"], "albumartistsort": ["Way Out West"], "acoustid_id": ["8ed7b190-5d1a-45c2-b40c-ad3b6a68cb00"], "script": ["Latn"], "totaltracks": ["11"]}}, "rhythm": {"bpm_histogram_first_peak_bpm": {"dmean2": 0, "median": 133, "min": 133, "dvar2": 0, "dvar": 0, "dmean": 0, "max": 133, "var": 0, "mean": 133}, "bpm": 131.972854614, "bpm_histogram_second_peak_spread": {"dmean2": 0, "median": 0.313725531101, "min": 0.313725531101, "dvar2": 0, "dvar": 0, "dmean": 0, "max": 0.313725531101, "var": 0, "mean": 0.313725531101}, "bpm_histogram_first_peak_weight": {"dmean2": 0, "median": 0.601520061493, "min": 0.601520061493, "dvar2": 0, "dvar": 0, "dmean": 0, "max": 0.601520061493, "var": 0, "mean": 0.601520061493}, "onset_rate": 3.69593954086, "beats_position": [0.441179126501, 0.893968224525, 1.34675729275, 1.79954648018, 2.24072551727, 2.69351458549, 3.22757363319, 3.76163268089, 4.29569149017, 4.82975053787, 5.36380958557, 5.89786815643, 6.43192720413, 6.96598625183, 7.50004529953, 8.03410434723, 8.56816291809, 9.11383247375, 9.65950107574, 10.2051696777, 10.7508392334, 11.2965078354, 11.8537864685, 12.3297958374, 12.8058052063, 13.2818136215, 13.7578229904, 14.2338323593, 14.7098407745, 15.1742401123, 15.6502494812, 16.114648819, 16.6719264984, 17.2292060852, 17.786485672, 18.3437633514, 18.8894329071, 19.365442276, 19.8298416138, 20.2942390442, 20.758638382, 21.2230377197, 21.6874370575, 22.1518363953, 22.616235733, 23.0806350708, 23.5334243774, 23.9862117767, 24.4506111145, 24.9150104523, 25.37940979, 25.8438091278, 26.2965984344, 26.7493877411, 27.2137870789, 27.6781845093, 28.1541938782, 28.6185932159, 29.0946025848, 29.5590019226, 30.0350112915, 30.4994106293, 30.9638080597, 31.4398174286, 31.9158267975, 32.391834259, 32.8562355042, 33.3206329346, 33.7850341797, 34.2610435486, 34.7370529175, 35.2130622864, 35.6890678406, 36.1650772095, 36.6410865784, 37.1170959473, 37.5931053162, 38.0691146851, 38.545124054, 39.0095214844, 39.462310791, 39.9151000977, 40.3678894043, 40.8206787109, 41.2734680176, 41.7262573242, 42.1790466309, 42.6318359375, 43.0846252441, 43.5374145508, 43.9785919189, 44.4197731018, 44.8725624084, 45.3369598389, 45.7897491455, 46.2425384521, 46.6953277588, 47.1481170654, 47.6009063721, 48.0536956787, 48.5064849854, 48.959274292, 49.4120635986, 49.8764610291, 50.3292503357, 50.7820396423, 51.234828949, 51.6876182556, 52.1404075623, 52.5931968689, 53.0575942993, 53.510383606, 53.9631729126, 54.4159622192, 54.8687515259, 55.333152771, 55.7859382629, 56.2387275696, 56.6915168762, 57.1559181213, 57.608707428, 58.0614967346, 58.5142860413, 58.9670753479, 59.4198646545, 59.8726501465, 60.3254394531, 60.7898406982, 61.2310180664, 61.6721992493, 62.1249885559, 62.5893859863, 63.042175293, 63.4949645996, 63.9477539062, 64.4121551514, 64.864944458, 65.3177337646, 65.7705230713, 66.2233123779, 66.6877059937, 67.1404953003, 67.5932846069, 68.0576858521, 68.5220870972, 68.9748764038, 69.4276657104, 69.8804550171, 70.3332443237, 70.7860336304, 71.238822937, 71.6916122437, 72.1444015503, 72.5971832275, 73.0499725342, 73.5027618408, 73.9555511475, 74.4083404541, 74.8611297607, 75.3255310059, 75.789932251, 76.2543258667, 76.7187271118, 77.1715164185, 77.6243057251, 78.0770950317, 78.5298843384, 78.982673645, 79.4354629517, 79.8882522583, 80.3410415649, 80.7938308716, 81.2466201782, 81.7110214233, 82.1754150391, 82.6398162842, 83.1042175293, 83.5453948975, 83.9981842041, 84.4509735107, 84.9037628174, 85.356552124, 85.7977294922, 86.2389068604, 86.691696167, 87.1444854736, 87.5856704712, 88.0384597778, 88.4912490845, 88.9440383911, 89.3968200684, 89.8612213135, 90.3256225586, 90.7784118652, 91.2312011719, 91.6839904785, 92.1367797852, 92.6011810303, 93.0539703369, 93.5183639526, 93.9711532593, 94.4239425659, 94.8767318726, 95.3295211792, 95.7823104858, 96.2350997925, 96.6878890991, 97.1406784058, 97.5934677124, 98.046257019, 98.4990463257, 98.9518356323, 99.404624939, 99.8574142456, 100.310203552, 100.774604797, 101.227394104, 101.680175781, 102.144577026, 102.597366333, 103.05015564, 103.502944946, 103.955734253, 104.327255249, 104.698776245, 105.070289612, 105.453422546, 105.84815979, 106.242897034, 106.637641907, 107.125259399, 107.612876892, 108.112106323, 108.576507568, 109.040908813, 109.505302429, 109.992919922, 110.480545044, 110.956550598, 111.432563782, 111.896957397, 112.361358643, 112.825759888, 113.290153503, 113.74294281, 114.195732117, 114.648521423, 115.10131073, 115.554100037, 115.995285034, 116.448066711, 116.900856018, 117.353645325, 117.806434631, 118.259223938, 118.712013245, 119.164802551, 119.617591858, 120.070381165, 120.53478241, 120.987571716, 121.440361023, 121.89315033, 122.345939636, 122.798728943, 123.25151825, 123.715919495, 124.168708801, 124.621498108, 125.085891724, 125.53868103, 125.991470337, 126.444259644, 126.89704895, 127.349838257, 127.802627563, 128.25541687, 128.708206177, 129.172607422, 129.625396729, 130.078186035, 130.530975342, 130.983764648, 131.436553955, 131.889343262, 132.342132568, 132.794921875, 133.25932312, 133.712112427, 134.164901733, 134.62928772, 135.082077026, 135.534866333, 135.98765564, 136.440444946, 136.893234253, 137.34602356, 137.798812866, 138.251602173, 138.716003418, 139.168792725, 139.621582031, 140.074371338, 140.527160645, 140.979949951, 141.432739258, 141.897140503, 142.34992981, 142.802719116, 143.255508423, 143.708297729, 144.161087036, 144.613876343, 145.078277588, 145.531066895, 145.983856201, 146.436645508, 146.889434814, 147.342224121, 147.795013428, 148.247802734, 148.700592041, 149.164993286, 149.617782593, 150.070556641, 150.534957886, 150.987747192, 151.440536499, 151.893325806, 152.346115112, 152.798904419, 153.251693726, 153.704483032, 154.157272339, 154.610061646, 155.062850952, 155.527252197, 155.980041504, 156.432830811, 156.885620117, 157.338409424, 157.79119873, 158.255599976, 158.708389282, 159.161178589, 159.613967896, 160.066757202, 160.519546509, 160.972335815, 161.425125122, 161.889526367, 162.342315674, 162.79510498, 163.259490967, 163.712280273, 164.16506958, 164.617858887, 165.070648193, 165.5234375, 165.976226807, 166.429016113, 166.88180542, 167.346206665, 167.798995972, 168.251785278, 168.704574585, 169.157363892, 169.610153198, 170.062942505, 170.52734375, 170.980133057, 171.432922363, 171.88571167, 172.338500977, 172.802902222, 173.255691528, 173.708480835, 174.161270142, 174.614059448, 175.066848755, 175.519638062, 175.972427368, 176.425216675, 176.878005981, 177.330795288, 177.795196533, 178.24798584, 178.700775146, 179.153549194, 179.606338501, 180.059127808, 180.511917114, 180.976318359, 181.429107666, 181.881896973, 182.334686279, 182.787475586, 183.240264893, 183.693054199, 184.157455444, 184.610244751, 185.063034058, 185.515823364, 185.968612671, 186.421401978, 186.874191284, 187.338592529, 187.791381836, 188.244171143, 188.696960449, 189.149749756, 189.602539062, 190.055328369, 190.519729614, 190.972518921, 191.425308228, 191.889694214, 192.342483521, 192.795272827, 193.248062134, 193.70085144, 194.153640747, 194.606430054, 195.05921936, 195.512008667, 195.964797974, 196.41758728, 196.881988525, 197.334777832, 197.787567139, 198.240356445, 198.693145752, 199.157546997, 199.610336304, 200.06312561, 200.515914917, 200.968704224, 201.433105469, 201.874282837, 202.327072144, 202.77986145, 203.244262695, 203.697052002, 204.149841309, 204.602630615, 205.055419922, 205.508209229, 205.960998535, 206.42539978, 206.878189087, 207.330978394, 207.7837677, 208.236557007, 208.700942993, 209.1537323, 209.606521606, 210.047698975, 210.51210022, 210.964889526, 211.417678833, 211.87046814, 212.323257446, 212.787658691, 213.240447998, 213.693237305, 214.146026611, 214.598815918, 215.051605225, 215.504394531, 215.968795776, 216.421585083, 216.87437439, 217.327163696, 217.779953003, 218.23274231, 218.685531616, 219.149932861, 219.602722168, 220.055511475, 220.508300781, 220.961090088, 221.413879395, 221.866668701, 222.319458008, 222.772247314, 223.236633301, 223.689422607, 224.142211914, 224.595001221, 225.047790527, 225.500579834, 225.953369141, 226.417770386, 226.870559692, 227.323348999, 227.776138306, 228.228927612, 228.681716919, 229.134506226, 229.598907471, 230.051696777, 230.504486084, 230.957275391, 231.410064697, 231.862854004, 232.315643311, 232.780044556, 233.232833862, 233.685623169, 234.138412476, 234.591201782, 235.055603027, 235.496780396, 235.961181641, 236.413970947, 236.866760254, 237.319549561, 237.772338867, 238.225112915, 238.677902222, 239.142303467, 239.583480835, 240.04788208, 240.500671387, 240.953460693, 241.417861938, 241.870651245, 242.323440552, 242.76461792, 243.229019165, 243.69342041, 244.134597778, 244.587387085, 245.040176392, 245.492965698, 245.945755005, 246.41015625, 246.851333618, 247.292510986, 247.745300293, 248.1980896, 248.674102783, 249.12689209, 249.591293335, 250.044082642, 250.496871948, 250.949661255, 251.402450562, 251.855239868, 252.308029175, 252.772415161, 253.213607788, 253.677993774, 254.130783081, 254.583572388, 255.047973633, 255.500762939, 255.953552246, 256.406341553, 256.859130859, 257.311920166, 257.764709473, 258.217498779, 258.670288086, 259.134674072, 259.587463379, 260.040252686, 260.493041992, 260.945831299, 261.410247803, 261.863037109, 262.315826416, 262.768615723, 263.221405029, 263.674194336, 264.126983643, 264.591369629, 265.044158936, 265.496948242, 265.949737549, 266.402526855, 266.855316162, 267.308105469, 267.772521973, 268.225311279, 268.678100586, 269.130889893, 269.583679199, 270.048065186, 270.512481689, 270.976867676, 271.441253662, 271.905670166, 272.38168335, 272.857696533, 273.32208252, 273.809692383, 274.297332764, 274.77331543, 275.260955811, 275.748565674, 276.247802734, 276.735412598, 277.234649658, 277.733886719, 278.244720459, 278.755554199, 279.266387939, 279.800445557, 280.322906494, 280.856964111, 281.309753418, 281.762542725, 282.215332031, 282.644897461, 283.08605957, 283.527252197, 283.887145996, 284.247070312, 284.606964111, 284.966888428, 285.338409424, 285.70993042, 286.093048096, 286.464569092, 286.859313965, 287.265655518, 287.660400391, 288.043518066, 288.438262939, 288.833007812, 289.227752686, 289.622497559, 290.017242432, 290.411956787, 290.80670166, 291.201446533, 291.64263916, 292.07220459, 292.50177002, 292.942932129, 293.384124756, 293.836914062, 294.289703369, 294.754089355, 295.218505859, 295.682891846, 296.135681152, 296.588470459, 297.029663086, 297.470825195, 297.912017822, 298.364807129, 298.817596436, 299.270385742, 299.723175049, 300.187561035, 300.651977539, 301.116363525, 301.580780029, 302.021942139, 302.474731445, 302.927520752, 303.380310059, 303.833099365, 304.285888672, 304.738677979, 305.191467285, 305.644256592, 306.097045898, 306.549835205, 307.002624512, 307.455413818, 307.919799805, 308.372589111, 308.825378418, 309.278167725, 309.730957031, 310.195373535, 310.648162842, 311.100952148, 311.553741455, 312.006530762, 312.459320068, 312.912109375, 313.353271484, 313.817687988, 314.270477295, 314.723266602, 315.187652588, 315.640441895, 316.093231201, 316.546020508, 317.010437012, 317.463226318, 317.927612305, 318.380401611, 318.833190918, 319.274383545, 319.715545654, 320.156738281, 320.597900391, 321.015869141, 321.433837891, 321.851776123, 322.269744873, 322.687713623, 323.105651855, 323.523620605, 323.941589355, 324.336334229, 324.742675781, 325.137420654, 325.52053833, 325.903656006, 326.286804199, 326.681549072, 327.053070068, 327.424560547, 327.784484863, 328.144378662, 328.504302979, 328.864196777, 329.224121094, 329.58404541, 329.920715332, 330.257415771, 330.594085693, 330.930786133, 331.255859375, 331.580932617, 331.906036377, 332.231109619, 332.556182861, 332.858032227, 333.171508789, 333.484985352, 333.798461914, 334.123535156, 334.587921143, 335.063934326, 335.53994751, 336.004333496, 336.457122803, 336.909912109, 337.432373047, 337.966430664, 338.500488281, 339.034545898, 339.568603516, 340.102661133, 340.613494873, 341.124359131, 341.635192871, 342.134429932, 342.633636475, 343.121276855, 343.608886719, 344.096496582, 344.572509766, 345.036895752, 345.489685059, 345.954101562, 346.406890869, 346.859680176, 347.324066162, 347.776855469, 348.229644775, 348.682434082, 349.135223389, 349.588012695, 350.040802002, 350.505218506, 350.958007812, 351.410797119, 351.863586426, 352.316375732, 352.769165039, 353.221954346, 353.686340332, 354.139129639, 354.591918945, 355.044708252, 355.497497559, 355.950286865, 356.403076172, 356.867462158, 357.308654785, 357.773040771, 358.225830078, 358.678619385, 359.131408691, 359.584197998, 360.036987305, 360.489776611, 360.954193115, 361.406982422, 361.859771729, 362.312561035, 362.765350342, 363.229736328, 363.682525635, 364.135314941, 364.588104248, 365.040893555, 365.505310059, 365.946472168, 366.410888672, 366.852050781, 367.316467285, 367.757629395, 368.222045898, 368.674835205, 369.127624512, 369.592010498, 370.033203125, 370.497589111, 370.950378418, 371.403167725, 371.855957031, 372.308746338, 372.773132324, 373.214324951, 373.678710938, 374.131500244, 374.584289551, 375.037078857, 375.489868164, 375.942657471, 376.395446777, 376.859863281, 377.312652588, 377.765441895, 378.218231201, 378.671020508, 379.135406494, 379.588195801, 380.040985107, 380.493774414, 380.946563721, 381.387756348, 381.852142334, 382.304931641, 382.757720947, 383.222137451, 383.674926758, 384.127716064, 384.580505371, 385.033294678, 385.486083984, 385.938873291, 386.403259277, 386.856048584, 387.308837891, 387.761627197, 388.214416504, 388.667205811, 389.119995117, 389.572784424, 390.02557373, 390.489959717, 390.942749023, 391.39553833, 391.848327637, 392.301116943, 392.75390625, 393.206695557, 393.671112061, 394.123901367, 394.576690674, 395.02947998, 395.482269287, 395.935058594, 396.3878479, 396.852233887, 397.305023193, 397.7578125, 398.210601807, 398.663391113, 399.127807617, 399.580596924, 400.03338623, 400.486175537, 400.938934326, 401.391723633, 401.844512939, 402.297302246, 402.750091553, 403.214508057, 403.678894043, 404.154907227, 404.64251709, 405.130157471, 405.606170654, 406.093780518, 406.581390381, 407.045806885, 407.510192871, 407.974609375, 408.427398682, 408.880187988, 409.344573975, 409.797363281, 410.250152588, 410.702941895, 411.155731201, 411.608520508, 412.061309814, 412.514099121, 412.978485107, 413.431274414, 413.884063721, 414.336853027, 414.789642334, 415.242431641, 415.695220947, 416.148010254, 416.612426758, 417.065216064, 417.518005371, 417.970794678, 418.435180664], "beats_loudness": {"dmean2": 0.0223101079464, "median": 0.0396272465587, "min": 3.11845518297e-08, "dvar2": 0.000511442660354, "dvar": 0.000201761853532, "dmean": 0.0135991834104, "max": 0.140254333615, "var": 0.000713658519089, "mean": 0.0418494828045}, "danceability": 0.95980322361, "bpm_histogram_second_peak_weight": {"dmean2": 0, "median": 0.0380021706223, "min": 0.0380021706223, "dvar2": 0, "dvar": 0, "dmean": 0, "max": 0.0380021706223, "var": 0, "mean": 0.0380021706223}, "beats_count": 922, "bpm_histogram_second_peak_bpm": {"dmean2": 0, "median": 126, "min": 126, "dvar2": 0, "dvar": 0, "dmean": 0, "max": 126, "var": 0, "mean": 126}, "bpm_histogram_first_peak_spread": {"dmean2": 0, "median": 0.271052598953, "min": 0.271052598953, "dvar2": 0, "dvar": 0, "dmean": 0, "max": 0.271052598953, "var": 0, "mean": 0.271052598953}, "beats_loudness_band_ratio": {"dmean2": [0.220908939838, 0.172299280763, 0.144186615944, 0.123780913651, 0.0647210851312, 0.0443097986281], "median": [0.417217105627, 0.143454015255, 0.103497743607, 0.0785285979509, 0.0284447409213, 0.0262747257948], "min": [0.000477173074614, 0.00203035632148, 0.00112361530773, 0.000633263494819, 2.90773114102e-05, 3.33450452672e-06], "dvar2": [0.0391307584941, 0.032580524683, 0.0230733640492, 0.0262489710003, 0.0110366102308, 0.00707144197077], "dvar": [0.0178551953286, 0.012516900897, 0.00801992602646, 0.00928342528641, 0.0041833287105, 0.00260329875164], "dmean": [0.135025560856, 0.101458251476, 0.0842595100403, 0.0725809261203, 0.0377202033997, 0.0265455003828], "max": [0.99243247509, 0.813771128654, 0.797458946705, 0.917232871056, 0.780884683132, 0.700177192688], "var": [0.0886010825634, 0.0365721508861, 0.0136258499697, 0.0205345209688, 0.00814966391772, 0.00607870612293], "mean": [0.451309233904, 0.204045295715, 0.135350003839, 0.12969532609, 0.0612810775638, 0.0562779083848]}}, "lowlevel": {"barkbands_spread": {"dmean2": 6.81254720688, "median": 14.2249660492, "min": 0.520633816719, "dvar2": 73.5600204468, "dvar": 33.2696838379, "dmean": 4.40288352966, "max": 107.651268005, "var": 123.631790161, "mean": 16.7086296082}, "melbands_spread": {"dmean2": 8.04037570953, "median": 14.3668746948, "min": 0.512853264809, "dvar2": 131.208526611, "dvar": 57.8412971497, "dmean": 5.13356494904, "max": 172.435058594, "var": 221.453292847, "mean": 18.1324234009}, "hfc": {"dmean2": 11.0501022339, "median": 13.9915657043, "min": 7.27745145923e-06, "dvar2": 332.240325928, "dvar": 136.329696655, "dmean": 7.12105703354, "max": 128.533660889, "var": 283.5390625, "mean": 19.0072650909}, "barkbands_kurtosis": {"dmean2": 5.22905111313, "median": 2.67115283012, "min": -1.8969451189, "dvar2": 134.018203735, "dvar": 57.0164413452, "dmean": 3.38255238533, "max": 323.543548584, "var": 117.183364868, "mean": 5.78181123734}, "gfcc": {"mean": [-20.814704895, 124.178146362, -127.454627991, 23.6610279083, -48.8730163574, 3.69204592705, -20.8865947723, 2.75343632698, -14.1107349396, 1.13186001778, -5.04296064377, 0.802740216255, -1.9405349493], "icov": [[0.00022404914489, -0.000125615944853, -3.70106536138e-05, -0.000337367324391, 0.000109151900688, -0.000310697942041, 6.62185775582e-05, -9.17398647289e-05, 0.000439069495769, -0.000264070404228, 0.000312813644996, -0.000404459016863, 0.000362638907973], [-0.000125615944853, 0.00147937214933, -0.000484323099954, 0.000972810550593, -0.00103278353345, 0.00116870808415, -0.000761619245168, 0.00111104443204, -0.00161945167929, 0.00186212582048, -0.00179054948967, 0.00173016113695, -0.000728626793716], [-3.70106536138e-05, -0.000484323099954, 0.0010762749007, -0.000771577993874, 0.000336527766194, -0.000598370679654, 0.000430633139331, -0.000381401187042, 0.000437542214058, -0.000371949427063, 0.000858079700265, -5.44966314919e-05, 0.000305739376927], [-0.000337367324391, 0.000972810550593, -0.000771577993874, 0.00406844075769, -0.00149969395716, 0.000670187058859, -0.0015612617135, 0.00239177537151, -0.00200397055596, 0.000664489809424, 0.00041310818051, 0.000290887634037, -0.00152031425387], [0.000109151900688, -0.00103278353345, 0.000336527766194, -0.00149969395716, 0.00357505050488, -0.000530076038558, -0.000436821894255, -0.00128692225553, 0.000180751580046, -0.000234867547988, 0.000118006973935, -0.000393238762626, 0.000318629987305], [-0.000310697942041, 0.00116870808415, -0.000598370679654, 0.000670187058859, -0.000530076038558, 0.00743064144626, -0.0033708345145, -0.000852359517012, -0.000491548038553, -0.000985253718682, 0.000425074598752, -0.00228857295588, 0.00196078117006], [6.62185775582e-05, -0.000761619245168, 0.000430633139331, -0.0015612617135, -0.000436821894255, -0.0033708345145, 0.00897935777903, -0.00162677071057, -0.0013054155279, -0.00027965233312, -0.00197400199249, 0.00342451268807, -0.00149367016274], [-9.17398647289e-05, 0.00111104443204, -0.000381401187042, 0.00239177537151, -0.00128692225553, -0.000852359517012, -0.00162677071057, 0.0100406259298, -0.0041570244357, -0.00114464003127, 0.000430647574831, -0.000711251224857, 8.63683089847e-05], [0.000439069495769, -0.00161945167929, 0.000437542214058, -0.00200397055596, 0.000180751580046, -0.000491548038553, -0.0013054155279, -0.0041570244357, 0.0115057202056, -0.00306620215997, 0.000348998320987, -0.00300513044931, 0.000816628395114], [-0.000264070404228, 0.00186212582048, -0.000371949427063, 0.000664489809424, -0.000234867547988, -0.000985253718682, -0.00027965233312, -0.00114464003127, -0.00306620215997, 0.0141966352239, -0.0047006001696, 0.00132464920171, -0.0020438679494], [0.000312813644996, -0.00179054948967, 0.000858079700265, 0.00041310818051, 0.000118006973935, 0.000425074598752, -0.00197400199249, 0.000430647574831, 0.000348998320987, -0.0047006001696, 0.0143076190725, -0.00595652358606, -0.00180368381552], [-0.000404459016863, 0.00173016113695, -5.44966314919e-05, 0.000290887634037, -0.000393238762626, -0.00228857295588, 0.00342451268807, -0.000711251224857, -0.00300513044931, 0.00132464920171, -0.00595652358606, 0.02155039832, -0.00546646257862], [0.000362638907973, -0.000728626793716, 0.000305739376927, -0.00152031425387, 0.000318629987305, 0.00196078117006, -0.00149367016274, 8.63683089847e-05, 0.000816628395114, -0.0020438679494, -0.00180368381552, -0.00546646257862, 0.015833131969]], "cov": [[8065.85449219, -1478.19641113, 1257.71069336, 748.559753418, -310.05065918, 663.400268555, -98.9341583252, 20.8259944916, -311.133758545, 123.268600464, -432.235107422, 105.018280029, -271.557678223], [-1478.19641113, 3182.94506836, 106.861785889, -63.028678894, 729.152282715, -539.313964844, 264.199951172, -203.607681274, 269.621063232, -265.789093018, 329.84173584, -185.135604858, 175.806686401], [1257.71069336, 106.861785889, 1455.8996582, 325.105712891, 6.80202388763, 126.49420929, -8.13069438934, -28.7704868317, -43.8851623535, -24.8577747345, -143.993438721, -32.8892784119, -65.9013519287], [748.559753418, -63.028678894, 325.105712891, 511.384277344, 150.503479004, 71.7474899292, 87.6717300415, -35.7959785461, 41.252532959, 9.7523651123, -42.1509895325, 5.75309801102, 15.6482477188], [-310.05065918, 729.152282715, 6.80202388763, 150.503479004, 564.384033203, -45.8269882202, 163.694976807, 23.2278461456, 136.645263672, -24.722694397, 97.5629959106, -24.1501026154, 57.1469573975], [663.400268555, -539.313964844, 126.49420929, 71.7474899292, -45.8269882202, 331.947967529, 62.2527198792, 106.015106201, 9.03925323486, 88.5356750488, -50.7301902771, 53.0035896301, -46.9749908447], [-98.9341583252, 264.199951172, -8.13069438934, 87.6717300415, 163.694976807, 62.2527198792, 230.975921631, 53.5661354065, 101.865692139, 25.1778430939, 66.6017150879, -9.46004772186, 35.8108291626], [20.8259944916, -203.607681274, -28.7704868317, -35.7959785461, 23.2278461456, 106.015106201, 53.5661354065, 189.195770264, 70.4966278076, 66.3051528931, 8.55505561829, 33.4497261047, -4.85711574554], [-311.133758545, 269.621063232, -43.8851623535, 41.252532959, 136.645263672, 9.03925323486, 101.865692139, 70.4966278076, 189.025650024, 34.354927063, 69.941696167, 14.4940280914, 37.3555526733], [123.268600464, -265.789093018, -24.8577747345, 9.7523651123, -24.722694397, 88.5356750488, 25.1778430939, 66.3051528931, 34.354927063, 130.613021851, 22.1051483154, 35.4338760376, 7.74905967712], [-432.235107422, 329.84173584, -143.993438721, -42.1509895325, 97.5629959106, -50.7301902771, 66.6017150879, 8.55505561829, 69.941696167, 22.1051483154, 161.208435059, 19.5527172089, 58.7288627625], [105.018280029, -185.135604858, -32.8892784119, 5.75309801102, -24.1501026154, 53.0035896301, -9.46004772186, 33.4497261047, 14.4940280914, 35.4338760376, 19.5527172089, 80.4128952026, 16.9263954163], [-271.557678223, 175.806686401, -65.9013519287, 15.6482477188, 57.1469573975, -46.9749908447, 35.8108291626, -4.85711574554, 37.3555526733, 7.74905967712, 58.7288627625, 16.9263954163, 99.9240112305]]}, "spectral_energyband_middle_low": {"dmean2": 0.00898674782366, "median": 0.0121389944106, "min": 2.23821003398e-10, "dvar2": 0.000215971827856, "dvar": 8.33704689285e-05, "dmean": 0.00558688025922, "max": 0.111627072096, "var": 0.000200302805752, "mean": 0.0149945132434}, "melbands_crest": {"dmean2": 4.54547548294, "median": 14.7579555511, "min": 2.70601463318, "dvar2": 21.1177806854, "dvar": 8.58972072601, "dmean": 2.88866710663, "max": 39.5672416687, "var": 60.2804985046, "mean": 16.3146438599}, "spectral_kurtosis": {"dmean2": 6.34365272522, "median": 4.8745174408, "min": -0.822273492813, "dvar2": 214.972442627, "dvar": 83.7939300537, "dmean": 3.72815656662, "max": 377.211029053, "var": 285.449981689, "mean": 8.80417633057}, "spectral_rms": {"dmean2": 0.00127028534189, "median": 0.00610885117203, "min": 1.25371025206e-06, "dvar2": 2.31006060858e-06, "dvar": 8.81367157035e-07, "dmean": 0.000799162546173, "max": 0.0143516305834, "var": 6.03437911195e-06, "mean": 0.0058786473237}, "zerocrossingrate": {"dmean2": 0.00879880227149, "median": 0.03564453125, "min": 0, "dvar2": 0.000143967554322, "dvar": 0.000117105395475, "dmean": 0.00760070141405, "max": 0.3203125, "var": 0.00104084121995, "mean": 0.0437675304711}, "silence_rate_60dB": {"dmean2": 0.0213874112815, "median": 0, "min": 0, "dvar2": 0.0242547281086, "dvar": 0.0105787124485, "dmean": 0.0106931133196, "max": 1, "var": 0.0820932388306, "mean": 0.0901939049363}, "erbbands_kurtosis": {"dmean2": 1.5204308033, "median": 0.0220650434494, "min": -1.84769058228, "dvar2": 6.66805553436, "dvar": 2.91222429276, "dmean": 0.964852750301, "max": 56.2130203247, "var": 7.42836380005, "mean": 0.693094909191}, "erbbands": {"dmean2": [0.343680202961, 2.06805062294, 3.55817317963, 5.61452531815, 10.8999223709, 15.2631511688, 15.9263038635, 17.4387722015, 24.6521148682, 26.6893520355, 26.7073116302, 39.8277740479, 32.0873832703, 36.454914093, 38.837638855, 26.3292922974, 46.162399292, 22.7188262939, 19.2897911072, 20.0514678955, 21.2530574799, 20.0215873718, 13.4294261932, 10.5067329407, 9.76896286011, 9.33771800995, 5.86415433884, 7.2694940567, 6.45481920242, 4.37767744064, 2.33053636551, 1.46494960785, 1.05632340908, 0.644178748131, 0.377029746771, 0.143286764622, 0.0413860268891, 0.00824166182429, 0.0011390162399, 9.17816360015e-05], "median": [0.183690369129, 1.21826696396, 1.66824030876, 2.35692977905, 4.92619037628, 8.67009925842, 11.5256290436, 14.0113277435, 14.0171318054, 10.7437458038, 12.7089347839, 17.5925254822, 12.3393945694, 16.2676811218, 17.2337551117, 12.854101181, 11.8845443726, 10.5133895874, 10.1201038361, 8.27061843872, 6.72476291656, 6.16355609894, 5.30030870438, 4.78281116486, 5.00912952423, 3.00535058975, 1.65598905087, 1.20102930069, 0.697665452957, 0.48142054677, 0.203699335456, 0.120104432106, 0.0548509061337, 0.0213574562222, 0.00901939626783, 0.00341188954189, 0.000859599676915, 0.000206855969736, 4.92790277349e-05, 5.36029765499e-05], "min": [8.95579610471e-09, 6.05504313356e-09, 2.22307292574e-08, 7.74739277176e-08, 4.29332835949e-08, 3.29675273747e-08, 1.94975786627e-08, 5.85521711116e-08, 2.07077363257e-07, 2.15873555476e-07, 1.17275376965e-07, 2.83650308575e-07, 2.8307695743e-07, 1.65529712604e-07, 2.71231783699e-07, 3.15385335625e-07, 2.72581303307e-07, 3.34680237302e-07, 5.05214927671e-07, 4.46485927341e-07, 4.4612212946e-07, 4.60673817315e-07, 5.39139364264e-07, 5.77353887365e-07, 1.02708656868e-06, 9.01045325463e-07, 7.6966080087e-07, 7.64603157677e-07, 9.11469953735e-07, 1.10185601443e-06, 9.32925786401e-07, 9.0461463742e-07, 8.39625727167e-07, 7.30723343167e-07, 5.01336558045e-07, 3.05062968664e-07, 1.48151670487e-07, 6.45118447551e-08, 1.54844883582e-08, 1.64922497881e-09], "dvar2": [0.802707314491, 17.9866600037, 55.4211425781, 178.705276489, 775.01574707, 919.54876709, 851.572692871, 1346.24963379, 2515.42822266, 4245.36230469, 2512.359375, 4471.32861328, 4416.16308594, 3704.91650391, 5182.69677734, 2184.00952148, 18900.9785156, 1831.29223633, 1171.19384766, 1339.04821777, 3667.73193359, 2045.5090332, 708.482666016, 462.450714111, 287.501342773, 364.82220459, 145.187423706, 293.737670898, 302.558441162, 146.969085693, 54.797908783, 16.0873374939, 10.5011224747, 4.61436796188, 1.86942327023, 0.169440075755, 0.015274352394, 0.000709644577, 1.96697656065e-05, 8.35063431737e-08], "dvar": [0.286434233189, 6.81931400299, 23.0846977234, 68.4194259644, 280.806182861, 363.812774658, 354.099517822, 456.274139404, 936.413208008, 1562.38537598, 995.196655273, 1741.02600098, 1698.43371582, 1753.46838379, 2354.27075195, 875.655700684, 7723.59863281, 706.769775391, 466.92288208, 511.611175537, 1318.69506836, 760.936340332, 283.247497559, 178.819442749, 105.769515991, 135.827102661, 63.2293891907, 144.707229614, 123.848068237, 58.7216453552, 22.6909561157, 7.52415323257, 4.52481937408, 1.94691205025, 0.773437380791, 0.0786031037569, 0.0079178865999, 0.000330484675942, 8.99233873497e-06, 3.70314729992e-08], "dmean": [0.218873277307, 1.32765650749, 2.22357869148, 3.39412665367, 6.42032766342, 9.45565223694, 10.3584423065, 10.7696475983, 15.0465230942, 16.1372432709, 16.5818119049, 24.5515232086, 19.5767631531, 23.6543083191, 25.0989494324, 16.3481521606, 28.0944080353, 13.8130788803, 11.7581396103, 12.1280174255, 12.5801362991, 12.0202026367, 8.0841217041, 6.41132736206, 5.73551988602, 5.46678972244, 3.69205141068, 4.68575143814, 3.90363478661, 2.72159552574, 1.48758625984, 0.987131714821, 0.707692801952, 0.439666360617, 0.247025072575, 0.0932553932071, 0.0286247879267, 0.00548204407096, 0.000805517600384, 6.13868396613e-05], "max": [8.63643169403, 34.5223312378, 83.4542999268, 163.147338867, 252.079849243, 464.015075684, 450.391998291, 819.67010498, 817.082580566, 651.09552002, 590.388916016, 593.073608398, 642.75213623, 3098.02978516, 1359.98693848, 607.049133301, 3765.55688477, 596.369262695, 538.062561035, 365.009216309, 1103.90710449, 535.686157227, 502.338806152, 351.982940674, 244.53817749, 336.502105713, 186.764465332, 505.943115234, 326.62008667, 129.132873535, 182.804550171, 5