{"tonal": {"thpcp": [1, 0.740463614464, 0.284657925367, 0.204514846206, 0.193909093738, 0.266036063433, 0.371981799603, 0.326593518257, 0.330824136734, 0.47058698535, 0.352228373289, 0.144567847252, 0.109084926546, 0.113841541111, 0.243310600519, 0.388973981142, 0.291379749775, 0.167364761233, 0.159071043134, 0.160907536745, 0.340483814478, 0.645490944386, 0.54834997654, 0.391659170389, 0.417647212744, 0.250145345926, 0.141876503825, 0.150894656777, 0.138139367104, 0.269695103168, 0.417782485485, 0.279253423214, 0.120618082583, 0.11389054358, 0.151921957731, 0.528384685516], "hpcp": {"dmean2": [0.192487835884, 0.196540921926, 0.202502831817, 0.20969325304, 0.187137022614, 0.113812074065, 0.095252841711, 0.101182147861, 0.137535452843, 0.162836655974, 0.169440984726, 0.157345175743, 0.158564373851, 0.150074258447, 0.211733311415, 0.282178431749, 0.268573045731, 0.21089874208, 0.195141151547, 0.161238476634, 0.120234750211, 0.11652687937, 0.117435790598, 0.166366741061, 0.184269994497, 0.144691050053, 0.0993694663048, 0.0966988950968, 0.130830213428, 0.232372865081, 0.286771297455, 0.276966273785, 0.213335856795, 0.197882577777, 0.184884697199, 0.183770239353], "median": [0.0306730382144, 0.0294925533235, 0.0327094197273, 0.0396796986461, 0.0298703834414, 0.0116517040879, 0.00637592980638, 0.00516151729971, 0.0113153196871, 0.0173349175602, 0.0169715788215, 0.0068617858924, 0.00529604498297, 0.00637776777148, 0.0353335291147, 0.0700104683638, 0.0601080879569, 0.0240695234388, 0.00941020715982, 0.00808886252344, 0.00742673641071, 0.00814935844392, 0.00825494341552, 0.0141057725996, 0.020625744015, 0.0146213872358, 0.00609397096559, 0.00404544873163, 0.00586520740762, 0.0629635974765, 0.126791357994, 0.0940718203783, 0.0141345197335, 0.00438284641132, 0.00538079999387, 0.016394475475], "min": [0, 0, 0, 0, 0, 0, 0, 0, 0, 0, 0, 0, 0, 0, 0, 0, 0, 0, 0, 0, 0, 0, 0, 0, 0, 0, 0, 0, 0, 0, 0, 0, 0, 0, 0, 0], "dvar2": [0.0990549474955, 0.100097171962, 0.0957785621285, 0.103614062071, 0.0909515842795, 0.060285910964, 0.0619239918888, 0.0664167925715, 0.0739801824093, 0.0891273543239, 0.0992634370923, 0.106857471168, 0.117603562772, 0.0986035987735, 0.102677851915, 0.143012881279, 0.132765963674, 0.109288498759, 0.123224556446, 0.0989825204015, 0.0792776197195, 0.0719618350267, 0.0679122582078, 0.0923502221704, 0.106138117611, 0.0705549120903, 0.0477895326912, 0.0515612661839, 0.0732425898314, 0.105028420687, 0.137949436903, 0.122491270304, 0.118604935706, 0.136059224606, 0.125173389912, 0.102284729481], "dvar": [0.0394511185586, 0.0385251902044, 0.0365220420063, 0.0468720830977, 0.0371083468199, 0.0211679153144, 0.0214404370636, 0.0230938792229, 0.0278345569968, 0.0389900542796, 0.0369450673461, 0.0380303785205, 0.0415761955082, 0.0352658368647, 0.0381119586527, 0.0605155006051, 0.0527901463211, 0.0425126254559, 0.0510160066187, 0.0360121391714, 0.0284702535719, 0.0262904260308, 0.0241675488651, 0.0336809717119, 0.0430997163057, 0.0270427074283, 0.0175008121878, 0.0191832017154, 0.0265443176031, 0.0400630161166, 0.0640110820532, 0.0509049110115, 0.0434702262282, 0.0501126646996, 0.0453348979354, 0.0382671914995], "dmean": [0.112150892615, 0.113473542035, 0.116240695119, 0.12581384182, 0.10892637074, 0.0634521469474, 0.0518229193985, 0.0550110004842, 0.0780093446374, 0.0957130044699, 0.0963997170329, 0.0850919634104, 0.0850876495242, 0.0819088369608, 0.121097639203, 0.165106549859, 0.158292129636, 0.121080487967, 0.110284440219, 0.0899580940604, 0.065557077527, 0.0643653124571, 0.0644828155637, 0.0925003364682, 0.104574725032, 0.0829182714224, 0.0552823208272, 0.0535192452371, 0.0723884478211, 0.135214671493, 0.17152158916, 0.163299068809, 0.119678452611, 0.107060156763, 0.10035482049, 0.103512845933], "max": [1, 1, 1, 1, 1, 1, 1, 1, 1, 1, 1, 1, 1, 1, 1, 1, 1, 1, 1, 1, 1, 1, 1, 1, 1, 1, 1, 1, 1, 1, 1, 1, 1, 1, 1, 1], "var": [0.0571523457766, 0.0430058985949, 0.0392069891095, 0.0786582306027, 0.0489389710128, 0.0160938575864, 0.0144788762555, 0.0163841992617, 0.0343382321298, 0.0752869620919, 0.0403562299907, 0.0255730897188, 0.0271953344345, 0.0244254935533, 0.0387689098716, 0.102802917361, 0.0778240561485, 0.0589455664158, 0.0897852107882, 0.0350480340421, 0.0201466362923, 0.0221532862633, 0.0172999948263, 0.0364663004875, 0.0828267782927, 0.0376899056137, 0.0136073613539, 0.0150723066181, 0.0210145451128, 0.0587706752121, 0.15939694643, 0.0994192883372, 0.0392635688186, 0.0363603420556, 0.0319143533707, 0.0360350087285], "mean": [0.133003115654, 0.116774410009, 0.118287079036, 0.16825966537, 0.125940218568, 0.0516906306148, 0.0390036143363, 0.0407043546438, 0.0869963690639, 0.139078706503, 0.104183629155, 0.0598417259753, 0.0568762868643, 0.0575329326093, 0.121740922332, 0.230797052383, 0.196064040065, 0.14003880322, 0.149330899119, 0.0894401520491, 0.0507283322513, 0.0539527982473, 0.0493921078742, 0.0964302197099, 0.149379268289, 0.0998478233814, 0.0431273244321, 0.0407218746841, 0.0543201118708, 0.188925400376, 0.357552736998, 0.264754801989, 0.101780220866, 0.0731248408556, 0.0693327262998, 0.0951219275594]}, "tuning_equal_tempered_deviation": 0.051038313657, "chords_changes_rate": 0.0576960295439, "key_key": "G", "tuning_diatonic_strength": 0.599571764469, "key_scale": "minor", "chords_number_rate": 0.00193610845599, "tuning_frequency": 438.984558105, "tuning_nontempered_energy_ratio": 0.706310212612, "chords_histogram": [54.1142311096, 2.9816069603, 8.13165569305, 9.91287517548, 0.658276855946, 2.76863503456, 0.271055191755, 3.54307842255, 0.116166502237, 1.1229429245, 0, 1.29719269276, 0, 0.542110383511, 0, 0, 0, 0.813165545464, 0, 0, 0.135527595878, 0.135527595878, 8.26718330383, 5.18877077103], "key_strength": 0.738080978394, "chords_key": "G", "chords_strength": {"dmean2": 0.010881870985, "median": 0.508448541164, "min": -1, "dvar2": 0.000938652316108, "dvar": 0.000446293066489, "dmean": 0.011029955931, "max": 0.785014986992, "var": 0.0328194275498, "mean": 0.493265837431}, "chords_scale": "minor", "hpcp_entropy": {"dmean2": 1.03701198101, "median": 1.81882452965, "min": 0, "dvar2": 0.800549447536, "dvar": 0.308366268873, "dmean": 0.616308450699, "max": 4.63280820847, "var": 0.562357127666, "mean": 1.85974788666}}, "metadata": {"audio_properties": {"equal_loudness": 0, "codec": "flac", "downmix": "mix", "sample_rate": 44100, "analysis_sample_rate": 44100, "bit_rate": 0, "md5_encoded": "9bede94292244e84c7b1eb1fe5cc820e", "length": 239.78666687, "replay_gain": -13.1375751495, "lossless": true}, "version": {"essentia_build_sha": "2d9f1f26377add8aeb1075a9c2973f962c4f09fd", "essentia": "2.1-beta2", "extractor": "music 1.0", "essentia_git_sha": "v2.1_beta2-1-ge3940c0"}, "tags": {"title": ["V\u00e4\u00e4ryydet"], "barcode": ["5053105656424"], "media": ["CD"], "albumartist": ["Raappana"], "language": ["fin"], "performer": ["Kari Hulkkonen (bass)", "Toni Puskala (drums)", "Joakim Bachmann (drums)", "Elina Katajam\u00e4ki (background vocals)", "Tuuli Saksala (background vocals)", "Suski Hakulinen (background vocals)", "Helmi Saksala (background vocals)", "Seppo Salmi (guitar)", "Jori Hulkkonen (guitar)", "Mikko Rossi (guitar)", "Janne Toivonen (flugelhorn and trumpet)", "Juho Viljanen (drums, percussion and trombone)", "Antti Lauronen (flute, percussion and saxophone)", "Raappana (lead vocals)", "Tommi Tikkanen (guitar, keyboard and percussion)"], "releasetype": ["album"], "musicbrainz_recordingid": ["14afd1b6-f64b-405e-ac14-b39293fb5228"], "mood": ["Chill"], "musicbrainz_albumartistid": ["00376321-ce0f-4bd7-a98f-fcabdbf06ea7"], "date": ["2013-03-22"], "disctotal": ["1"], "musicbrainz_albumid": ["8fe47670-6e0c-49df-af4e-819b6a507c1d"], "artistsort": ["Raappana"], "tracknumber": ["14"], "label": ["Ylivoima", "Suomen Musiikki"], "musicbrainz_artistid": ["00376321-ce0f-4bd7-a98f-fcabdbf06ea7"], "totaltracks": ["15"], "composer": ["Tommi Tikkanen"], "tracktotal": ["15"], "musicbrainz_workid": ["30364093-16f9-42c7-abab-9c036b0fc141"], "mixer": ["Bommitommi"], "originalyear": ["2013"], "lyricist": ["Janne P\u00f6yh\u00f6nen"], "work": ["V\u00e4\u00e4ryydet"], "discnumber": ["1"], "album": ["Tuuliajolla"], "catalognumber": ["5053105656424", "KHYCD54"], "releasecountry": ["FI"], "genre": ["Reggae"], "producer": ["Bommitommi"], "file_name": "14 - V\u00e4\u00e4ryydet.flac", "musicbrainz_releasegroupid": ["6a6fa4cf-6b6f-4e31-b5e8-22596a50f132"], "acoustid_id": ["84fb434c-53f2-4b9c-8fe6-46fbf0617f36"], "script": ["Latn"], "originaldate": ["2013-03-22"], "grouping": ["Reggae"], "musicbrainz_releasetrackid": ["0adee8c6-329e-45ef-ba0b-234df55cd867"], "artist": ["Raappana"], "arranger": ["Tommi Tikkanen"], "composersort": ["Tikkanen, Tommi"], "albumartistsort": ["Raappana"], "totaldiscs": ["1"], "releasestatus": ["official"]}}, "rhythm": {"bpm_histogram_first_peak_bpm": {"dmean2": 0, "median": 172, "min": 172, "dvar2": 0, "dvar": 0, "dmean": 0, "max": 172, "var": 0, "mean": 172}, "bpm": 172.265197754, "bpm_histogram_second_peak_spread": {"dmean2": 0, "median": 0, "min": 0, "dvar2": 0, "dvar": 0, "dmean": 0, "max": 0, "var": 0, "mean": 0}, "bpm_histogram_first_peak_weight": {"dmean2": 0, "median": 0.601783037186, "min": 0.601783037186, "dvar2": 0, "dvar": 0, "dmean": 0, "max": 0.601783037186, "var": 0, "mean": 0.601783037186}, "onset_rate": 4.26181221008, "beats_position": [0.383129239082, 0.777868449688, 1.14938771725, 1.50929701328, 1.86920630932, 2.22911548615, 2.57741498947, 2.92571425438, 3.27401351929, 3.63392281532, 3.99383211136, 4.34213161469, 4.69043064117, 5.0387301445, 5.38702917099, 5.73532867432, 6.08362817764, 6.43192720413, 6.78022670746, 7.12852573395, 7.4884352684, 7.84834432602, 8.20825386047, 8.56816291809, 8.91646194458, 9.26476192474, 9.62467098236, 9.97297000885, 10.3328800201, 10.6811790466, 11.0294780731, 11.3777770996, 11.7376871109, 12.0975961685, 12.445895195, 12.7941951752, 13.1424942017, 13.4907932281, 13.8390922546, 14.1990022659, 14.5589113235, 14.90721035, 15.2671203613, 15.6270294189, 15.9753284454, 16.3236274719, 16.6719264984, 17.0202255249, 17.3801364899, 17.7400455475, 18.088344574, 18.4366436005, 18.7965526581, 19.1564617157, 19.5047607422, 19.853061676, 20.2129707336, 20.5728797913, 20.9211788177, 21.2694778442, 21.6177768707, 21.9660758972, 22.3143768311, 22.6626758575, 23.0225849152, 23.3824939728, 23.7307929993, 24.0790920258, 24.4390010834, 24.7989120483, 25.1472110748, 25.4955101013, 25.8554191589, 26.2153282166, 26.563627243, 26.9119262695, 27.2602272034, 27.6085262299, 27.9684352875, 28.3283443451, 28.6766433716, 29.0249423981, 29.3732414246, 29.7331504822, 30.0930614471, 30.4413604736, 30.7896595001, 31.1379585266, 31.4978675842, 31.8577766418, 32.2060775757, 32.5543746948, 32.9026756287, 33.2509727478, 33.5992736816, 33.9591827393, 34.3074836731, 34.6673927307, 35.0156898499, 35.3872108459, 35.7355079651, 36.0838088989, 36.4321098328, 36.7804069519, 37.1403160095, 37.5002250671, 37.848526001, 38.2084350586, 38.5683441162, 38.91664505, 39.2649421692, 39.613243103, 39.9615402222, 40.309841156, 40.6581382751, 41.0180473328, 41.3779602051, 41.7378692627, 42.0977783203, 42.4460754395, 42.7943763733, 43.1426734924, 43.4909744263, 43.8392753601, 44.1991844177, 44.5474815369, 44.9073905945, 45.2556915283, 45.6039886475, 45.9522895813, 46.3005905151, 46.6604995728, 47.0204086304, 47.3687057495, 47.7170066833, 48.076915741, 48.4368247986, 48.7851219177, 49.14503479, 49.5049438477, 49.8532409668, 50.2015419006, 50.5498390198, 50.9097480774, 51.269657135, 51.6179580688, 51.9662590027, 52.3145561218, 52.6744651794, 53.0343742371, 53.3826751709, 53.73097229, 54.0792732239, 54.4391822815, 54.7990913391, 55.1473922729, 55.4956893921, 55.8439903259, 56.2038993835, 56.5638084412, 56.912109375, 57.2604064941, 57.608707428, 57.9570045471, 58.3285255432, 58.6768226624, 59.0251235962, 59.37342453, 59.7449417114, 60.0932426453, 60.4415397644, 60.7898406982, 61.1381378174, 61.4864387512, 61.8463478088, 62.2062568665, 62.5545578003, 62.9028549194, 63.2511558533, 63.6110649109, 63.9709739685, 64.3192749023, 64.6675720215, 65.0274810791, 65.3873901367, 65.7356872559, 66.0839920044, 66.4322891235, 66.7921981812, 67.1521072388, 67.5004043579, 67.8487091064, 68.1970062256, 68.5569152832, 68.9168243408, 69.26512146, 69.6134262085, 69.9617233276, 70.3216323853, 70.6699295044, 71.029838562, 71.3781356812, 71.7380523682, 72.0979614258, 72.4462585449, 72.7945556641, 73.1428527832, 73.5027618408, 73.8510665894, 74.210975647, 74.5592727661, 74.9075698853, 75.2558746338, 75.6157836914, 75.975692749, 76.3239898682, 76.6722869873, 77.0205917358, 77.3805007935, 77.7404098511, 78.0887069702, 78.4370040894, 78.7853012085, 79.133605957, 79.4935150146, 79.8534240723, 80.2017211914, 80.5500183105, 80.8983230591, 81.2582321167, 81.6181411743, 81.9664382935, 82.3147354126, 82.6746444702, 83.0345535278, 83.3828582764, 83.7311553955, 84.0794525146, 84.4277572632, 84.7992706299, 85.1475753784, 85.4958724976, 85.8441696167, 86.1924667358, 86.5639877319, 86.9122848511, 87.2605895996, 87.6088867188, 87.9687957764, 88.328704834, 88.6770019531, 89.0253067017, 89.3736038208, 89.7219009399, 90.0702056885, 90.4301147461, 90.7900238037, 91.1383209229, 91.4982299805, 91.8465270996, 92.2064361572, 92.5547409058, 92.9030380249, 93.2629470825, 93.6228561401, 93.9711532593, 94.3194503784, 94.667755127, 95.0160522461, 95.3759613037, 95.7358703613, 96.0841674805, 96.432472229, 96.7807693481, 97.1406784058, 97.5005874634, 97.8488845825, 98.1971893311, 98.5454864502, 98.9053955078, 99.2653045654, 99.6136016846, 99.9735107422, 100.3334198, 100.681724548, 101.030021667, 101.378318787, 101.726615906, 102.074920654, 102.44644165, 102.79473877, 103.143035889, 103.491333008, 103.851242065, 104.199546814, 104.559455872, 104.907752991, 105.267662048, 105.627571106, 105.975868225, 106.324172974, 106.672470093, 107.020767212, 107.392288208, 107.740585327, 108.088890076, 108.437187195, 108.785484314, 109.133781433, 109.482086182, 109.841995239, 110.201904297, 110.561813354, 110.910110474, 111.270019531, 111.61831665, 111.966621399, 112.314918518, 112.663215637, 113.023124695, 113.371429443, 113.731338501, 114.07963562, 114.427932739, 114.787841797, 115.147750854, 115.496055603, 115.844352722, 116.20426178, 116.564170837, 116.912467957, 117.260765076, 117.609069824, 117.968978882, 118.328887939, 118.677185059, 119.025482178, 119.373786926, 119.733695984, 120.093605042, 120.441902161, 120.79019928, 121.138504028, 121.486801147, 121.835098267, 122.195007324, 122.554916382, 122.90322113, 123.263130188, 123.611427307, 123.971336365, 124.319633484, 124.667930603, 125.016235352, 125.376144409, 125.736053467, 126.084350586, 126.432647705, 126.792556763, 127.15246582, 127.500770569, 127.849067688, 128.208984375, 128.568893433, 128.917190552, 129.265487671, 129.61378479, 129.973693848, 130.321990967, 130.681900024, 131.030197144, 131.378494263, 131.726806641, 132.086715698, 132.446624756, 132.794921875, 133.143218994, 133.503128052, 133.863037109, 134.211334229, 134.559631348, 134.907928467, 135.256240845, 135.604537964, 135.964447021, 136.324356079, 136.672653198, 137.020950317, 137.369247437, 137.729156494, 138.077453613, 138.437362671, 138.797271729, 139.157180786, 139.505477905, 139.853790283, 140.202087402, 140.550384521, 140.898681641, 141.270202637, 141.618499756, 141.966796875, 142.315093994, 142.675003052, 143.034912109, 143.383224487, 143.731521606, 144.091430664, 144.451339722, 144.799636841, 145.14793396, 145.496231079, 145.844528198, 146.192825317, 146.541137695, 146.901046753, 147.260955811, 147.60925293, 147.957550049, 148.305847168, 148.665756226, 149.025665283, 149.373962402, 149.722259521, 150.070556641, 150.430480957, 150.790390015, 151.138687134, 151.498596191, 151.858505249, 152.206802368, 152.555099487, 152.903396606, 153.251693726, 153.599990845, 153.959899902, 154.31980896, 154.668121338, 155.028030396, 155.387939453, 155.736236572, 156.084533691, 156.444442749, 156.804351807, 157.152648926, 157.500946045, 157.849243164, 158.197555542, 158.5574646, 158.917373657, 159.265670776, 159.613967896, 159.973876953, 160.333786011, 160.68208313, 161.030380249, 161.378677368, 161.726974487, 162.086883545, 162.446792603, 162.79510498, 163.1434021, 163.491699219, 163.863220215, 164.211517334, 164.559814453, 164.908111572, 165.256408691, 165.616317749, 165.976226807, 166.324539185, 166.672836304, 167.032745361, 167.392654419, 167.740951538, 168.089248657, 168.437545776, 168.785842896, 169.134140015, 169.494049072, 169.85395813, 170.202270508, 170.550567627, 170.898864746, 171.258773804, 171.618682861, 171.96697998, 172.3152771, 172.675186157, 173.035095215, 173.383392334, 173.731704712, 174.080001831, 174.42829895, 174.788208008, 175.148117065, 175.496414185, 175.844711304, 176.193008423, 176.55291748, 176.912826538, 177.261123657, 177.632644653, 177.980941772, 178.32925415, 178.67755127, 179.037460327, 179.385757446, 179.745666504, 180.093963623, 180.442260742, 180.790557861, 181.138870239, 181.498779297, 181.847076416, 182.195373535, 182.555282593, 182.903579712, 183.251876831, 183.611785889, 183.960083008, 184.319992065, 184.679901123, 185.028198242, 185.3881073, 185.736419678, 186.084716797, 186.433013916, 186.792922974, 187.152832031, 187.50112915, 187.84942627, 188.197723389, 188.557632446, 188.917541504, 189.265853882, 189.614151001, 189.974060059, 190.322357178, 190.682266235, 191.030563354, 191.378860474, 191.727157593, 192.075454712, 192.42376709, 192.783676147, 193.143585205, 193.515090942, 193.86340332, 194.211700439, 194.559997559, 194.908294678, 195.268203735, 195.628112793, 195.976409912, 196.324707031, 196.673019409, 197.021316528, 197.369613647, 197.717910767, 198.077819824, 198.437728882, 198.786026001, 199.13432312, 199.494232178, 199.854141235, 200.202438354, 200.550750732, 200.91065979, 201.270568848, 201.618865967, 201.967163086, 202.315460205, 202.663757324, 203.012054443, 203.371963501, 203.731872559, 204.091781616, 204.440093994, 204.800003052, 205.148300171, 205.49659729, 205.844894409, 206.193191528, 206.553100586, 206.913009644, 207.261306763, 207.609603882, 207.969512939, 208.329421997, 208.677734375, 209.026031494, 209.374328613, 209.722625732, 210.08253479, 210.442443848, 210.790740967, 211.139038086, 211.487350464, 211.847259521, 212.207168579, 212.555465698, 212.915374756, 213.263671875, 213.623580933, 213.971878052, 214.320175171, 214.66847229, 215.028381348, 215.388290405, 215.736587524, 216.084899902, 216.433197021, 216.781494141, 217.141403198, 217.501312256, 217.849609375, 218.209518433, 218.56942749, 218.917724609, 219.266021729, 219.614334106, 219.962631226, 220.322540283, 220.682449341, 221.03074646, 221.379043579, 221.727340698, 222.087249756, 222.447158813, 222.795455933, 223.143753052, 223.503662109, 223.863571167, 224.223495483, 224.583404541, 224.93170166, 225.279998779, 225.628295898, 225.976593018, 226.324890137, 226.673187256, 227.021499634, 227.369796753, 227.718093872, 228.07800293, 228.437911987, 228.786209106, 229.146118164, 229.506027222, 229.854324341, 230.214233398, 230.562530518, 230.922439575, 231.270736694, 231.619049072, 231.97895813, 232.338867188, 232.687164307, 233.035461426, 233.395370483, 233.755279541, 234.138412476, 234.521530151, 234.916275024, 235.311019897, 235.705749512, 236.100494385, 236.599716187, 237.122177124, 237.644622803, 238.167068481, 238.68951416, 239.211975098], "beats_loudness": {"dmean2": 0.0436502508819, "median": 0.0533202029765, "min": 0, "dvar2": 0.00136903603561, "dvar": 0.000493306783028, "dmean": 0.024962624535, "max": 0.172363132238, "var": 0.00067321176175, "mean": 0.0550651140511}, "danceability": 1.2370954752, "bpm_histogram_second_peak_weight": {"dmean2": 0, "median": 0.361069828272, "min": 0.361069828272, "dvar2": 0, "dvar": 0, "dmean": 0, "max": 0.361069828272, "var": 0, "mean": 0.361069828272}, "beats_count": 674, "bpm_histogram_second_peak_bpm": {"dmean2": 0, "median": 167, "min": 167, "dvar2": 0, "dvar": 0, "dmean": 0, "max": 167, "var": 0, "mean": 167}, "bpm_histogram_first_peak_spread": {"dmean2": 0, "median": 0, "min": 0, "dvar2": 0, "dvar": 0, "dmean": 0, "max": 0, "var": 0, "mean": 0}, "beats_loudness_band_ratio": {"dmean2": [0.440960645676, 0.332241863012, 0.208515390754, 0.149548694491, 0.0964873060584, 0.121701046824], "median": [0.559167742729, 0.143269628286, 0.0844591930509, 0.0410465225577, 0.039693787694, 0.0369563698769], "min": [0, 0, 0, 0, 0, 0], "dvar2": [0.126391962171, 0.0764158591628, 0.0327029153705, 0.0363619476557, 0.00861503090709, 0.0239251088351], "dvar": [0.0432153306901, 0.0250295698643, 0.0117051759735, 0.0137440823019, 0.00318529992364, 0.00865076482296], "dmean": [0.248879730701, 0.183249548078, 0.116923756897, 0.084770090878, 0.0532312989235, 0.0686610937119], "max": [0.983611643314, 0.820526361465, 0.668134331703, 0.82190912962, 0.38528445363, 0.962938308716], "var": [0.0637895390391, 0.0282046776265, 0.0152379926294, 0.0124286003411, 0.00344298710115, 0.0068155862391], "mean": [0.53904569149, 0.194109007716, 0.123490072787, 0.0809732973576, 0.0585923977196, 0.0660991072655]}}, "lowlevel": {"barkbands_spread": {"dmean2": 11.2264690399, "median": 17.20079422, "min": 0.201721817255, "dvar2": 235.450775146, "dvar": 101.72088623, "dmean": 7.45724868774, "max": 124.9712677, "var": 230.78793335, "mean": 20.4425487518}, "melbands_spread": {"dmean2": 11.6403493881, "median": 14.8916683197, "min": 0.301118075848, "dvar2": 412.758728027, "dvar": 208.31842041, "dmean": 7.71573734283, "max": 255.292480469, "var": 639.081970215, "mean": 20.6654853821}, "hfc": {"dmean2": 13.1576328278, "median": 16.9871196747, "min": 1.0501910865e-16, "dvar2": 336.058410645, "dvar": 172.641372681, "dmean": 9.65563774109, "max": 155.086105347, "var": 460.733886719, "mean": 23.546792984}, "barkbands_kurtosis": {"dmean2": 10.8375930786, "median": 3.48134660721, "min": -1.95414674282, "dvar2": 960.760437012, "dvar": 430.41619873, "dmean": 7.13498973846, "max": 660.187255859, "var": 790.817321777, "mean": 10.9994592667}, "gfcc": {"mean": [-20.3487796783, 81.1276092529, -92.545501709, 20.651468277, -44.0280380249, 10.1076421738, -37.9962463379, 10.2038345337, -20.7430095673, -0.791388392448, -8.60755825043, -0.555667698383, -10.272315979], "icov": [[6.2936800532e-05, -4.04072197853e-05, 7.77417371864e-05, -0.000130472908495, 1.64514312928e-05, -0.000137131049996, 0.000195583706954, -0.000249222328421, 0.000296497804811, -0.000252579222433, 0.000288165174425, -0.000259236665443, 0.000223262410145], [-4.04072197853e-05, 0.000915577053092, 0.000314642791636, -0.000201900998945, -0.00029515530332, -0.000171606516233, -0.000218452856643, 0.000204736774322, -0.000290812429739, 0.00103718601167, -0.00148171838373, 0.00119490874931, -0.00102772738319], [7.77417371864e-05, 0.000314642791636, 0.00154123699758, -0.000643284874968, -0.000501482747495, -0.000630005437415, -3.75467352569e-05, 0.000347605557181, -0.000483287411043, -0.000259405613178, 0.000889184477273, -0.00185242062435, 0.000495660759043], [-0.000130472908495, -0.000201900998945, -0.000643284874968, 0.00279517960735, -0.000445312209195, 8.6743166321e-05, 4.85049304189e-06, 0.000486885401187, -0.00181229854934, 0.000359599624062, -0.00094410800375, 0.0005772197037, -0.00135210296139], [1.64514312928e-05, -0.00029515530332, -0.000501482747495, -0.000445312209195, 0.00335082807578, -0.000104458042188, -0.000865191803314, -0.00056972441962, -0.000498100765981, -0.000684568891302, -0.0010402634507, 0.00101714232005, -0.00127449491993], [-0.000137131049996, -0.000171606516233, -0.000630005437415, 8.6743166321e-05, -0.000104458042188, 0.00455365329981, -0.00244218111038, -0.000383385660825, 0.000162932759849, -0.00054053182248, 0.000193096828298, -0.000472609943245, 0.00121409806889], [0.000195583706954, -0.000218452856643, -3.75467352569e-05, 4.85049304189e-06, -0.000865191803314, -0.00244218111038, 0.00520664127544, -0.00156837445684, 0.000954629271291, 6.5710490162e-05, 7.78063913458e-05, -0.000339176564012, -0.000664216349833], [-0.000249222328421, 0.000204736774322, 0.000347605557181, 0.000486885401187, -0.00056972441962, -0.000383385660825, -0.00156837445684, 0.00780063029379, -0.00503602717072, 0.00187201471999, -0.00159642996732, 0.000248447438935, 0.000282803783193], [0.000296497804811, -0.000290812429739, -0.000483287411043, -0.00181229854934, -0.000498100765981, 0.000162932759849, 0.000954629271291, -0.00503602717072, 0.0124112404883, -0.00596631318331, 0.00342307868414, 0.00193069700617, -0.000571054930333], [-0.000252579222433, 0.00103718601167, -0.000259405613178, 0.000359599624062, -0.000684568891302, -0.00054053182248, 6.5710490162e-05, 0.00187201471999, -0.00596631318331, 0.0133083425462, -0.00620928872377, 0.00148542714305, 0.000509913079441], [0.000288165174425, -0.00148171838373, 0.000889184477273, -0.00094410800375, -0.0010402634507, 0.000193096828298, 7.78063913458e-05, -0.00159642996732, 0.00342307868414, -0.00620928872377, 0.0149202663451, -0.0066458042711, 0.003044356592], [-0.000259236665443, 0.00119490874931, -0.00185242062435, 0.0005772197037, 0.00101714232005, -0.000472609943245, -0.000339176564012, 0.000248447438935, 0.00193069700617, 0.00148542714305, -0.0066458042711, 0.015994425863, -0.00788774341345], [0.000223262410145, -0.00102772738319, 0.000495660759043, -0.00135210296139, -0.00127449491993, 0.00121409806889, -0.000664216349833, 0.000282803783193, -0.000571054930333, 0.000509913079441, 0.003044356592, -0.00788774341345, 0.0167970787734]], "cov": [[28542.6835938, 286.420440674, -1220.92956543, 400.658843994, -575.888122559, 440.023925781, -793.87677002, 466.72454834, -342.813293457, 194.712600708, -139.203536987, 102.501876831, -352.531616211], [286.420440674, 2099.09545898, -460.885742188, 265.720581055, 347.488128662, 88.793548584, 201.784439087, 110.469993591, 51.1106033325, -56.297870636, 176.442886353, -106.951683044, 106.927047729], [-1220.92956543, -460.885742188, 1393.02490234, 354.535400391, 311.622711182, 260.300079346, 209.493118286, 38.2553977966, 160.115463257, 103.213615417, 2.36731505394, 158.70602417, 64.3394775391], [400.658843994, 265.720581055, 354.535400391, 651.063659668, 287.248199463, 113.886062622, 105.832069397, 95.2064971924, 168.210586548, 77.8203811646, 55.397731781, 21.212928772, 72.3017272949], [-575.888122559, 347.488128662, 311.622711182, 287.248199463, 596.729492188, 165.82510376, 234.533508301, 132.572570801, 152.235687256, 82.1558837891, 84.4173431396, 5.41644001007, 73.1011962891], [440.023925781, 88.793548584, 260.300079346, 113.886062622, 165.82510376, 411.67590332, 231.592666626, 98.2045822144, 50.1809387207, 46.3996086121, 30.4530487061, 35.1515007019, 2.68592166901], [-793.87677002, 201.784439087, 209.493118286, 105.832069397, 234.533508301, 231.592666626, 406.355865479, 104.633232117, 59.2928733826, 19.9467830658, 48.5668106079, 24.6839542389, 44.7975540161], [466.72454834, 110.469993591, 38.2553977966, 95.2064971924, 132.572570801, 98.2045822144, 104.633232117, 237.025787354, 113.406593323, 37.691444397, 21.5508232117, -13.6393527985, 2.5985827446], [-342.813293457, 51.1106033325, 160.115463257, 168.210586548, 152.235687256, 50.1809387207, 59.2928733826, 113.406593323, 210.727508545, 80.5432815552, 3.48209452629, -29.6700973511, 15.0137262344], [194.712600708, -56.297870636, 103.213615417, 77.8203811646, 82.1558837891, 46.3996086121, 19.9467830658, 37.691444397, 80.5432815552, 138.84161377, 40.6902427673, 3.28562068939, -7.08857536316], [-139.203536987, 176.442886353, 2.36731505394, 55.397731781, 84.4173431396, 30.4530487061, 48.5668106079, 21.5508232117, 3.48209452629, 40.6902427673, 126.78225708, 35.0110397339, 15.1426649094], [102.501876831, -106.951683044, 158.70602417, 21.212928772, 5.41644001007, 35.1515007019, 24.6839542389, -13.6393527985, -29.6700973511, 3.28562068939, 35.0110397339, 129.543411255, 41.5723953247], [-352.531616211, 106.927047729, 64.3394775391, 72.3017272949, 73.1011962891, 2.68592166901, 44.7975540161, 2.5985827446, 15.0137262344, -7.08857536316, 15.1426649094, 41.5723953247, 99.2669754028]]}, "spectral_energyband_middle_low": {"dmean2": 0.00880842190236, "median": 0.00891404040158, "min": 1.61992018907e-22, "dvar2": 0.00020624253375, "dvar": 8.10397687019e-05, "dmean": 0.00560168782249, "max": 0.0871004760265, "var": 0.000120203578263, "mean": 0.0116936117411}, "melbands_crest": {"dmean2": 4.73625564575, "median": 16.7017612457, "min": 1.66072285175, "dvar2": 23.99077034, "dvar": 9.98580360413, "dmean": 2.98594522476, "max": 33.3349533081, "var": 30.0243263245, "mean": 16.3521728516}, "spectral_kurtosis": {"dmean2": 2.66793990135, "median": 5.19449949265, "min": -1.30194687843, "dvar2": 10.285908699, "dvar": 4.10071086884, "dmean": 1.69834840298, "max": 36.5222244263, "var": 11.4319086075, "mean": 5.43515253067}, "spectral_rms": {"dmean2": 0.00151890411507, "median": 0.00609694374725, "min": 3.11530011857e-12, "dvar2": 4.59406282971e-06, "dvar": 2.18144668906e-06, "dmean": 0.00105650839396, "max": 0.0147756012157, "var": 6.36930917608e-06, "mean": 0.00565996067598}, "zerocrossingrate": {"dmean2": 0.0169506315142, "median": 0.046875, "min": 0, "dvar2": 0.000467474979814, "dvar": 0.000420313124778, "dmean": 0.0153484474868, "max": 0.86279296875, "var": 0.00536724133417, "mean": 0.0634026229382}, "silence_rate_60dB": {"dmean2": 0.0538446642458, "median": 0, "min": 0, "dvar2": 0.0588925406337, "dvar": 0.0261924471706, "dmean": 0.0269197244197, "max": 1, "var": 0.0739839375019, "mean": 0.080460883677}, "erbbands_kurtosis": {"dmean2": 2.03413009644, "median": 0.116711840034, "min": -1.85691201687, "dvar2": 24.7049179077, "dvar": 10.9254322052, "dmean": 1.31328582764, "max": 120.741638184, "var": 19.8671760559, "mean": 1.01911568642}, "erbbands": {"dmean2": [0.256089627743, 3.13509082794, 4.5725312233, 2.85431194305, 11.7514648438, 16.1096858978, 13.5347242355, 16.1739387512, 23.4432182312, 20.2163791656, 49.0683174133, 26.3987388611, 31.4337329865, 28.0712165833, 18.1587696075, 30.4679145813, 32.8122291565, 30.5614833832, 30.9335289001, 22.0680541992, 22.2616100311, 25.55610466, 19.234954834, 14.1448373795, 20.8832855225, 9.0524263382, 6.49499607086, 5.42819786072, 4.9959897995, 5.23332452774, 3.58687257767, 2.90018773079, 2.98678851128, 1.25362145901, 0.768187522888, 0.389692097902, 0.179260998964, 0.0920508503914, 0.0145456632599, 0.000937515171245], "median": [0.182919621468, 2.5788500309, 3.66017889977, 1.73213863373, 4.49674320221, 7.21503257751, 6.65179300308, 5.63381671906, 8.41622924805, 7.94159030914, 9.20479202271, 5.43259334564, 6.1253900528, 7.29032039642, 6.58500385284, 10.5073671341, 7.73321437836, 7.38101816177, 6.76369285583, 6.98442029953, 9.41157436371, 9.36936378479, 6.28283119202, 5.07077503204, 5.53629016876, 2.93796253204, 1.0677113533, 0.772720932961, 1.19504356384, 1.1173350811, 0.784403979778, 1.14146327972, 0.916082382202, 0.463895469904, 0.25101006031, 0.102229565382, 0.0246995650232, 0.004147995729, 0.000636175915133, 9.37498043641e-05], "min": [9.05702312446e-23, 6.63961378513e-22, 6.51863306696e-22, 4.45748002721e-21, 9.38686740168e-21, 2.27250634984e-20, 3.39183697655e-20, 6.98101986021e-20, 7.35610555521e-20, 1.1504446054e-19, 2.51187816964e-19, 2.52686254643e-19, 4.0374631415e-19, 4.03157284006e-19, 1.03938273516e-18, 1.28275633198e-18, 1.27502250344e-18, 2.19481663552e-18, 1.87442021937e-18, 2.04836244691e-18, 3.53524999686e-18, 3.95275286744e-18, 3.73052748715e-18, 5.19108277628e-18, 6.76220398916e-18, 7.48896735689e-18, 8.88024957844e-18, 1.08674409851e-17, 1.06046862363e-17, 1.03320847296e-17, 1.17836783439e-17, 1.08648808611e-17, 9.48271582425e-18, 9.26324578258e-18, 6.07306369082e-18, 4.02915581831e-18, 2.06676928349e-18, 7.84738130419e-19, 2.16035380966e-19, 2.71315208606e-20], "dvar2": [0.297323048115, 54.2612838745, 137.643768311, 43.8007202148, 860.835876465, 1124.38818359, 660.448181152, 1331.83105469, 2787.66430664, 2000.08557129, 15931.6533203, 6246.89697266, 9369.28808594, 5464.18261719, 1776.73925781, 5924.17919922, 8134.18017578, 6503.99072266, 5319.19628906, 2421.53295898, 1754.37634277, 2212.31396484, 1811.70910645, 784.285949707, 1702.89953613, 246.479766846, 261.80758667, 208.190612793, 161.174530029, 207.102432251, 123.20098877, 60.8251914978, 36.1222839355, 6.49653482437, 2.05149364471, 0.490580737591, 0.122145496309, 0.0419861450791, 0.000979593140073, 3.74834485228e-06], "dvar": [0.121440909803, 21.4875469208, 51.3608016968, 15.5876951218, 317.765167236, 423.861236572, 258.687561035, 553.694274902, 1196.98852539, 838.348815918, 7030.10205078, 2477.10449219, 4314.62939453, 2686.52416992, 774.092163086, 2797.03564453, 3704.28393555, 3131.625, 2342.73144531, 1057.2244873, 784.067932129, 1050.30236816, 719.843017578, 340.149719238, 889.942199707, 113.764068604, 120.20349884, 109.276786804, 79.7824707031, 99.4257507324, 62.5977249146, 31.8407726288, 17.4624328613, 3.47298240662, 1.03167200089, 0.232347220182, 0.0567148476839, 0.0180957093835, 0.000429247302236, 1.66007805547e-06], "dmean": [0.164572745562, 1.99778604507, 2.78040933609, 1.63697063923, 7.02491807938, 9.85378551483, 8.48475646973, 10.18384552, 15.0423755646, 12.8840055466, 32.0789146423, 16.5455093384, 21.1421871185, 19.4593772888, 11.6716175079, 20.0581092834, 21.6876831055, 20.5665073395, 20.1429042816, 14.1807289124, 14.5286464691, 16.9172668457, 12.1008176804, 9.32071208954, 14.5468950272, 5.9946475029, 4.36801815033, 3.72807788849, 3.51948237419, 3.61798405647, 2.57185268402, 2.08714199066, 2.05244398117, 0.886376440525, 0.540253162384, 0.270469069481, 0.123698703945, 0.0598182752728, 0.00954542960972, 0.000625629501883], "max": [5.09383249283, 46.487613678, 86.2638168335, 65.4889755249, 172.444595337, 224.654571533, 340.608551025, 483.426818848, 612.887512207, 579.217529297, 1448.65026855, 1013.68389893, 1410.19152832, 1181.67944336, 709.325561523, 1266.49182129, 1566.65136719, 1471.64807129, 1240.47302246, 631.991699219, 420.42855835, 853.450866699, 554.985595703, 459.224761963, 712.411376953, 168.380661011, 146.512710571, 104.184623718, 281.65447998, 289.250488281, 243.854110718, 195.800079346, 102.327186584, 55.9161987305, 24.973657608, 7.86193704605, 1.73550403118, 0.953807890415, 0.137718945742, 0.0092094335705], "var": [0.239196449518, 27.1408367157, 57.5969009399, 15.4933176041, 249.829421997, 426.936096191, 407.337371826, 893.196289063, 2124.3815918, 1465.10705566, 16588.2851563, 3284.53100586, 7438.05908203, 8984.79492188, 2085.82861328, 5766.62792969, 8190.82421875, 7420.40429688, 4575.76416016, 1793.90649414, 1462.50195313, 1979.40515137, 892.607971191, 526.561584473, 2323.7109375, 193.159912109, 136.116607666, 146.144821167, 136.662963867, 152.890350342, 115.397354126, 65.5325164795, 31.6695365906, 7.90625667572, 2.11665487289, 0.403053045273, 0.0744822397828, 0.018154034391, 0.000447478611022, 1.83111251317e-06], "mean": [0.386909931898, 4.14924430847, 5.84498691559, 2.5955915451, 9.00183868408, 13.9683790207, 13.6824321747, 15.3084182739, 24.1075286865, 20.3172874451, 50.643283844, 23.8026771545, 33.3614082336, 37.3732681274, 23.5065288544, 35.610710144, 38.0742111206, 34.6018829346, 32.2465171814, 21.2915039063, 23.4449157715, 27.0698127747, 17.6239910126, 14.0566120148, 23.9709949493, 8.68569755554, 4.6906914711, 4.34873151779, 4.80253410339, 4.52710771561, 3.5052189827, 3.36806535721, 2.86285352707, 1.37360072136, 0.788800656796, 0.373608022928, 0.142681464553, 0.0545234233141, 0.00888297334313, 0.000639888108708]}, "spectral_strongpeak": {"dmean2": 0.718531906605, "median": 0.50780415535, "min": 0, "dvar2": 1.75532746315, "dvar": 0.709495186806, "dmean": 0.420973658562, "max": 11.5292654037, "var": 1.03963530064, "mean": 0.807143449783}, "spectral_energy": {"dmean2": 0.021150873974, "median": 0.0381020382047, "min": 9.94772170638e-21, "dvar2": 0.00124159164261, "dvar": 0.000521687383298, "dmean": 0.0138283949345, "max": 0.223776340485, "var": 0.000826602103189, "mean": 0.0393645577133}, "average_loudness": 0.945200443268, "spectral_rolloff": {"dmean2": 1101.33276367, "median": 775.1953125, "min": 21.533203125, "dvar2": 4716629.5, "dvar": 2007743.375, "dmean": 642.717590332, "max": 21145.6054688, "var": 8044918.5, "mean": 1553.76513672}, "spectral_centroid": {"dmean2": 457.334655762, "median": 1071.84570313, "min": 141.612213135, "dvar2": 345003.59375, "dvar": 176100.765625, "dmean": 310.043304443, "max": 11548.4501953, "var": 1718493.5, "mean": 1312.64123535}, "pitch_salience": {"dmean2": 0.124127149582, "median": 0.458721578121, "min": 0.0585001297295, "dvar2": 0.0163755081594, "dvar": 0.00711194844916, "dmean": 0.0806867107749, "max": 0.905125021935, "var": 0.0221800357103, "mean": 0.468593358994}, "spectral_energyband_middle_high": {"dmean2": 0.00339141464792, "median": 0.00364211783744, "min": 1.11020047933e-21, "dvar2": 2.34775816352e-05, "dvar": 1.28288711494e-05, "dmean": 0.00241430220194, "max": 0.0499275401235, "var": 5.38792301086e-05, "mean": 0.00613683508709}, "spectral_contrast_coeffs": {"dmean2": [0.0846620351076, 0.0784282982349, 0.0653404295444, 0.0549067929387, 0.0434668511152, 0.0345311276615], "median": [-0.636815071106, -0.70532643795, -0.744761049747, -0.752525806427, -0.77293753624, -0.807655870914], "min": [-0.98011893034, -0.97778147459, -0.974625051022, -0.974821507931, -0.968167543411, -0.965601742268], "dvar2": [0.00578864617273, 0.00467469729483, 0.0031584163662, 0.00227083009668, 0.0015083309263, 0.00107988179661], "dvar": [0.00251618772745, 0.00199396698736, 0.00154723436572, 0.00111774890684, 0.000814526341856, 0.000518626591656], "dmean": [0.0534731782973, 0.0498072952032, 0.0430633537471, 0.0360916517675, 0.0295912679285, 0.0228046458215], "max": [-0.271162390709, -0.372317612171, -0.416705429554, -0.453071922064, -0.501251637936, -0.608971178532], "var": [0.0135493306443, 0.00838551670313, 0.00892572198063, 0.00660603493452, 0.0051227514632, 0.00195714994334], "mean": [-0.61902987957, -0.69951748848, -0.736883044243, -0.747229218483, -0.764682948589, -0.802425444126]}, "melbands_skewness": {"dmean2": 1.53545880318, "median": 2.99112510681, "min": -3.53938412666, "dvar2": 4.01354265213, "dvar": 1.92622148991, "dmean": 1.04390490055, "max": 25.7585411072, "var": 6.32996845245, "mean": 3.44804525375}, "spectral_spread": {"dmean2": 1349173.125, "median": 4828823, "min": 1415045.875, "dvar2": 2894598242300.0, "dvar": 1540937482240.0, "dmean": 970948.8125, "max": 42983880, "var": 20960820330500.0, "mean": 5791909.5}, "dissonance": {"dmean2": 0.0376253612339, "median": 0.459204912186, "min": 0.201641276479, "dvar2": 0.00146188866347, "dvar": 0.000574332429096, "dmean": 0.022948153317, "max": 0.5, "var": 0.00129501475021, "mean": 0.450413823128}, "spectral_skewness": {"dmean2": 0.387724280357, "median": 1.85530257225, "min": -0.307067841291, "dvar2": 0.162771970034, "dvar": 0.0738808438182, "dmean": 0.256546467543, "max": 4.52296733856, "var": 0.306381434202, "mean": 1.78691518307}, "spectral_flux": {"dmean2": 0.0540350228548, "median": 0.0761374309659, "min": 6.42966097031e-11, "dvar2": 0.00395489763469, "dvar": 0.00189098098781, "dmean": 0.035938564688, "max": 0.443055123091, "var": 0.00414842693135, "mean": 0.0899989232421}, "spectral_contrast_valleys": {"dmean2": [0.794307649136, 0.657650113106, 0.636139988899, 0.611444473267, 0.552927732468, 0.542962908745], "median": [-6.94381666183, -6.91732692719, -7.76435565948, -8.10106277466, -7.98516178131, -9.9105796814], "min": [-28.2602825165, -28.0625152588, -27.8069000244, -27.6777496338, -27.5055179596, -27.4218406677], "dvar2": [0.647529006004, 0.411233007908, 0.430289328098, 0.458464175463, 0.433302372694, 0.406103372574], "dvar": [0.353497266769, 0.19635489583, 0.213671728969, 0.232509151101, 0.243956506252, 0.246628463268], "dmean": [0.534456074238, 0.426630020142, 0.423128217459, 0.423542439938, 0.41645821929, 0.451003134251], "max": [-4.97319602966, -4.7970495224, -5.29893636703, -5.57077932358, -5.66583776474, -7.41621398926], "var": [7.40391492844, 6.46732187271, 5.96454238892, 5.78320980072, 5.89196586609, 5.484236