{"tonal": {"thpcp": [1, 0.631784856319, 0.358888089657, 0.340662002563, 0.27603328228, 0.292412728071, 0.380953490734, 0.345610588789, 0.413530796766, 0.542142868042, 0.409169256687, 0.342317789793, 0.381280809641, 0.323993295431, 0.352150201797, 0.393940120935, 0.312991797924, 0.260423064232, 0.259172528982, 0.315631002188, 0.604687213898, 0.77738070488, 0.554808497429, 0.497101604939, 0.566494464874, 0.402568817139, 0.374120593071, 0.429735273123, 0.317817568779, 0.3813547194, 0.500036358833, 0.33818000555, 0.203427106142, 0.225034326315, 0.332510918379, 0.757801949978], "hpcp": {"dmean2": [0.167457640171, 0.160780847073, 0.18283765018, 0.184930145741, 0.160667687654, 0.126890897751, 0.136277467012, 0.183083623648, 0.260010391474, 0.281258016825, 0.248110249639, 0.179787352681, 0.151772543788, 0.141244411469, 0.148584976792, 0.171990141273, 0.165337607265, 0.169777795672, 0.189087688923, 0.169907554984, 0.16448815167, 0.178268447518, 0.169449687004, 0.177815780044, 0.172162935138, 0.156382218003, 0.149007514119, 0.15629337728, 0.184323772788, 0.245362445712, 0.277731180191, 0.245668545365, 0.205518886447, 0.19651016593, 0.189074620605, 0.181535169482], "median": [0.0271010436118, 0.0333336256444, 0.0451724790037, 0.0447263941169, 0.0352722965181, 0.024548407644, 0.0234456732869, 0.0431421399117, 0.148067399859, 0.201950386167, 0.126351177692, 0.0355941355228, 0.0233022477478, 0.0251561459154, 0.0334820337594, 0.0369552858174, 0.034344047308, 0.0520554594696, 0.054612968117, 0.0502700433135, 0.0406541638076, 0.0447633676231, 0.0332000851631, 0.0352175608277, 0.0386817939579, 0.0288174040616, 0.0162400919944, 0.0160542521626, 0.0299523323774, 0.106045253575, 0.148330405354, 0.0916160196066, 0.0566164813936, 0.0444854684174, 0.0429914295673, 0.0337262004614], "min": [4.97581240779e-05, 4.3889562221e-05, 4.27695849794e-05, 0, 0, 0, 0, 0, 0, 0, 0, 0, 0, 0, 0, 0, 0, 0, 0, 0, 0, 0, 0, 0, 0, 0, 0, 0, 0, 0, 0, 0, 0, 0, 0, 6.21716462774e-05], "dvar2": [0.0800001546741, 0.0756937712431, 0.0852839648724, 0.0892074257135, 0.0711682885885, 0.0540942512453, 0.0665387883782, 0.0821590423584, 0.103769525886, 0.115583837032, 0.0898689329624, 0.0832336172462, 0.0771964415908, 0.0686256736517, 0.0648197904229, 0.0853128805757, 0.0800503492355, 0.0685191079974, 0.0795653760433, 0.0675650238991, 0.0720264837146, 0.084130845964, 0.0784852430224, 0.0852256342769, 0.0739762485027, 0.067085005343, 0.0765633136034, 0.081167332828, 0.0852015241981, 0.0932421609759, 0.114143542945, 0.0999111533165, 0.0853386595845, 0.0849366560578, 0.0839801728725, 0.080890327692], "dvar": [0.0337753966451, 0.0282233525068, 0.0320058204234, 0.0361820831895, 0.0268171448261, 0.0193234253675, 0.0240208879113, 0.0297798532993, 0.0396293848753, 0.0473098158836, 0.0346999652684, 0.0304261203855, 0.02867551893, 0.0254622772336, 0.0240210723132, 0.0329956188798, 0.0311654563993, 0.0266165956855, 0.0327361673117, 0.0269286353141, 0.0270643029362, 0.0304029285908, 0.0298693701625, 0.0332151800394, 0.0297714322805, 0.0256597287953, 0.0281595569104, 0.0296976640821, 0.0312133710831, 0.036835487932, 0.0463412031531, 0.0389781221747, 0.0335067212582, 0.0367303080857, 0.0314926691353, 0.030943101272], "dmean": [0.0972311422229, 0.0925929695368, 0.106466941535, 0.108251862228, 0.0937741026282, 0.0711846500635, 0.0767553895712, 0.104945123196, 0.154545679688, 0.166076973081, 0.146754696965, 0.103273816407, 0.0862647071481, 0.0806576982141, 0.0857077091932, 0.0996976345778, 0.096352532506, 0.100665964186, 0.112551189959, 0.100622698665, 0.0958433449268, 0.102935381234, 0.0978266224265, 0.103476062417, 0.102007836103, 0.0910596325994, 0.0845985487103, 0.0877706930041, 0.104766234756, 0.144628092647, 0.163935884833, 0.143944278359, 0.122030816972, 0.116273880005, 0.109872236848, 0.103188954294], "max": [1, 1, 1, 1, 1, 1, 1, 1, 1, 1, 1, 1, 1, 1, 1, 1, 1, 1, 1, 1, 1, 1, 1, 1, 1, 1, 1, 1, 1, 1, 1, 1, 1, 1, 1, 1], "var": [0.0767504125834, 0.037400610745, 0.0438548028469, 0.0813659280539, 0.0383472144604, 0.018511781469, 0.0245253723115, 0.0349393598735, 0.0868404954672, 0.134434953332, 0.0642918124795, 0.0457050092518, 0.0563784763217, 0.0346209295094, 0.0307798199356, 0.055046480149, 0.0464602522552, 0.0451783835888, 0.0804307088256, 0.0451580397785, 0.0359665937722, 0.044971678406, 0.039675552398, 0.0457065440714, 0.0536563135684, 0.0377557128668, 0.0354472510517, 0.0355793312192, 0.0364012569189, 0.0690092295408, 0.100536972284, 0.0636072084308, 0.0624892376363, 0.0943336039782, 0.0484736189246, 0.0486536473036], "mean": [0.154075935483, 0.11394932121, 0.136729732156, 0.17928147316, 0.121250003576, 0.0729361176491, 0.0806831046939, 0.119217425585, 0.271699935198, 0.358536869287, 0.226518154144, 0.128674611449, 0.122139886022, 0.0989681109786, 0.104840740561, 0.136585876346, 0.123914137483, 0.148266032338, 0.194378212094, 0.146702259779, 0.122733548284, 0.13670322299, 0.116163536906, 0.126258835196, 0.141242057085, 0.11221909523, 0.0933712720871, 0.0929229035974, 0.113165348768, 0.216802656651, 0.278719633818, 0.198919311166, 0.178229257464, 0.203109160066, 0.144335761666, 0.134136021137]}, "tuning_equal_tempered_deviation": 0.0143387224525, "chords_changes_rate": 0.0668911337852, "key_key": "C", "tuning_diatonic_strength": 0.528087854385, "key_scale": "minor", "chords_number_rate": 0.00291806948371, "tuning_frequency": 441.272583008, "tuning_nontempered_energy_ratio": 0.718815684319, "chords_histogram": [19.3265991211, 7.22783374786, 5.25252532959, 1.61616158485, 1.03254771233, 9.69696998596, 1.79573512077, 19.2817058563, 0.763187408447, 2.64870929718, 0.897867560387, 0.0897867530584, 1.43658804893, 0.448933780193, 0.763187408447, 0.0448933765292, 0.493827164173, 0, 0.987654328346, 0.718294024467, 0.134680137038, 7.16049385071, 2.55892252922, 15.6228952408], "key_strength": 0.700194358826, "chords_key": "C", "chords_strength": {"dmean2": 0.0100214630365, "median": 0.54796898365, "min": 0.205000802875, "dvar2": 8.24671587907e-05, "dvar": 7.65483346186e-05, "dmean": 0.0102839451283, "max": 0.847836375237, "var": 0.0179656464607, "mean": 0.53566044569}, "chords_scale": "minor", "hpcp_entropy": {"dmean2": 1.03168058395, "median": 1.89771962166, "min": 0.0365565046668, "dvar2": 0.721991240978, "dvar": 0.264171779156, "dmean": 0.61436599493, "max": 4.23843336105, "var": 0.562570869923, "mean": 1.88694059849}}, "metadata": {"audio_properties": {"equal_loudness": 0, "codec": "vorbis", "downmix": "mix", "sample_rate": 44100, "analysis_sample_rate": 44100, "bit_rate": 365000, "md5_encoded": "a4874cf02e233a160c2a04fb70b5939f", "length": 206.802719116, "replay_gain": -10.1158847809, "lossless": false}, "version": {"essentia_build_sha": "cead25079874084f62182a551b7393616cd33d87", "essentia": "2.1-beta2", "extractor": "music 1.0", "essentia_git_sha": "v2.1_beta2-1-ge3940c0"}, "tags": {"title": ["She's My Girl"], "barcode": ["018111238021"], "media": ["CD"], "albumartist": ["The Turtles"], "tracktotal": ["13"], "musicbrainz_releasegroupid": ["a4cab742-8b62-4801-bdf3-bf7377c5ffa2"], "releasetype": ["album", "compilation", "live"], "musicbrainz_recordingid": ["3418bf8a-8a9b-4216-b8a2-dd7566e35b12"], "musicbrainz_albumartistid": ["335b6182-0da8-4dc6-a5ec-fe13f0f87e4b"], "originalyear": ["1994"], "musicbrainz_releasetrackid": ["3d7faf3d-7c02-4499-a5d7-d4ea683de76a"], "discnumber": ["1"], "album": ["California Gold: Happy Together Again, Live"], "catalognumber": ["12 380"], "releasecountry": ["US"], "originaldate": ["1994"], "albumartistsort": ["Turtles, The"], "date": ["1994"], "file_name": "03 The Turtles - She's My Girl.ogg", "disctotal": ["1"], "acoustid_id": ["a31df01b-32e0-434a-a48f-fcdd7f54b802"], "musicbrainz_artistid": ["335b6182-0da8-4dc6-a5ec-fe13f0f87e4b"], "asin": ["B000001V6R"], "musicbrainz_albumid": ["0f522e09-b5ae-4dc2-b447-ea7fdb8a9b07"], "tracknumber": ["3"], "artistsort": ["Turtles, The"], "artist": ["The Turtles"], "label": ["LaserLight Digital"], "releasestatus": ["official"], "totaldiscs": ["1"], "script": ["Latn"], "totaltracks": ["13"]}}, "rhythm": {"bpm_histogram_first_peak_bpm": {"dmean2": 0, "median": 129, "min": 129, "dvar2": 0, "dvar": 0, "dmean": 0, "max": 129, "var": 0, "mean": 129}, "bpm": 128.837554932, "bpm_histogram_second_peak_spread": {"dmean2": 0, "median": 0.181818187237, "min": 0.181818187237, "dvar2": 0, "dvar": 0, "dmean": 0, "max": 0.181818187237, "var": 0, "mean": 0.181818187237}, "bpm_histogram_first_peak_weight": {"dmean2": 0, "median": 0.292906165123, "min": 0.292906165123, "dvar2": 0, "dvar": 0, "dmean": 0, "max": 0.292906165123, "var": 0, "mean": 0.292906165123}, "onset_rate": 3.10898160934, "beats_position": [0.452789098024, 0.917188167572, 1.38158726692, 1.83437633514, 2.28716540337, 2.73995471001, 3.28562355042, 3.8196823597, 4.3653512001, 4.82975053787, 5.2941493988, 5.7701587677, 6.25777769089, 6.74539661407, 7.23301553726, 7.72063493729, 8.19664382935, 8.67265319824, 9.16027164459, 9.64789104462, 10.1355104446, 10.6115188599, 11.0875282288, 11.5635375977, 12.0859861374, 12.6316547394, 13.177324295, 13.6997728348, 14.2338323593, 14.756280899, 15.2787294388, 15.8011789322, 16.3236274719, 16.8112468719, 17.298866272, 17.7632656097, 18.2276649475, 18.7036724091, 19.179681778, 19.6556911469, 20.1317005157, 20.6193199158, 21.1185474396, 21.6177768707, 22.1170063019, 22.5930156708, 23.0690250397, 23.5450344086, 23.9629936218, 24.3925609589, 24.8221302032, 25.2400894165, 25.6580486298, 26.076007843, 26.4823570251, 26.8887062073, 27.3066654205, 27.7362346649, 28.2354640961, 28.7230834961, 29.199092865, 29.686712265, 30.2323799133, 30.7896595001, 31.3237190247, 31.8577766418, 32.4034461975, 32.9491157532, 33.4947853088, 34.0404510498, 34.5861206055, 35.1317901611, 35.6658477783, 36.1999092102, 36.7339668274, 37.2912483215, 37.8369140625, 38.3825836182, 38.9282531738, 39.4855308533, 40.0312004089, 40.5072097778, 40.9599990845, 41.4243965149, 41.9120178223, 42.3996353149, 42.8872566223, 43.374874115, 43.8624954224, 44.350112915, 44.8261222839, 45.3021316528, 45.7665290833, 46.2425384521, 46.718547821, 47.1945571899, 47.6705665588, 48.1349639893, 48.6109733582, 49.0753746033, 49.5513839722, 50.0273895264, 50.4917907715, 50.9561882019, 51.420589447, 51.8733787537, 52.3493881226, 52.813785553, 53.2897949219, 53.7541923523, 54.2185935974, 54.6829910278, 55.1473922729, 55.6117897034, 56.0877990723, 56.5638084412, 57.0398178101, 57.515827179, 57.9802246094, 58.4446258545, 58.9090232849, 59.37342453, 59.8610420227, 60.3602714539, 60.8711090088, 61.3238983154, 61.7882995605, 62.252696991, 62.7170982361, 63.1814956665, 63.6458930969, 64.1102905273, 64.563079834, 65.0158691406, 65.4918823242, 65.9562835693, 66.4322891235, 66.8966903687, 67.3494796753, 67.813873291, 68.2898864746, 68.7542877197, 69.2186813354, 69.7062988281, 70.1707000732, 70.6351013184, 71.0995025635, 71.5638961792, 72.0515213013, 72.515914917, 72.9803161621, 73.4447174072, 73.9091110229, 74.3735122681, 74.8379135132, 75.3023147583, 75.766708374, 76.2194976807, 76.6838989258, 77.15990448, 77.6359176636, 78.1119232178, 78.5763244629, 79.040725708, 79.5051269531, 79.9695205688, 80.433921814, 80.8983230591, 81.3627166748, 81.8271179199, 82.291519165, 82.7559204102, 83.2203140259, 83.6731033325, 84.1258926392, 84.5902938843, 85.0546951294, 85.5307006836, 86.0067138672, 86.4711074829, 86.935508728, 87.3999099731, 87.8759155273, 88.3519287109, 88.8279342651, 89.3039474487, 89.7683410645, 90.244354248, 90.7203598022, 91.2079772949, 91.695602417, 92.1716079712, 92.6476211548, 93.123626709, 93.5996322632, 94.0756454468, 94.551651001, 95.0160522461, 95.4804534912, 95.9448471069, 96.4092483521, 96.8852615356, 97.3612670898, 97.825668335, 98.2900695801, 98.7544631958, 99.2188644409, 99.683265686, 100.15927124, 100.635284424, 101.111289978, 101.587303162, 102.063308716, 102.527709961, 103.003715515, 103.46811676, 103.932518005, 104.396911621, 104.872924805, 105.33732605, 105.836547852, 106.312561035, 106.788566589, 107.264579773, 107.740585327, 108.216598511, 108.692604065, 109.168617249, 109.644622803, 110.132240295, 110.619865417, 111.095870972, 111.571876526, 112.036277771, 112.500679016, 112.97668457, 113.452697754, 113.917098999, 114.393104553, 114.869110107, 115.333511353, 115.809524536, 116.28553009, 116.761543274, 117.237548828, 117.725166321, 118.189567566, 118.66557312, 119.141586304, 119.617591858, 120.093605042, 120.557998657, 121.022399902, 121.498413086, 121.97441864, 122.438819885, 122.914825439, 123.379226685, 123.855232239, 124.342857361, 124.969795227, 125.596733093, 126.223670959, 126.850608826, 127.454330444, 128.058044434, 128.673370361, 129.277099609, 129.892425537, 130.496139526, 131.111465454, 131.726806641, 132.342132568, 132.969070435, 133.596008301, 134.234558105, 134.861495972, 135.476821899, 136.092147827, 136.707473755, 137.171875, 137.624664307, 138.065841675, 138.507034302, 138.94821167, 139.389389038, 139.830566406, 140.283355713, 140.73614502, 141.188934326, 141.641723633, 142.082901001, 142.535690308, 142.988479614, 143.441268921, 143.894058228, 144.358459473, 144.822860718, 145.275650024, 145.728439331, 146.192825317, 146.657226562, 147.121627808, 147.574417114, 148.027206421, 148.479995728, 148.932785034, 149.397186279, 149.861587524, 150.32598877, 150.778778076, 151.231567383, 151.695953369, 152.160354614, 152.624755859, 153.077545166, 153.530334473, 153.994735718, 154.459136963, 154.91192627, 155.364715576, 155.829116821, 156.293518066, 156.757904053, 157.19909668, 157.640274048, 158.081451416, 158.534240723, 158.987030029, 159.463043213, 159.927429199, 160.380218506, 160.821395874, 161.262588501, 161.726974487, 162.191375732, 162.655776978, 163.120178223, 163.561355591, 164.014144897, 164.466934204, 164.931335449, 165.395736694, 165.836914062, 166.278091431, 166.719268799, 167.160446167, 167.601623535, 168.054412842, 168.507202148, 168.959991455, 169.412780762, 169.877182007, 170.341583252, 170.805984497, 171.270385742, 171.71156311, 172.175964355, 172.628753662, 173.081542969, 173.522720337, 173.963897705, 174.405075073, 174.823028564, 175.264221191, 175.717010498, 176.181396484, 176.634185791, 177.098587036, 177.562988281, 178.015777588, 178.468566895, 178.921356201, 179.374145508, 179.815322876, 180.256500244, 180.709289551, 181.162078857, 181.626480103, 182.067657471, 182.508834839, 182.973236084, 183.437637329, 183.890426636, 184.354827881, 184.807617188, 185.272018433, 185.736419678, 186.212417603, 186.688430786, 187.152832031, 187.617233276, 188.070022583, 188.52281189, 188.998809814, 189.474822998, 189.950836182, 190.415237427, 190.89125061, 191.367248535, 191.796829224, 192.214782715, 192.632736206, 193.050704956, 193.468658447, 193.875015259, 194.281356812, 194.687713623, 195.094055176, 195.500411987, 195.90675354, 196.33631897, 196.75428772, 197.183853149, 197.601806641, 198.042984009, 198.495773315, 198.948562622, 199.296859741, 199.633560181, 199.970245361, 200.306930542, 200.632019043, 200.968704224, 201.305389404, 201.642089844, 201.978775024, 202.361907959, 202.745025635, 203.128158569, 203.511291504, 203.871200562, 204.242721558, 204.614242554, 204.985748291, 205.357269287, 205.728790283, 206.100311279], "beats_loudness": {"dmean2": 0.0203651748598, "median": 0.0252209976315, "min": 0.000194614985958, "dvar2": 0.000543589238077, "dvar": 0.000196953129489, "dmean": 0.0120410080999, "max": 0.121021613479, "var": 0.000609227572568, "mean": 0.0285878442228}, "danceability": 1.02108860016, "bpm_histogram_second_peak_weight": {"dmean2": 0, "median": 0.0617848969996, "min": 0.0617848969996, "dvar2": 0, "dvar": 0, "dmean": 0, "max": 0.0617848969996, "var": 0, "mean": 0.0617848969996}, "beats_count": 438, "bpm_histogram_second_peak_bpm": {"dmean2": 0, "median": 123, "min": 123, "dvar2": 0, "dvar": 0, "dmean": 0, "max": 123, "var": 0, "mean": 123}, "bpm_histogram_first_peak_spread": {"dmean2": 0, "median": 0.54121863842, "min": 0.54121863842, "dvar2": 0, "dvar": 0, "dmean": 0, "max": 0.54121863842, "var": 0, "mean": 0.54121863842}, "beats_loudness_band_ratio": {"dmean2": [0.316569894552, 0.193060815334, 0.288414567709, 0.204465582967, 0.0911787748337, 0.162860065699], "median": [0.271540701389, 0.110488034785, 0.191705554724, 0.130997747183, 0.0585567653179, 0.0660926252604], "min": [5.04554191139e-05, 0.000195019631064, 0.00292724720202, 0.00167184171733, 0.000319096056046, 0.00014981131244], "dvar2": [0.062933690846, 0.0409569963813, 0.0666070580482, 0.0403141193092, 0.0110422605649, 0.0450015999377], "dvar": [0.0210553202778, 0.0140768298879, 0.0243088640273, 0.0143405748531, 0.00359306135215, 0.0152940871194], "dmean": [0.178858160973, 0.107692025602, 0.163516655564, 0.11653316766, 0.0533483400941, 0.0879469364882], "max": [0.893383562565, 0.842665612698, 0.804377317429, 0.792243778706, 0.673648536205, 0.839821577072], "var": [0.0383260473609, 0.022452307865, 0.0313739739358, 0.0255063008517, 0.00993344467133, 0.0130949653685], "mean": [0.307272702456, 0.160097137094, 0.236037775874, 0.173367023468, 0.0867187455297, 0.0975214987993]}}, "lowlevel": {"barkbands_spread": {"dmean2": 7.31684446335, "median": 18.2730636597, "min": 1.61822235584, "dvar2": 71.8921432495, "dvar": 37.2452430725, "dmean": 5.0046877861, "max": 89.9323272705, "var": 204.270828247, "mean": 21.3065071106}, "melbands_spread": {"dmean2": 10.8531188965, "median": 23.8330688477, "min": 1.54372680187, "dvar2": 238.992874146, "dvar": 128.961746216, "dmean": 7.227684021, "max": 230.162322998, "var": 519.234680176, "mean": 27.8641605377}, "hfc": {"dmean2": 8.34336948395, "median": 13.0319957733, "min": 0.000102711754153, "dvar2": 180.434921265, "dvar": 99.849067688, "dmean": 6.10696411133, "max": 170.087173462, "var": 587.175231934, "mean": 22.0520172119}, "barkbands_kurtosis": {"dmean2": 2.74564361572, "median": 0.977081179619, "min": -1.91467022896, "dvar2": 17.7983627319, "dvar": 7.53102636337, "dmean": 1.75930130482, "max": 57.7675170898, "var": 30.4910163879, "mean": 2.97258758545}, "gfcc": {"mean": [-33.8428382874, 96.5426635742, -135.418365479, 32.7946968079, -72.9443969727, 16.097951889, -30.3461074829, -5.39717197418, -15.7114305496, -2.48287463188, -16.7037296295, -11.9558572769, -11.0754728317], "icov": [[0.000231714802794, -0.000142590361065, 0.000170399231138, -0.000288631941658, 0.000370149151422, -0.000368984241504, -8.28656266094e-06, -0.000221099558985, 0.000479899230413, -0.00090715859551, 0.000549855001736, -8.36913241073e-05, 0.000564213551115], [-0.000142590361065, 0.00226010521874, -0.00114433758426, 0.00104286416899, -0.00172505807132, 0.00190801115241, -0.00171625299845, 0.00170668098144, -0.00142559350934, 0.00282030971721, -0.00341064878739, 0.00338821997866, -0.00183892890345], [0.000170399231138, -0.00114433758426, 0.00193533312995, -0.00143903738353, 0.000744716264307, -0.00063137349207, 0.00143620604649, -0.000686026702169, 0.000904298503883, -0.00119193049613, 0.00200664182194, -0.00211854139343, 0.00195486936718], [-0.000288631941658, 0.00104286416899, -0.00143903738353, 0.00379447476007, -0.000953703885898, 0.000419163989136, -0.000817683234345, 0.00179025693797, -0.00164265418425, 0.00193640822545, -0.00164965388831, 0.00201299786568, -0.00295333424583], [0.000370149151422, -0.00172505807132, 0.000744716264307, -0.000953703885898, 0.00503434194252, -0.00148276065011, 0.000924921245314, -0.0023958561942, 0.00173111003824, -0.00314181717113, 0.0032501667738, -0.0030347967986, 0.00192558660638], [-0.000368984241504, 0.00190801115241, -0.00063137349207, 0.000419163989136, -0.00148276065011, 0.00633708573878, -0.00368104712106, 0.0017710615648, -0.000807604752481, 0.00186820456292, -0.00248485151678, 0.00186233222485, -0.000863292661961], [-8.28656266094e-06, -0.00171625299845, 0.00143620604649, -0.000817683234345, 0.000924921245314, -0.00368104712106, 0.0092957559973, -0.00431587174535, 0.00214622798376, -0.00111027725507, 0.00136075995397, -0.00107184692752, 0.000931628281251], [-0.000221099558985, 0.00170668098144, -0.000686026702169, 0.00179025693797, -0.0023958561942, 0.0017710615648, -0.00431587174535, 0.0128580331802, -0.00474768783897, 0.00196372997016, -0.000755759712774, -0.0012571348343, -0.000151494430611], [0.000479899230413, -0.00142559350934, 0.000904298503883, -0.00164265418425, 0.00173111003824, -0.000807604752481, 0.00214622798376, -0.00474768783897, 0.012322829105, -0.0064018368721, 0.00248776143417, 0.000772522238549, 0.000384820130421], [-0.00090715859551, 0.00282030971721, -0.00119193049613, 0.00193640822545, -0.00314181717113, 0.00186820456292, -0.00111027725507, 0.00196372997016, -0.0064018368721, 0.0183108802885, -0.00728034647182, 0.00431881891564, -0.00159591890406], [0.000549855001736, -0.00341064878739, 0.00200664182194, -0.00164965388831, 0.0032501667738, -0.00248485151678, 0.00136075995397, -0.000755759712774, 0.00248776143417, -0.00728034647182, 0.0191732477397, -0.00762343313545, 0.00411815894768], [-8.36913241073e-05, 0.00338821997866, -0.00211854139343, 0.00201299786568, -0.0030347967986, 0.00186233222485, -0.00107184692752, -0.0012571348343, 0.000772522238549, 0.00431881891564, -0.00762343313545, 0.0179241932929, -0.00593640236184], [0.000564213551115, -0.00183892890345, 0.00195486936718, -0.00295333424583, 0.00192558660638, -0.000863292661961, 0.000931628281251, -0.000151494430611, 0.000384820130421, -0.00159591890406, 0.00411815894768, -0.00593640236184, 0.017850484699]], "cov": [[8634.70605469, -1294.07128906, -783.778808594, 210.783996582, -416.207733154, 753.190917969, 368.84942627, 75.1712188721, -105.108963013, 361.595153809, -93.7975845337, -146.577514648, -215.329833984], [-1294.07128906, 1655.94470215, 536.156921387, -2.33858680725, 198.249710083, -352.250549316, -45.5670814514, -115.46030426, 38.0112800598, -125.52999115, 86.5026931763, -115.838569641, 44.8465194702], [-783.778808594, 536.156921387, 1111.47937012, 260.712310791, 54.4992027283, -164.670074463, -157.072921753, -72.6104507446, -4.72389936447, -64.027961731, -14.6547737122, 17.9637260437, -1.10899233818], [210.783996582, -2.33858680725, 260.712310791, 436.080566406, -15.7858791351, 15.4840240479, -27.1489772797, -51.7651062012, 15.3260602951, -11.0673131943, -12.6020431519, -17.7652053833, 35.8027229309], [-416.207733154, 198.249710083, 54.4992027283, -15.7858791351, 315.186187744, -18.0489997864, 9.32928848267, 38.1171531677, -0.899131238461, -1.95628464222, -5.20360565186, 25.3815860748, -0.551853895187], [753.190917969, -352.250549316, -164.670074463, 15.4840240479, -18.0489997864, 328.999542236, 119.56337738, 26.2100887299, -23.5173015594, 33.8107833862, -5.28972434998, 4.13500595093, -21.533657074], [368.84942627, -45.5670814514, -157.072921753, -27.1489772797, 9.32928848267, 119.56337738, 196.323638916, 51.8121452332, -14.257610321, 10.2822608948, 3.61181402206, -4.17910003662, -9.66985416412], [75.1712188721, -115.46030426, -72.6104507446, -51.7651062012, 38.1171531677, 26.2100887299, 51.8121452332, 128.09715271, 27.185585022, 15.6402597427, -7.29446935654, 24.2712135315, -8.7775592804], [-105.108963013, 38.0112800598, -4.72389936447, 15.3260602951, -0.899131238461, -23.5173015594, -14.257610321, 27.185585022, 121.621452332, 32.3446273804, -1.09780585766, -18.6013088226, 4.56261730194], [361.595153809, -125.52999115, -64.027961731, -11.0673131943, -1.95628464222, 33.8107833862, 10.2822608948, 15.6402597427, 32.3446273804, 100.628120422, 11.3816194534, -8.8047990799, -14.992518425], [-93.7975845337, 86.5026931763, -14.6547737122, -12.6020431519, -5.20360565186, -5.28972434998, 3.61181402206, -7.29446935654, -1.09780585766, 11.3816194534, 80.4142227173, 13.2223129272, -1.66220843792], [-146.577514648, -115.838569641, 17.9637260437, -17.7652053833, 25.3815860748, 4.13500595093, -4.17910003662, 24.2712135315, -18.6013088226, -8.8047990799, 13.2223129272, 100.136703491, 15.5441703796], [-215.329833984, 44.8465194702, -1.10899233818, 35.8027229309, -0.551853895187, -21.533657074, -9.66985416412, -8.7775592804, 4.56261730194, -14.992518425, -1.66220843792, 15.5441703796, 77.054359436]]}, "spectral_energyband_middle_low": {"dmean2": 0.00545098399743, "median": 0.00571168400347, "min": 9.51300016538e-09, "dvar2": 8.99163860595e-05, "dvar": 3.9849364839e-05, "dmean": 0.00357959605753, "max": 0.141174167395, "var": 0.000132874556584, "mean": 0.00936073157936}, "melbands_crest": {"dmean2": 4.66889047623, "median": 11.3811912537, "min": 3.23340702057, "dvar2": 18.2646121979, "dvar": 7.53574180603, "dmean": 2.92686915398, "max": 31.5778980255, "var": 23.7021751404, "mean": 12.2262191772}, "spectral_kurtosis": {"dmean2": 2.34991025925, "median": 2.55721688271, "min": -0.980956077576, "dvar2": 8.31336688995, "dvar": 3.14711809158, "dmean": 1.40891003609, "max": 41.894405365, "var": 13.8696069717, "mean": 3.61524271965}, "spectral_rms": {"dmean2": 0.000923168321606, "median": 0.00360556039959, "min": 7.79133461037e-06, "dvar2": 1.51364270096e-06, "dvar": 7.02675379216e-07, "dmean": 0.000632605864666, "max": 0.0134501019493, "var": 4.60223873233e-06, "mean": 0.00386608950794}, "zerocrossingrate": {"dmean2": 0.0106442682445, "median": 0.0595703125, "min": 0.0048828125, "dvar2": 0.000151136118802, "dvar": 0.000154813358677, "dmean": 0.00940310116857, "max": 0.287109375, "var": 0.00159003736917, "mean": 0.0658015459776}, "silence_rate_60dB": {"dmean2": 0.0777004286647, "median": 0, "min": 0, "dvar2": 0.0806504189968, "dvar": 0.0373302027583, "dmean": 0.0388458520174, "max": 1, "var": 0.153366416693, "mean": 0.189155817032}, "erbbands_kurtosis": {"dmean2": 1.60110497475, "median": 0.382391095161, "min": -1.81150305271, "dvar2": 5.1179060936, "dvar": 2.32562208176, "dmean": 1.035982728, "max": 41.066986084, "var": 8.27236175537, "mean": 1.13650214672}, "erbbands": {"dmean2": [0.0684623345733, 0.845785498619, 2.29104566574, 2.50873804092, 4.7656083107, 4.18124580383, 4.30767583847, 6.05504512787, 11.0037117004, 34.5175514221, 41.4897460938, 34.7364311218, 41.6609230042, 22.6111927032, 33.1284179688, 24.5294628143, 49.1581420898, 58.7187042236, 23.2101631165, 15.3295307159, 10.5650968552, 9.19190788269, 6.78161716461, 6.59816026688, 7.20489501953, 8.87855148315, 9.58415985107, 9.36304950714, 9.60135269165, 7.94505786896, 4.65143966675, 1.98708367348, 1.13271403313, 0.41181191802, 0.123681142926, 0.0450794585049, 0.0179088190198, 0.00466287694871, 0.000597094011027, 4.8105532187e-05], "median": [0.00452293734998, 0.0885585844517, 0.717402458191, 1.2536689043, 2.07909321785, 2.6354637146, 2.69231653214, 3.0755610466, 4.01939439774, 9.32431983948, 14.2702140808, 9.71326828003, 11.0316562653, 8.86606025696, 10.631857872, 10.1853904724, 11.9592323303, 13.3400173187, 11.1012401581, 8.57259178162, 5.9166970253, 5.57646179199, 3.9895029068, 2.82102012634, 4.07442092896, 6.18938350677, 5.75826406479, 3.89653015137, 3.41608810425, 2.61735630035, 1.08109462261, 0.400853872299, 0.284763813019, 0.115890771151, 0.0208220258355, 0.00341450609267, 0.000811949954368, 0.000155216373969, 2.63497422566e-05, 2.04077041417e-05], "min": [5.28177168668e-10, 5.22528686986e-09, 2.15588968899e-08, 4.28397086694e-08, 5.78473660084e-08, 1.18316918929e-07, 3.10835531536e-07, 1.03908894289e-06, 3.58626039088e-06, 9.40037898545e-06, 4.61014387838e-05, 0.000143456592923, 0.000128687563119, 4.41858865088e-05, 0.000107342741103, 0.000178558402695, 0.000328162364895, 0.000459710805444, 0.001017442788, 0.000500787282363, 0.000215981010115, 0.000148990089656, 5.15862266184e-05, 4.68382677354e-05, 2.56056282524e-05, 9.24862433749e-06, 2.53394523497e-06, 1.2779422832e-05, 1.90390128409e-05, 1.49853422045e-05, 1.15190332508e-05, 2.33772357205e-06, 1.17628917451e-06, 4.49644886658e-07, 1.55723370199e-07, 5.94891460537e-08, 1.92423872392e-08, 8.10156297604e-09, 9.05059249767e-10, 1.45254641648e-10], "dvar2": [0.0430427491665, 6.82953739166, 44.7941474915, 36.7991409302, 145.198226929, 80.2419662476, 80.3306808472, 365.258331299, 1227.00549316, 11165.9697266, 12015.5371094, 11668.6650391, 12564.8222656, 3240.78857422, 6182.53027344, 5863.64550781, 14831.2587891, 18420.0664062, 3169.06274414, 1003.03674316, 410.543243408, 317.705200195, 211.995574951, 185.517425537, 214.471954346, 247.435516357, 344.825805664, 495.769134521, 477.009155273, 384.17175293, 175.877258301, 41.4942398071, 15.1741962433, 1.73953783512, 0.222020432353, 0.0487833544612, 0.00979067664593, 0.00070897169644, 1.02679668998e-05, 4.8870479219e-08], "dvar": [0.017817473039, 2.53345298767, 15.8004398346, 13.4103412628, 53.0950317383, 30.5123710632, 34.1258926392, 156.702209473, 546.606445312, 4866.07714844, 5589.74609375, 5113.43212891, 6007.11425781, 1335.71032715, 2422.95581055, 2822.64428711, 6908.37744141, 7394.84472656, 1481.58679199, 440.090698242, 173.297637939, 136.466705322, 93.4537734985, 81.0399093628, 90.0841903687, 104.748321533, 160.316314697, 231.138763428, 234.155380249, 181.11769104, 90.5893783569, 19.901632309, 7.7146320343, 0.867636501789, 0.109499558806, 0.0220226682723, 0.0040410766378, 0.00027931315708, 4.18300624005e-06, 2.04292014416e-08], "dmean": [0.042034752667, 0.488673001528, 1.29595136642, 1.49576532841, 2.82616353035, 2.56039333344, 2.68976426125, 3.87180376053, 7.1583070755, 22.5970916748, 27.1828346252, 22.3401508331, 27.4347782135, 14.5812797546, 20.4425563812, 15.4449453354, 31.781337738, 36.4721794128, 15.2703857422, 9.67508506775, 6.61284446716, 5.75863742828, 4.23367834091, 4.13397455215, 4.56959915161, 5.71833324432, 6.39600229263, 6.38234853745, 6.61620092392, 5.49778079987, 3.26992607117, 1.39451825619, 0.808404922485, 0.29398304224, 0.087372250855, 0.0307185985148, 0.0116216391325, 0.00288955820724, 0.000375679956051, 3.15828365274e-05], "max": [1.17668139935, 16.9276504517, 54.2633132935, 62.0870170593, 119.939842224, 111.272109985, 204.6199646, 507.815887451, 871.498413086, 1848.19616699, 2433.37890625, 3037.57910156, 2243.6315918, 1100.11962891, 1194.90100098, 3569.42504883, 1837.90197754, 1893.04101562, 1845.13781738, 752.887695312, 388.290435791, 301.799804688, 358.836364746, 334.535003662, 228.811355591, 189.938995361, 258.054626465, 321.049346924, 375.886169434, 517.03137207, 250.885681152, 194.338775635, 73.5224151611, 19.9810714722, 13.0932149887, 4.00469875336, 1.67913269997, 0.375983566046, 0.0446432381868, 0.00346116744913], "var": [0.0161836184561, 1.86005163193, 10.5813598633, 14.116765976, 54.2333717346, 52.3689002991, 64.8426895142, 321.290130615, 1313.70080566, 10118.2724609, 17782.7207031, 11124.1132812, 18340.7929688, 3645.56640625, 5780.13916016, 5070.76269531, 16884.5546875, 19127.9628906, 3673.68994141, 1279.96057129, 424.681884766, 302.002288818, 257.554931641, 206.531600952, 254.745223999, 371.417236328, 493.092102051, 520.368347168, 631.994384766, 503.341644287, 222.112747192, 40.8212890625, 15.9021310806, 1.80886363983, 0.206676959991, 0.0333703942597, 0.0045601031743, 0.000262492278125, 4.10671873396e-06, 2.16035758172e-08], "mean": [0.0382430553436, 0.436187416315, 1.48571014404, 2.48402500153, 4.23944664001, 4.64896535873, 4.99674224854, 7.32906150818, 12.7752656937, 37.729057312, 52.7069587708, 40.5384597778, 49.6990890503, 28.1638641357, 37.379737854, 31.5755500793, 59.5993919373, 71.7417068481, 31.9140701294, 20.6819610596, 13.521730423, 11.0908708572, 8.68790626526, 7.91356945038, 10.1208162308, 14.0586328506, 14.7930936813, 13.1495637894, 14.260766983, 11.6286754608, 6.48446178436, 2.7618997097, 1.54158091545, 0.563842833042, 0.148663267493, 0.0453723296523, 0.0138710290194, 0.00301513867453, 0.000381284538889, 4.98374574818e-05]}, "spectral_strongpeak": {"dmean2": 1.0703663826, "median": 0.667234897614, "min": 0.000233330429182, "dvar2": 2.27326369286, "dvar": 0.93790525198, "dmean": 0.657945454121, "max": 13.0440397263, "var": 2.18354320526, "mean": 1.28778862953}, "spectral_energy": {"dmean2": 0.0102982688695, "median": 0.013325067237, "min": 6.2222518693e-08, "dvar2": 0.000335490854923, "dvar": 0.000145054800669, "dmean": 0.00682901591063, "max": 0.185427859426, "var": 0.00042949730414, "mean": 0.0200376268476}, "average_loudness": 0.495833098888, "spectral_rolloff": {"dmean2": 740.361694336, "median": 1485.79101562, "min": 86.1328125, "dvar2": 1275453.625, "dvar": 664624.25, "dmean": 457.088012695, "max": 9194.67773438, "var": 2311181.5, "mean": 1773.61669922}, "spectral_centroid": {"dmean2": 330.947631836, "median": 1405.70239258, "min": 220.379638672, "dvar2": 143377.515625, "dvar": 80358, "dmean": 225.96005249, "max": 5109.00488281, "var": 575010.5, "mean": 1441.15869141}, "pitch_salience": {"dmean2": 0.100467935205, "median": 0.581991016865, "min": 0.188888370991, "dvar2": 0.00797966774553, "dvar": 0.00320928310975, "dmean": 0.0626956149936, "max": 0.963773846626, "var": 0.0105575462803, "mean": 0.578207910061}, "spectral_energyband_middle_high": {"dmean2": 0.00291771721095, "median": 0.00303729670122, "min": 5.2011152718e-08, "dvar2": 2.59006228589e-05, "dvar": 1.25948208733e-05, "dmean": 0.0019941215869, "max": 0.0945295840502, "var": 7.43186101317e-05, "mean": 0.00654821284115}, "spectral_contrast_coeffs": {"dmean2": [0.0744434595108, 0.0739273652434, 0.061035271734, 0.0488461144269, 0.0346695631742, 0.0278440807015], "median": [-0.628146529198, -0.714158952236, -0.747424602509, -0.761295080185, -0.79444873333, -0.723327696323], "min": [-0.913980841637, -0.929515123367, -0.939915716648, -0.950833678246, -0.915286183357, -0.882155179977], "dvar2": [0.0038952762261, 0.0035627509933, 0.00235444610007, 0.00151646474842, 0.000805092277005, 0.000612651114352], "dvar": [0.0014604741009, 0.00144221982919, 0.000962258141953, 0.000637677439954, 0.000328997324686, 0.000278366234852], "dmean": [0.0457055717707, 0.0461797229946, 0.0380234792829, 0.0305903889239, 0.0215588659048, 0.0180153548717], "max": [-0.33423012495, -0.392037242651, -0.455661416054, -0.533554494381, -0.601465284824, -0.529971718788], "var": [0.00656610587612, 0.00645186332986, 0.00559184001759, 0.00463341409341, 0.00168277893681, 0.00248949066736], "mean": [-0.627271950245, -0.707107722759, -0.744500756264, -0.759316086769, -0.79340004921, -0.728522896767]}, "melbands_skewness": {"dmean2": 0.81442719698, "median": 1.62321650982, "min": -1.99912011623, "dvar2": 0.743784666061, "dvar": 0.325314432383, "dmean": 0.527980387211, "max": 8.96136569977, "var": 1.54237902164, "mean": 1.84078240395}, "spectral_spread": {"dmean2": 554833, "median": 4116431.75, "min": 1403899, "dvar2": 407658233856, "dvar": 207902081024, "dmean": 378739.96875, "max": 11073521, "var": 1128853274620.0, "mean": 4279818.5}, "dissonance": {"dmean2": 0.0366597212851, "median": 0.460781931877, "min": 0.0794811397791, "dvar2": 0.00123606633861, "dvar": 0.000474919594126, "dmean": 0.0219348929822, "max": 0.499995470047, "var": 0.0014310273109, "mean": 0.451540142298}, "spectral_skewness": {"dmean2": 0.319257706404, "median": 1.24583649635, "min": -0.527901172638, "dvar2": 0.0980256125331, "dvar": 0.0453151240945, "dmean": 0.206374406815, "max": 5.4156088829, "var": 0.421130895615, "mean": 1.35244476795}, "spectral_flux": {"dmean2": 0.0294178687036, "median": 0.0588893033564, "min": 0.00275339395739, "dvar2": 0.00137870886829, "dvar": 0.000664606748614, "dmean": 0.0189655218273, "max": 0.39058470726, "var": 0.00257525010966, "mean": 0.0686690583825}, "spectral_contrast_valleys": {"dmean2": [0.670326948166, 0.519914448261, 0.45926463604, 0.40080422163, 0.353803485632, 0.345961242914], "median": [-7.79102659225, -6.93649864197, -7.48522567749, -7.72349643707, -7.74928092957, -10.3495531082], "min": [-14.4490022659, -12.9292974472, -12.1310806274, -11.6135721207, -13.3178424835, -15.7860994339], "dvar2": [0.331029236317, 0.179576426744, 0.136763751507, 0.117100298405, 0.134832084179, 0.135336324573], "dvar": [0.143839418888, 0.0720773562789, 0.0592607930303, 0.0538008026779, 0.0673193484545, 0.0853714942932], "dmean": [0.418907135725, 0.319737523794, 0.284052312374, 0.253703922033, 0.235442265868, 0.257957309484], "max": [-5.28922128677, -4.89727687836, -5.3986620903, -5.81807374954, -5.72379875183, -7.60501670837], "var": [1.32278692722, 0.784099280834, 0.867923617363, 0.931641697884, 1.09715342522, 1.34192574024], "mean": [-7.97812366486, -7.06565952301, -7.5944890976, -7.86454248428, -7.90951442719, -10.4537773132]}, "erbbands_flatness_db": {"dmean2": 0.0248492341489, "median": 0.178423449397, "min": 0.0506417006254, "dvar2": 0.000531511905137, "dvar": 0.000271174736554, "dmean": 0.0172375123948, "max": 0.330517023802, "var": 0.00173885794356, "mean": 0.181308597326}, "spectral_energyband_high": {"dmean2": 0.000674488197546, "median": 0.000432375440141, "min": 1.24385712841e-09, "dvar2": 2.2714248189e-06, "dvar": 1.29558054596e-06, "dmean": 0.000505490752403, "max": 0.0217088405043, "var": 4.40888106823e-06, "mean": 0.00132149492856}, "spectral_entropy": {"dmean2": 0.201165094972, "median": 7.63253688812, "min": 5.21076393127, "dvar2": 0.0409858413041, "dvar": 0.0210695490241, "dmean": 0.140096664429, "max": 8.56838035583, "var": 0.255839973688, "mean": 7.5338101387}, "silence_rate_20dB": {"dmean2": 0, "median": 1, "min": 1, "dvar2": 0, "dvar": 0, "dmean": 0, "max": 1, "var": 0, "mean": 1}, "melbands_flatness_db": {"dmean2": 0.0310256406665, "median": 0.163267329335, "min": 0.0360475704074, "dvar2": 0.000953418610152, "dvar": 0.000443281751359, "dmean": 0.0208588503301, "max": 0.491228252649, "var": 0.00538776442409, "mean": 0.179577633739}, "barkbands": {"dmean2": [4.26883852924e-05, 0.00322376703843, 0.00199770648032, 0.000949400244281, 0.00135210249573, 0.000674396171235, 0.000860581698362, 0.00239159842022, 0.00155714608263, 0.0012358117383, 0.000784480303992, 0.000607796711847, 0.00116121175233, 0.00108221638948, 0.000322228414007, 0.000283966597635, 0.000178912625415, 0.000127288833028, 0.000135984984809, 0.000186278659385, 0.000238726846874, 0.000265191891231, 0.000169967504917, 7.32622211217e-05, 2.55681970884e-05, 9.71166991803e-06, 3.86437659472e-06], "median": [7.16062288575e-07, 0.00027796215727, 0.000732398650143, 0.000339818943758, 0.000876360281836, 0.000374510593247, 0.000270917720627, 0.00064065749757, 0.000338795594871, 0.000298325525364, 0.000211553211557, 0.000186214907444, 0.000221814596443, 0.000242447742494, 0.000137101756991, 0.000107811887574, 9.84485232038e-05, 5.75968588237e-05, 6.26273613307e-05, 0.000126437065774, 0.000118154217489, 9.52412083279e-05, 4.42734635726e-05, 1.75837267307e-05, 6.27084409643e-06, 4.70645943551e-07, 9.02375205669e-08], "min": [2.42649346796e-12, 2.12688720802e-11, 2.1230248462e-11, 1.51750660649e-11, 3.27017267432e-11, 9.8235794499e-11, 3.32655514246e-10, 1.18048437692e-09, 6.49023501609e-09, 2.34632091534e-09, 1.80340087308e-09, 4.05551681126e-09, 7.37889926938e-09, 1.12097477967e-08, 1.76490395631e-08, 4.01371069714e-09, 2.63647681464e-09, 7.00546398669e-10, 7.97206356484e-10, 2.14608289473e-10, 2.00506042325e-10, 5.21180099078e-10, 3.82295778367e-10, 7.01920604973e-11, 2.90456287494e-11, 1.14988539524e-11, 7.07045229656e-12], "dvar2": [1.56859147893e-08, 9.75845978246e-05, 3.14151293423e-05, 5.91003890804e-06, 7.90434660303e-06, 3.55179372491e-06, 7.44111321183e-06, 3.73374459741e-05, 2.0747202143e-05, 9.98335417535e-06, 3.25803102896e-06, 2.8877063869e-06, 8.05869785836e-06, 6.01276315138e-06, 6.72764429055e-07, 3.54626735088e-07, 1.13155415704e-07, 8.464677137e-08, 7.01925202407e-08, 1.05225481661e-07, 2.49120091667e-07, 3.64181516943e-07, 2.00165075626e-07, 5.72693075185e-08, 6.49200648795e-09, 2.68843880491e-09, 4.52695103625e-10], "dvar": [6.52389564593e-09, 3.75469680876e-05, 1.1070875189e-05, 2.12620693674e-06, 2.99466341858e-06, 1.6141237893e-06, 3.4231918562e-06, 1.67985235748e-05, 9.61572914093e-06, 4.6308250603e-06, 1.28202498217e-06, 1.43311820011e-06, 3.66004906027e-06, 2.47250704888e-06, 3.30470328436e-07, 1.54267283392e-07, 4.80287027926e-08, 3.58430369829e-08, 3.02198408519e-08, 4.43010250706e-08, 1.1662560695e-07, 1.83040199886e-07, 1.04971718429e-07, 2.85842478576e-08, 3.31766303319e-09, 1.14012299601e-09, 1.82731024756e-10], "dmean": [2.70396176347e-05, 0.00191018299665, 0.0011368