{"tonal": {"thpcp": [1, 0.918561995029, 0.826814830303, 0.803456902504, 0.794039845467, 0.762184619904, 0.696049511433, 0.678461551666, 0.68527764082, 0.652043700218, 0.619539141655, 0.557214915752, 0.508451998234, 0.53383487463, 0.598762214184, 0.704040110111, 0.610391557217, 0.413237571716, 0.404369056225, 0.453883886337, 0.488894551992, 0.538727939129, 0.543829858303, 0.460901379585, 0.438369184732, 0.527522325516, 0.664007663727, 0.823382437229, 0.882582008839, 0.810522437096, 0.783927321434, 0.831563949585, 0.794760882854, 0.780890703201, 0.851922631264, 0.94155985117], "hpcp": {"dmean2": [0.3667781353, 0.345084518194, 0.350243091583, 0.40252327919, 0.359596401453, 0.35134601593, 0.376970887184, 0.403316527605, 0.418076395988, 0.369779169559, 0.372970551252, 0.328483045101, 0.291172087193, 0.318159997463, 0.304247558117, 0.285654783249, 0.297372996807, 0.28542086482, 0.272048860788, 0.261796027422, 0.246712103486, 0.256777942181, 0.267762869596, 0.335857510567, 0.259572297335, 0.169178023934, 0.194144308567, 0.212544709444, 0.196639358997, 0.229214042425, 0.217434033751, 0.194652870297, 0.202740386128, 0.251987338066, 0.299010276794, 0.366700857878], "median": [0.0571553334594, 0.0576537549496, 0.0542061179876, 0.0567950978875, 0.0556910559535, 0.056154794991, 0.0577274486423, 0.0702606588602, 0.0772804915905, 0.075045324862, 0.0544863380492, 0.0521353632212, 0.0570736862719, 0.0496295019984, 0.0496729016304, 0.0507130026817, 0.0529038086534, 0.0531300008297, 0.0454130619764, 0.0359885916114, 0.0355754345655, 0.0339517071843, 0.0438433289528, 0.0528307184577, 0.0461355149746, 0.0297387763858, 0.0265153646469, 0.0271151028574, 0.0303322039545, 0.0341322347522, 0.0325490124524, 0.0256017297506, 0.0283475369215, 0.0330406427383, 0.0432816669345, 0.0568939000368], "min": [0, 0, 0, 0, 0, 0, 0, 0, 0, 0, 0, 0, 0, 0, 0, 0, 0, 0, 0, 0, 0, 0, 0, 0, 0, 0, 0, 0, 0, 0, 0, 0, 0, 0, 0, 0], "dvar2": [0.188709229231, 0.190951690078, 0.197036877275, 0.247833296657, 0.209270700812, 0.198036879301, 0.224316775799, 0.208280682564, 0.21476495266, 0.183058097959, 0.204856753349, 0.177861735225, 0.15168954432, 0.181813687086, 0.157890975475, 0.148439839482, 0.160932019353, 0.145606637001, 0.140313625336, 0.16355343163, 0.120767861605, 0.161425545812, 0.118541710079, 0.174470260739, 0.114740200341, 0.0751559361815, 0.115690223873, 0.126124501228, 0.0950894802809, 0.117000825703, 0.0985811427236, 0.0933732539415, 0.0976592302322, 0.146988704801, 0.155985340476, 0.194381296635], "dvar": [0.0692831575871, 0.067315518856, 0.068981193006, 0.085434705019, 0.0723270326853, 0.0689802765846, 0.078304335475, 0.0748205333948, 0.0780754163861, 0.0691926851869, 0.0762040391564, 0.0652080625296, 0.0562258549035, 0.0673708319664, 0.0603680796921, 0.0546915456653, 0.0589532107115, 0.0516382604837, 0.0513555295765, 0.0565556772053, 0.0421045795083, 0.0558526441455, 0.0448958687484, 0.0631769523025, 0.0430559441447, 0.0293287783861, 0.0402527600527, 0.0437498837709, 0.034400112927, 0.0427016541362, 0.0393155142665, 0.0355855897069, 0.0346999764442, 0.0518426708877, 0.0552510283887, 0.0695824623108], "dmean": [0.200531840324, 0.189917713404, 0.191227212548, 0.215996682644, 0.193139702082, 0.191616401076, 0.204681992531, 0.217993170023, 0.230222165585, 0.204301610589, 0.20356027782, 0.181227952242, 0.16291514039, 0.175551220775, 0.165018841624, 0.154863610864, 0.161536023021, 0.155561879277, 0.147169426084, 0.142768919468, 0.133049875498, 0.139256805182, 0.146457001567, 0.179882064462, 0.141533464193, 0.0939799621701, 0.102850362659, 0.113412447274, 0.10931442678, 0.127902835608, 0.118141703308, 0.106937587261, 0.110806047916, 0.136144712567, 0.164990663528, 0.199079558253], "max": [1, 1, 1, 1, 1, 1, 1, 1, 1, 1, 1, 1, 1, 1, 1, 1, 1, 1, 1, 1, 1, 1, 1, 1, 1, 1, 1, 1, 1, 1, 1, 1, 1, 1, 1, 1], "var": [0.0665659308434, 0.0605866238475, 0.0564617663622, 0.0677350535989, 0.0590330846608, 0.0560354627669, 0.0673858895898, 0.0691859796643, 0.0734503418207, 0.0642804205418, 0.0642427429557, 0.0603337734938, 0.061077453196, 0.0591255649924, 0.0498843379319, 0.046563655138, 0.0477636381984, 0.0403710864484, 0.0435721278191, 0.0425165072083, 0.0303834248334, 0.0395360253751, 0.03735839203, 0.0498381629586, 0.0402616299689, 0.0265634637326, 0.0273890607059, 0.0323707014322, 0.03221167624, 0.0368947312236, 0.0398575365543, 0.0316443555057, 0.025586636737, 0.0369798094034, 0.0449288375676, 0.0610707588494], "mean": [0.175291150808, 0.160979270935, 0.15569716692, 0.165158361197, 0.157848834991, 0.155094057322, 0.16920183599, 0.187004834414, 0.198611736298, 0.182437196374, 0.164215132594, 0.159575968981, 0.157705634832, 0.151378810406, 0.138243600726, 0.134750425816, 0.136104181409, 0.129503533244, 0.123047739267, 0.11066942662, 0.100984536111, 0.106025874615, 0.118921197951, 0.139830633998, 0.121230922639, 0.0820738300681, 0.0803124383092, 0.0901466682553, 0.0971001982689, 0.106997691095, 0.108010992408, 0.0915404260159, 0.0870652645826, 0.104772120714, 0.131879717112, 0.163533419371]}, "tuning_equal_tempered_deviation": 0.200263381004, "chords_changes_rate": 0.15198238194, "key_key": "A", "tuning_diatonic_strength": 0.284066677094, "key_scale": "minor", "chords_number_rate": 0.0176211446524, "tuning_frequency": 441.527557373, "tuning_nontempered_energy_ratio": 0.904945731163, "chords_histogram": [13.2158594131, 0.330396473408, 0, 11.6740083694, 11.3436126709, 0.991189420223, 6.93832588196, 7.59911870956, 4.51541852951, 8.59030818939, 4.07488965988, 0.330396473408, 0.881057262421, 5.06607913971, 6.27753305435, 0.550660789013, 0.44052863121, 1.65198242664, 1.76211452484, 0.550660789013, 3.19383263588, 3.08370041847, 3.85462546349, 3.08370041847], "key_strength": 0.347551077604, "chords_key": "A", "chords_strength": {"dmean2": 0.0229591634125, "median": 0.38900706172, "min": 0.210076034069, "dvar2": 0.00032939214725, "dvar": 0.000171911364305, "dmean": 0.0172342229635, "max": 0.58915168047, "var": 0.0064978543669, "mean": 0.396299868822}, "chords_scale": "minor", "hpcp_entropy": {"dmean2": 1.31063783169, "median": 2.82311105728, "min": 0, "dvar2": 1.03457403183, "dvar": 0.385475248098, "dmean": 0.77441829443, "max": 4.56211519241, "var": 0.853021621704, "mean": 2.73447299004}}, "metadata": {"audio_properties": {"equal_loudness": 0, "codec": "vorbis", "downmix": "mix", "sample_rate": 44100, "analysis_sample_rate": 44100, "bit_rate": 128000, "md5_encoded": "61c841d9c91a934e9fe7c0e0d55022ef", "length": 42.0934257507, "replay_gain": -12.9089870453, "lossless": false}, "version": {"essentia_build_sha": "70f2e5ece6736b2c40cc944ad0e695b16b925413", "essentia": "2.1-beta2", "extractor": "music 1.0", "essentia_git_sha": "v2.1_beta2"}, "tags": {"title": ["Get Off the Cross, the Wood Is Needed"], "barcode": ["8714092717228"], "media": ["CD"], "albumartist": ["The Locust"], "tracktotal": ["44"], "musicbrainz_releasegroupid": ["76ad5337-b07a-4f39-83f2-b08b39368932"], "releasetype": ["album", "compilation"], "musicbrainz_recordingid": ["14bf38bf-fc9a-4ede-9adb-448934dc0243"], "originalyear": ["2012"], "musicbrainz_releasetrackid": ["6ee4d89d-deb4-47ce-ae07-d8f812d25447"], "discnumber": ["1"], "album": ["Molecular Genetics From the Gold Standard Labs"], "catalognumber": ["7172-2"], "releasecountry": ["XE"], "file_name": "14 - Get Off the Cross, the Wood Is Needed.ogg", "compilation": ["0"], "musicbrainz_albumartistid": ["9cdbbd26-b4e0-4b4d-bfd3-c65d447af9a1"], "albumartistsort": ["Locust, The"], "date": ["2012"], "genre": ["Noisecore/Powerviolence"], "disctotal": ["1"], "originaldate": ["2012-07-31"], "musicbrainz_albumid": ["f1d40612-ffdf-4457-a620-690de2adb42b"], "tracknumber": ["14"], "artistsort": ["Locust, The"], "artist": ["The Locust"], "label": ["ANTI\u2010"], "releasestatus": ["official"], "totaldiscs": ["1"], "musicbrainz_artistid": ["9cdbbd26-b4e0-4b4d-bfd3-c65d447af9a1"], "totaltracks": ["44"]}}, "rhythm": {"bpm_histogram_first_peak_bpm": {"dmean2": 0, "median": 120, "min": 120, "dvar2": 0, "dvar": 0, "dmean": 0, "max": 120, "var": 0, "mean": 120}, "bpm": 120.105400085, "bpm_histogram_second_peak_spread": {"dmean2": 0, "median": 0.111111164093, "min": 0.111111164093, "dvar2": 0, "dvar": 0, "dmean": 0, "max": 0.111111164093, "var": 0, "mean": 0.111111164093}, "bpm_histogram_first_peak_weight": {"dmean2": 0, "median": 0.329268306494, "min": 0.329268306494, "dvar2": 0, "dvar": 0, "dmean": 0, "max": 0.329268306494, "var": 0, "mean": 0.329268306494}, "onset_rate": 2.39851522446, "beats_position": [0.46439909935, 0.952018141747, 1.43963718414, 1.95047616959, 2.4497051239, 2.94893407822, 3.45977306366, 3.95900225639, 4.45823097229, 4.96907043457, 5.47990942001, 5.97913837433, 6.47836732864, 6.97759628296, 7.47682523727, 7.97605419159, 8.47528362274, 8.98612213135, 9.49696159363, 10.0078001022, 10.5186395645, 11.0294780731, 11.5635375977, 12.0859861374, 12.6084346771, 13.1192741394, 13.6417226791, 14.1641721725, 14.6750106812, 15.1858501434, 15.7082986832, 16.2307472229, 16.7299766541, 17.2292060852, 17.7516555786, 18.2741031647, 18.784942627, 19.272562027, 19.760181427, 20.247800827, 20.7354183197, 21.2230377197, 21.7106571198, 22.2098865509, 22.7091159821, 23.1967334747, 23.6843528748, 24.1719722748, 24.6479816437, 25.1239910126, 25.6116104126, 26.0992279053, 26.5868473053, 27.0860767365, 27.5969161987, 28.0961437225, 28.5953731537, 29.0829925537, 29.5822219849, 30.0930614471, 30.6038990021, 31.1147384644, 31.6255779266, 32.1248054504, 32.6240348816, 33.111656189, 33.6224937439, 34.1333312988, 34.6441726685, 35.1434020996, 35.6426315308, 36.1302490234, 36.6294784546, 37.1287078857, 37.6047172546, 38.1039466858, 38.5915641785, 39.0791816711, 39.5668029785, 40.0660324097, 40.5652618408, 41.0760993958, 41.5869369507], "beats_loudness": {"dmean2": 0.0519200153649, "median": 0.0414549522102, "min": 2.17444693362e-08, "dvar2": 0.00313645927235, "dvar": 0.00092772237258, "dmean": 0.0280963331461, "max": 0.159066230059, "var": 0.000771374674514, "mean": 0.0442286208272}, "danceability": 1.13468921185, "bpm_histogram_second_peak_weight": {"dmean2": 0, "median": 0.0975609719753, "min": 0.0975609719753, "dvar2": 0, "dvar": 0, "dmean": 0, "max": 0.0975609719753, "var": 0, "mean": 0.0975609719753}, "beats_count": 83, "bpm_histogram_second_peak_bpm": {"dmean2": 0, "median": 115, "min": 115, "dvar2": 0, "dvar": 0, "dmean": 0, "max": 115, "var": 0, "mean": 115}, "bpm_histogram_first_peak_spread": {"dmean2": 0, "median": 0.614285707474, "min": 0.614285707474, "dvar2": 0, "dvar": 0, "dmean": 0, "max": 0.614285707474, "var": 0, "mean": 0.614285707474}, "beats_loudness_band_ratio": {"dmean2": [0.483478695154, 0.181276008487, 0.0766181573272, 0.130242437124, 0.170531347394, 0.111255802214], "median": [0.526554048061, 0.058959659189, 0.0353373326361, 0.0732006430626, 0.134879097342, 0.0781488567591], "min": [0.150347277522, 0.00378079363145, 0.00225370633416, 0.00244197901338, 0.00417575379834, 0.00460933940485], "dvar2": [0.1501673311, 0.0244473069906, 0.00814475119114, 0.0116190575063, 0.0156619045883, 0.00605509756133], "dvar": [0.0442062839866, 0.00721933646128, 0.00239404919557, 0.00468809017912, 0.0050035873428, 0.00206557661295], "dmean": [0.271339684725, 0.0973937064409, 0.0416022874415, 0.0717552527785, 0.10461230576, 0.0610454939306], "max": [0.973960876465, 0.332259237766, 0.25094512105, 0.386757463217, 0.458597004414, 0.222065314651], "var": [0.0560552403331, 0.00660164374858, 0.00170934537891, 0.00573859829456, 0.0115611413494, 0.00302147259936], "mean": [0.559186577797, 0.0852620601654, 0.0454062968493, 0.0910903960466, 0.145406097174, 0.087773412466]}}, "lowlevel": {"barkbands_spread": {"dmean2": 20.1425762177, "median": 39.1294403076, "min": 3.1021335125, "dvar2": 291.819610596, "dvar": 121.73752594, "dmean": 12.0893096924, "max": 125.843353271, "var": 229.128494263, "mean": 36.8901634216}, "melbands_spread": {"dmean2": 26.8003807068, "median": 29.9227619171, "min": 1.35883963108, "dvar2": 512.58380127, "dvar": 212.937850952, "dmean": 16.2813301086, "max": 187.095932007, "var": 591.206848145, "mean": 34.0028152466}, "hfc": {"dmean2": 11.3009996414, "median": 27.6510314941, "min": 1.15382510438e-16, "dvar2": 219.853866577, "dvar": 86.7874984741, "dmean": 7.09852933884, "max": 102.997428894, "var": 419.330200195, "mean": 31.7517242432}, "barkbands_kurtosis": {"dmean2": 9.87062358856, "median": 0.0550453662872, "min": -1.75150489807, "dvar2": 249.271209717, "dvar": 91.0196685791, "dmean": 5.60074472427, "max": 75.5309295654, "var": 92.3762893677, "mean": 3.92938995361}, "gfcc": {"mean": [6.85217094421, 54.7792816162, -107.488166809, 51.9311676025, -33.0170135498, 29.2901668549, -32.1627159119, 15.9170532227, -20.0372161865, 4.31808710098, -18.4832801819, 1.78008794785, -8.71103477478], "icov": [[7.48442616896e-05, -3.71004389308e-05, 0.000295906123938, -0.000165275720065, 7.89029581938e-05, -0.000449551414931, 0.000187998724869, -7.04384947312e-05, -7.236678357e-05, -0.000413561007008, 0.000323401618516, -0.000376076379325, 2.54247224802e-05], [-3.71004389308e-05, 0.0032128863968, 0.000708268897142, -0.00126509589609, -0.00109983992297, 0.0021620686166, -0.00141586177051, 0.00185463798698, -0.00227214954793, 0.00281642586924, -0.00186221476179, 0.00236289878376, -0.00122205121443], [0.000295906123938, 0.000708268897142, 0.00288328900933, -0.0010812531691, -0.000636817363556, -0.000599402235821, -0.000138546412927, 0.000218777582631, -0.000576149381232, -0.00218896311708, 0.00260863406584, -0.00229008239694, 0.00137835275382], [-0.000165275720065, -0.00126509589609, -0.0010812531691, 0.00679218675941, 0.000393566559069, -0.00043467170326, 0.000947004475165, -0.00126913760323, -0.000754685024731, 0.00119147519581, -0.00199540727772, 0.00614568917081, -0.00357061764225], [7.89029581938e-05, -0.00109983992297, -0.000636817363556, 0.000393566559069, 0.00962714944035, -0.00445871939883, -0.00315194693394, -0.00205343565904, -1.96829660126e-05, -0.000529777142219, -0.000507100019604, -0.000765355012845, -0.000145305893966], [-0.000449551414931, 0.0021620686166, -0.000599402235821, -0.00043467170326, -0.00445871939883, 0.0123112890869, -0.00320470961742, 0.00136325869244, 1.08621788968e-05, -0.000290881172987, -0.0027165603824, 0.00282112555578, 0.000444140459877], [0.000187998724869, -0.00141586177051, -0.000138546412927, 0.000947004475165, -0.00315194693394, -0.00320470961742, 0.0185490641743, -0.00500997761264, 0.000334138952894, 0.00187808566261, -0.00122029706836, 0.00172382651363, -0.00309043540619], [-7.04384947312e-05, 0.00185463798698, 0.000218777582631, -0.00126913760323, -0.00205343565904, 0.00136325869244, -0.00500997761264, 0.0172693375498, -0.0102554867044, 0.00384726910852, 0.00106836762279, -0.00208917679265, 0.00185356475413], [-7.236678357e-05, -0.00227214954793, -0.000576149381232, -0.000754685024731, -1.96829660126e-05, 1.08621788968e-05, 0.000334138952894, -0.0102554867044, 0.0277530886233, -0.0119980610907, 0.00370285566896, 0.000120677192172, -0.00172719638795], [-0.000413561007008, 0.00281642586924, -0.00218896311708, 0.00119147519581, -0.000529777142219, -0.000290881172987, 0.00187808566261, 0.00384726910852, -0.0119980610907, 0.0306551791728, -0.0130500402302, 0.00208744872361, -0.000526678049937], [0.000323401618516, -0.00186221476179, 0.00260863406584, -0.00199540727772, -0.000507100019604, -0.0027165603824, -0.00122029706836, 0.00106836762279, 0.00370285566896, -0.0130500402302, 0.0290403738618, -0.0146466353908, 0.00131585623603], [-0.000376076379325, 0.00236289878376, -0.00229008239694, 0.00614568917081, -0.000765355012845, 0.00282112555578, 0.00172382651363, -0.00208917679265, 0.000120677192172, 0.00208744872361, -0.0146466353908, 0.039691042155, -0.0140806194395], [2.54247224802e-05, -0.00122205121443, 0.00137835275382, -0.00357061764225, -0.000145305893966, 0.000444140459877, -0.00309043540619, 0.00185356475413, -0.00172719638795, -0.000526678049937, 0.00131585623603, -0.0140806194395, 0.0278538912535]], "cov": [[38242.65625, 603.407226562, -3490.92797852, 668.885742188, 44.9432640076, 1135.35437012, -164.552368164, 103.647674561, 298.567626953, 424.084625244, 276.377685547, 135.522628784, 289.021697998], [603.407226562, 653.096130371, -284.34967041, 160.544250488, 10.568321228, -75.3038482666, 35.2580490112, -20.1188697815, 20.3878974915, -62.3375930786, 9.77863025665, -48.9842300415, 44.1221542358], [-3490.92797852, -284.34967041, 845.179199219, -57.5921134949, 50.7783432007, -27.656211853, 18.5311794281, 21.5747566223, 2.2441701889, 18.0964756012, -46.2703437805, 9.06721496582, -49.9184608459], [668.885742188, 160.544250488, -57.5921134949, 233.578704834, 7.74975442886, 11.6497526169, 7.98740196228, 14.876449585, 22.9590034485, -9.58309745789, -0.691213965416, -34.7199440002, 22.7002506256], [44.9432640076, 10.568321228, 50.7783432007, 7.74975442886, 168.246124268, 74.3731536865, 51.1716117859, 35.7611236572, 18.3616847992, 10.7798681259, 11.4262886047, 4.50173187256, 4.97125911713], [1135.35437012, -75.3038482666, -27.656211853, 11.6497526169, 74.3731536865, 170.154922485, 26.1663208008, 17.538356781, 14.1690187454, 32.4352302551, 19.8422813416, 7.31639671326, 2.18576407433], [-164.552368164, 35.2580490112, 18.5311794281, 7.98740196228, 51.1716117859, 26.1663208008, 81.4796600342, 29.9024410248, 10.4843168259, -6.47830104828, 2.74211478233, -2.5757329464, 7.80013751984], [103.647674561, -20.1188697815, 21.5747566223, 14.876449585, 35.7611236572, 17.538356781, 29.9024410248, 94.0799636841, 35.9165000916, 2.91457796097, -5.5542473793, 2.0497174263, 0.406902998686], [298.567626953, 20.3878974915, 2.2441701889, 22.9590034485, 18.3616847992, 14.1690187454, 10.4843168259, 35.9165000916, 61.9108390808, 21.9499378204, 2.19486761093, 0.798768818378, 6.65124130249], [424.084625244, -62.3375930786, 18.0964756012, -9.58309745789, 10.7798681259, 32.4352302551, -6.47830104828, 2.91457796097, 21.9499378204, 64.8832397461, 25.9623222351, 15.6343183517, 2.64513206482], [276.377685547, 9.77863025665, -46.2703437805, -0.691213965416, 11.4262886047, 19.8422813416, 2.74211478233, -5.5542473793, 2.19486761093, 25.9623222351, 61.12084198, 23.4499359131, 12.3888301849], [135.522628784, -48.9842300415, 9.06721496582, -34.7199440002, 4.50173187256, 7.31639671326, -2.5757329464, 2.0497174263, 0.798768818378, 15.6343183517, 23.4499359131, 48.6330451965, 16.1345291138], [289.021697998, 44.1221542358, -49.9184608459, 22.7002506256, 4.97125911713, 2.18576407433, 7.80013751984, 0.406902998686, 6.65124130249, 2.64513206482, 12.3888301849, 16.1345291138, 51.8167076111]]}, "spectral_energyband_middle_low": {"dmean2": 0.00588514003903, "median": 0.00364597467706, "min": 2.60227819827e-22, "dvar2": 7.42838019505e-05, "dvar": 2.73317837127e-05, "dmean": 0.00335338478908, "max": 0.0531679056585, "var": 2.56073853961e-05, "mean": 0.00496464176103}, "melbands_crest": {"dmean2": 8.46709728241, "median": 17.2068424225, "min": 1.94609057903, "dvar2": 40.463092804, "dvar": 14.9615278244, "dmean": 5.13412618637, "max": 31.1296138763, "var": 27.8584442139, "mean": 17.0638256073}, "spectral_kurtosis": {"dmean2": 1.26832795143, "median": 3.01291537285, "min": -1.15672802925, "dvar2": 2.07931852341, "dvar": 0.794267058372, "dmean": 0.759664297104, "max": 17.2192115784, "var": 2.12845110893, "mean": 3.22665882111}, "spectral_rms": {"dmean2": 0.00336676673032, "median": 0.005552503746, "min": 3.20783677399e-12, "dvar2": 1.23502304632e-05, "dvar": 4.9349555411e-06, "dmean": 0.00198414968327, "max": 0.0157236233354, "var": 8.12260259409e-06, "mean": 0.00574316456914}, "zerocrossingrate": {"dmean2": 0.022579504177, "median": 0.07861328125, "min": 0.01220703125, "dvar2": 0.000358778634109, "dvar": 0.0002399514633, "dmean": 0.0163244307041, "max": 0.49560546875, "var": 0.00184782722499, "mean": 0.0807580575347}, "silence_rate_60dB": {"dmean2": 0.00662251655012, "median": 0, "min": 0, "dvar2": 0.00657867081463, "dvar": 0.00329849403352, "dmean": 0.00330943195149, "max": 1, "var": 0.076772749424, "mean": 0.0837927237153}, "erbbands_kurtosis": {"dmean2": 1.41589605808, "median": 0.61877810955, "min": -1.60207486153, "dvar2": 1.68558430672, "dvar": 0.679092347622, "dmean": 0.861092090607, "max": 8.57909393311, "var": 1.88728094101, "mean": 0.791362404823}, "erbbands": {"dmean2": [1.2822227478, 9.7129535675, 12.6526832581, 10.7542352676, 5.1701540947, 12.0886793137, 9.12402153015, 7.18355894089, 8.55986976624, 8.03042507172, 7.69570493698, 10.895450592, 16.3689937592, 23.6323394775, 26.767747879, 29.5919361115, 24.2518768311, 29.0624980927, 45.5788574219, 59.7356681824, 47.4670639038, 32.5186538696, 26.0307846069, 31.3039569855, 24.5842170715, 17.5960845947, 15.2408914566, 11.0265789032, 9.98665618896, 7.44623851776, 4.08704185486, 3.25987243652, 1.97122240067, 1.37118661404, 0.621689200401, 0.231762439013, 0.100026592612, 0.0159814096987, 0.00201210542582, 9.8813965451e-05], "median": [0.199073016644, 2.03633308411, 3.77095341682, 3.72583913803, 2.43403816223, 2.0983748436, 2.81566786766, 2.50763559341, 2.16651201248, 2.65784621239, 3.6909365654, 6.44519329071, 6.97562026978, 6.5522108078, 8.89596176147, 12.1995687485, 15.3843050003, 14.4527378082, 22.5254592896, 36.6475601196, 43.9631881714, 35.7689971924, 23.8458347321, 16.6556167603, 21.9813404083, 15.7834205627, 14.0641098022, 10.5454320908, 9.16916275024, 7.51730060577, 5.41849899292, 4.6109418869, 3.02903556824, 1.92696368694, 0.829657673836, 0.240755230188, 0.0633023381233, 0.0101413317025, 0.0010064705275, 8.83826724021e-05], "min": [1.09841406437e-21, 1.21724538522e-20, 3.12805812649e-20, 5.79937102943e-20, 1.59354070262e-19, 3.75503653851e-19, 5.08944740461e-19, 5.45765392959e-19, 3.39109412959e-19, 4.36307529331e-19, 4.825756184e-19, 6.46178450179e-19, 8.36110027266e-19, 5.0141169968e-18, 2.23311199595e-18, 3.29040825786e-18, 5.99809134882e-18, 4.68361119279e-18, 7.96876850812e-18, 1.00001396313e-17, 8.09949282341e-18, 1.14549443608e-17, 1.07910731894e-17, 1.32467830037e-17, 1.56804310839e-17, 1.40533552385e-17, 1.93560693471e-17, 1.63955287234e-17, 1.67433565167e-17, 2.08651908916e-17, 1.83644750073e-17, 1.51015585107e-17, 1.12562779115e-17, 1.26969610136e-17, 9.57384796669e-18, 5.96164370308e-18, 3.67263559762e-18, 1.52355646651e-18, 3.040619772e-19, 3.19759945909e-20], "dvar2": [2.57192540169, 175.995239258, 310.261199951, 215.225906372, 44.2170219421, 658.153564453, 284.601409912, 164.469100952, 468.015045166, 386.062133789, 124.274581909, 264.332733154, 1110.69555664, 2197.15161133, 2552.27563477, 2699.79418945, 1408.70800781, 2505.2109375, 5234.56347656, 7747.09716797, 5591.60302734, 1461.54980469, 1221.30224609, 3026.41918945, 1086.11999512, 580.531555176, 444.970306396, 345.51461792, 302.560852051, 133.422424316, 28.281085968, 15.8581600189, 7.39463806152, 3.05900764465, 0.705593168736, 0.157204911113, 0.0313606634736, 0.000789530400652, 1.56750011229e-05, 2.18831033294e-08], "dvar": [0.97471678257, 66.2031402588, 114.197410583, 76.7401428223, 15.8420648575, 236.755020142, 105.768920898, 60.397808075, 166.812240601, 136.525253296, 45.8354644775, 97.7122497559, 428.320861816, 836.480957031, 962.869445801, 994.205993652, 526.194641113, 952.294067383, 2061.4934082, 2963.31738281, 2107.44091797, 609.871276855, 495.689544678, 1304.43444824, 443.006561279, 217.516494751, 162.349487305, 122.464050293, 111.175056458, 48.3394508362, 10.6962480545, 5.89504814148, 2.724568367, 1.16019654274, 0.293205648661, 0.0622206293046, 0.0116622764617, 0.000317998928949, 6.30002023172e-06, 8.77890560247e-09], "dmean": [0.718052387238, 5.47131633759, 7.10116672516, 5.97443628311, 2.95863652229, 6.63634109497, 5.19674682617, 4.10790014267, 4.8542175293, 4.49178314209, 4.52457284927, 6.4690079689, 9.84057235718, 14.042219162, 16.1513252258, 18.0806713104, 14.7833013535, 17.7085037231, 27.7929344177, 35.6780014038, 28.4997158051, 19.822435379, 15.9045057297, 19.3835277557, 14.9404754639, 10.6320085526, 9.08397388458, 6.44592380524, 6.01958942413, 4.39188528061, 2.5197160244, 1.98770964146, 1.21543395519, 0.842710375786, 0.387615799904, 0.145750671625, 0.0610121972859, 0.0102360453457, 0.00129668659065, 6.05893364991e-05], "max": [5.83866262436, 54.5528831482, 78.0138473511, 90.1006469727, 39.5444526672, 146.737915039, 117.760498047, 82.3495559692, 164.668228149, 155.964080811, 74.7213439941, 124.348823547, 270.820800781, 407.222381592, 383.333404541, 347.771209717, 299.727966309, 435.108215332, 628.279785156, 778.051940918, 920.088256836, 440.947143555, 318.144683838, 477.507629395, 297.787719727, 178.541244507, 140.637924194, 117.24054718, 139.770629883, 70.032951355, 32.4705467224, 24.7250385284, 20.5574893951, 12.1821317673, 8.08022499084, 3.93437170982, 1.56824755669, 0.245451152325, 0.0325604788959, 0.00146170740481], "var": [0.79090243578, 51.9658737183, 92.6452865601, 78.0339889526, 16.1028747559, 159.322021484, 86.1987304688, 52.2161407471, 123.401779175, 95.2582244873, 62.4389877319, 147.393203735, 544.199829102, 1227.40429688, 2272.25244141, 2493.65820312, 1273.5189209, 2629.2409668, 7005.859375, 7649.30322266, 4625.8359375, 2113.60791016, 1580.41052246, 3375.94091797, 1138.07666016, 452.222412109, 315.842254639, 144.848129272, 179.318649292, 73.615776062, 25.3989982605, 16.5643386841, 8.00940608978, 4.10285282135, 1.03075563908, 0.170718774199, 0.0252881795168, 0.000865215319209, 1.42735207191e-05, 1.96055154333e-08], "mean": [0.586714744568, 4.74641084671, 6.92421388626, 6.48111391068, 3.65412068367, 5.63385915756, 5.48050117493, 4.75048446655, 5.08009338379, 4.99163246155, 6.33822393417, 10.1336421967, 14.2182207108, 19.5923194885, 28.7891674042, 32.8750305176, 29.0818443298, 36.251209259, 61.16198349, 75.2987670898, 64.0554504395, 48.4183158875, 37.9347877502, 41.2349624634, 33.0982017517, 21.9558467865, 18.7449607849, 12.9560880661, 12.3624134064, 9.33267498016, 6.15821743011, 5.15604496002, 3.42087316513, 2.34840726852, 1.09822154045, 0.387150228024, 0.123835660517, 0.022048054263, 0.00256849708967, 0.000131444685394]}, "spectral_strongpeak": {"dmean2": 0.424367547035, "median": 0.284921318293, "min": 0, "dvar2": 0.647775530815, "dvar": 0.21645642817, "dmean": 0.241458639503, "max": 5.60284280777, "var": 0.153506949544, "mean": 0.347889602184}, "spectral_energy": {"dmean2": 0.0530244074762, "median": 0.0316010564566, "min": 1.05474720791e-20, "dvar2": 0.00423831585795, "dvar": 0.00163926556706, "dmean": 0.0302386153489, "max": 0.253413170576, "var": 0.00155866995919, "mean": 0.0421341657639}, "average_loudness": 0.963369905949, "spectral_rolloff": {"dmean2": 1596.07214355, "median": 2045.65429688, "min": 64.599609375, "dvar2": 2368285.75, "dvar": 1128222.875, "dmean": 937.200317383, "max": 18518.5546875, "var": 2911578.25, "mean": 1953.8503418}, "spectral_centroid": {"dmean2": 567.479919434, "median": 2159.79248047, "min": 280.129272461, "dvar2": 261431.640625, "dvar": 116275.132812, "dmean": 344.271057129, "max": 10839.71875, "var": 383744.71875, "mean": 2081.13720703}, "pitch_salience": {"dmean2": 0.223758816719, "median": 0.53767645359, "min": 0.1103643924, "dvar2": 0.0309503898025, "dvar": 0.0117243062705, "dmean": 0.133563637733, "max": 0.861762404442, "var": 0.0194722078741, "mean": 0.519565820694}, "spectral_energyband_middle_high": {"dmean2": 0.00301967631094, "median": 0.00454792194068, "min": 1.60757957724e-21, "dvar2": 1.3044719708e-05, "dvar": 5.91725165577e-06, "dmean": 0.00193774013314, "max": 0.0307344682515, "var": 5.47227318748e-05, "mean": 0.00846099667251}, "spectral_contrast_coeffs": {"dmean2": [0.104096628726, 0.0757683515549, 0.0597774237394, 0.048370398581, 0.0340409427881, 0.0278199557215], "median": [-0.701704621315, -0.806725978851, -0.823273777962, -0.800270617008, -0.795718371868, -0.764403581619], "min": [-0.924356162548, -0.970788478851, -0.952343821526, -0.960337400436, -0.956360638142, -0.956933736801], "dvar2": [0.00635575316846, 0.00338381761685, 0.00227254396304, 0.00142795336433, 0.000791638391092, 0.00067015766399], "dvar": [0.00222499947995, 0.00117750605568, 0.000837955449242, 0.000514484534506, 0.000296786311083, 0.000260700762738], "dmean": [0.0600426308811, 0.0441001914442, 0.0355783030391, 0.0288048014045, 0.0204806160182, 0.016824375838], "max": [-0.464144200087, -0.621576905251, -0.650081276894, -0.659064412117, -0.642247259617, -0.628384947777], "var": [0.0045314389281, 0.00238677160814, 0.00240172888152, 0.00204267678782, 0.00159310211893, 0.00189012521878], "mean": [-0.699506878853, -0.806112349033, -0.818697035313, -0.801933586597, -0.797797858715, -0.767142236233]}, "melbands_skewness": {"dmean2": 2.96586751938, "median": 2.98222541809, "min": -0.0410174131393, "dvar2": 7.94578742981, "dvar": 3.22834300995, "dmean": 1.78033232689, "max": 15.2028055191, "var": 7.20979547501, "mean": 3.71552538872}, "spectral_spread": {"dmean2": 610100, "median": 5025659, "min": 2466182, "dvar2": 751530344448, "dvar": 613584338944, "dmean": 410995.8125, "max": 39746836, "var": 3524590043140.0, "mean": 5263820.5}, "dissonance": {"dmean2": 0.0116704301909, "median": 0.491637766361, "min": 0.418509095907, "dvar2": 0.000128204192151, "dvar": 4.56267516711e-05, "dmean": 0.00674569560215, "max": 0.499986439943, "var": 7.25423378753e-05, "mean": 0.489694356918}, "spectral_skewness": {"dmean2": 0.224394068122, "median": 1.33358407021, "min": 0.0116223078221, "dvar2": 0.0498130060732, "dvar": 0.0201680958271, "dmean": 0.136108621955, "max": 3.42374777794, "var": 0.0605612583458, "mean": 1.33598864079}, "spectral_flux": {"dmean2": 0.0838066861033, "median": 0.12225767225, "min": 1.02700889459e-10, "dvar2": 0.00746929086745, "dvar": 0.00341618922539, "dmean": 0.0500067807734, "max": 0.450535088778, "var": 0.0061183902435, "mean": 0.132578223944}, "spectral_contrast_valleys": {"dmean2": [0.7794495821, 0.660840570927, 0.494387447834, 0.381987929344, 0.331111997366, 0.305161505938], "median": [-6.62280082703, -6.83827495575, -6.93723106384, -6.84057569504, -6.65077590942, -9.04353713989], "min": [-27.8468532562, -27.1171245575, -27.5146617889, -27.4191436768, -27.2404785156, -27.3132762909], "dvar2": [0.44302496314, 0.377584844828, 0.231024801731, 0.15045247972, 0.171529963613, 0.184190407395], "dvar": [0.209458142519, 0.18848516047, 0.145966991782, 0.113791659474, 0.123951889575, 0.12083593756], "dmean": [0.474726170301, 0.394970774651, 0.306603252888, 0.241087332368, 0.213564261794, 0.205725520849], "max": [-5.03438091278, -4.86541509628, -5.422290802, -5.48716306686, -5.5207452774, -8.08435630798], "var": [3.32587957382, 3.38082480431, 3.88390207291, 4.38300895691, 3.96518397331, 3.27780675888], "mean": [-7.04514789581, -7.23311328888, -7.34129858017, -7.24471569061, -7.1295208931, -9.61825084686]}, "erbbands_flatness_db": {"dmean2": 0.0187235362828, "median": 0.112731188536, "min": 0.0342344194651, "dvar2": 0.000249149365118, "dvar": 0.000115526090667, "dmean": 0.0121438317001, "max": 0.217028394341, "var": 0.000953819137067, "mean": 0.113380797207}, "spectral_energyband_high": {"dmean2": 0.000872314092703, "median": 0.00157399475574, "min": 7.64356972044e-21, "dvar2": 1.78388438599e-06, "dvar": 6.47417891741e-07, "dmean": 0.000534510007128, "max": 0.00827841553837, "var": 1.44801367696e-06, "mean": 0.00166524550878}, "spectral_entropy": {"dmean2": 0.176253542304, "median": 8.07188224792, "min": 6.59777593613, "dvar2": 0.0293015651405, "dvar": 0.0116878356785, "dmean": 0.106359384954, "max": 9.79037189484, "var": 0.0512472353876, "mean": 8.04610919952}, "silence_rate_20dB": {"dmean2": 0, "median": 1, "min": 1, "dvar2": 0, "dvar": 0, "dmean": 0, "max": 1, "var": 0, "mean": 1}, "melbands_flatness_db": {"dmean2": 0.0864070355892, "median": 0.159806326032, "min": 0.00497205555439, "dvar2": 0.0052471649833, "dvar": 0.00214576651342, "dmean": 0.052459590137, "max": 0.393701910973, "var": 0.00462818611413, "mean": 0.174007132649}, "barkbands": {"dmean2": [0.00164974143263, 0.0434156954288, 0.00963569432497, 0.00291102286428, 0.00270284246653, 0.000770499929786, 0.000608641305007, 0.000341616279911, 0.000503669667523, 0.000695375085343, 0.000610732007772, 0.000766093144193, 0.00057600683067, 0.000701062439475, 0.00116235180758, 0.00098959018942, 0.000663408136461, 0.000524159928318, 0.000555377278943, 0.00040370420902, 0.000320183025906, 0.000256383151282, 0.00015196739696, 0.000126365979668, 9.8288684967e-05, 4.75386623293e-05, 1.04074324554e-05], "median": [0.000231665238971, 0.00873586907983, 0.00273029925302, 0.00101427210029, 0.000659565790556, 0.000337377889082, 0.000154255147208, 0.000139418785693, 0.0002924890141, 0.000207520934055, 0.000171671796124, 0.000283415807644, 0.000317635043757, 0.000270025921054, 0.000579595856834, 0.000770728336647, 0.000631909933873, 0.000388615648262, 0.000372361508198, 0.000367467408068, 0.000320746621583, 0.000256194034591, 0.000197208602913, 0.000203144911211, 0.000146565987961, 3.83845326724e-05, 5.09502660861e-06], "min": [7.84181540103e-24, 4.75916250023e-23, 2.41633522632e-23, 3.08196091202e-23, 7.88448741175e-23, 7.9114727656e-23, 2.63635863021e-23, 1.33090884799e-23, 2.71795682452e-23, 9.38965232049e-23, 6.96518740922e-23, 7.83740061986e-23, 1.22702088392e-22, 9.50381374634e-23, 1.54819897505e-22, 1.68258338663e-22, 1.9747139784e-22, 1.92630164776e-22, 3.19289091116e-22, 2.84518323847e-22, 4.73560042406e-22, 4.94989997943e-22, 6.95660864154e-22, 6.53691040615e-22, 1.29858339175e-21, 1.95770689459e-21, 2.17830946122e-21], "dvar2": [5.278594017e-06, 0.00327267730609, 0.000180848030141, 1.44675341289e-05, 3.07719528791e-05, 1.62282822203e-06, 2.49711820288e-06, 2.65688470336e-07, 6.42101042558e-07, 1.7482811927e-06, 1.2229394315e-06, 2.01027864932e-06, 7.99822089448e-07, 1.3796524172e-06, 3.08087828671e-06, 2.29666989071e-06, 6.28516318102e-07, 5.89135481732e-07, 7.30724764253e-07, 2.79973278339e-07, 2.30754679365e-07, 1.88549904578e-07, 4.59407978326e-08, 2.61386112754e-08, 1.63104303397e-08, 6.83026701864e-09, 4.13814121858e-10], "dvar": [2.07507787309e-06, 0.00124214321841, 6.57859636704e-05, 5.23541575603e-06, 1.10487035272e-05, 5.95982555751e-07, 8.91898935151e-07, 9.31380910174e-08, 2.41805736323e-07, 6.80992116031e-07, 4.86857970827e-07, 7.368287811e-07, 2.95126795891e-07, 5.0778851346e-07, 1.15696457215e-06, 8.51830520787e-07, 2.4904133511e-07, 2.4945998689e-07, 3.11266120434e-07, 1.06937548594e-07, 8.13197971183e-08, 6.75981084441e-08, 1.7045522327e-08, 9.83325598725e-09, 6.36183861147e-09, 2.63595523187e-09, 1.67742833512e-10], "dmean": [0.000967719708569, 0.0244248062372, 0.00535397278145, 0.00163136131596, 0.00150131201372, 0.000444079138106, 0.000344787840731, 0.000195787928533, 0.000303904322209, 0.000405737286201, 0.00036173054832, 0.000463056814624, 0.000346445245668, 0.000420884141931, 0.000707233208232, 0.000591868942138, 0.000394204107579, 0.000320183200529, 0.000342682615155, 0.000244330673013, 0.000187780970009, 0.000154661145643, 9.33598421398e-05, 7.81789276516e-05, 6.10654897173e-05, 2.9832821383e-05, 6.72651503919e-06], "max": [0.0125460484996, 0.236046999693, 0.0674647539854, 0.0302116442472, 0.03400638327, 0.00837687123567, 0.0102128880098, 0.00267961411737, 0.00716106686741, 0.0121849495918, 0.00898903235793, 0.0122802192345, 0.00781778153032, 0.00803564116359, 0.0120338816196, 0.0142946001142, 0.00754529936239, 0.00621942570433, 0.00702180573717, 0.00416632601991, 0.00297086406499, 0.00317892385647, 0.00130384496879, 0.00106483860873, 0.00105977139901, 0.000778077053837, 0.000160383598995], "var": [1.90392165678e-06, 0.000994530157186, 5.53862555535e-05, 5.98479709879e-06, 7.64291689848e-06, 5.37349535534e-07, 6.57393968595e-07, 9.58022212671e-08, 3.69985770021e-07, 8.90925946351e-07, 9.35983734962e-07, 1.94225344785e-06, 6.14884243078e-07, 1.31512695134e-06, 3.24772759086e-06, 1.830638098e-06, 7.0121149065e-07, 7.03795763002e-07, 8.34814272821e-07, 2.24666223403e-07, 1.12152989118e-07, 9.857505745e-08, 3.6956318894e-08, 3.21883852905e-08, 2.50189415851e-08, 6.97205582156e-09, 3.86972759392e-10], "mean": [0.000811815261841, 0.0211881864816, 0.00511496979743, 0.00178903480992, 0.00142088055145, 0.000553135701921, 0.000354740564944, 0.000243351445533, 0.000469510734547, 0.000529359327629, 0.000567192269955, 0.000837814528495, 0.000616049161181, 0.000778685091063, 0.00139930192381, 0.00122434599325, 0.000865232315846, 0.000712668988854, 0.000735320092645, 0.000495936197694, 0.000383917591535, 0.00032396876486, 0.00022662448464, 0.000225766329095, 0.000182499890798, 7.06681821612e-05, 1.32264594868e-05]}, "erbbands_skewness": {"dmean2": 0.48563426733, "median": -0.522809505463, "min": -2.40299510956, "dvar2": 0.175993397832, "dvar": 0.0647318661213, "dmean": 0.299737870693, "max": 1.55325770378, "var": 0.276415705681, "mean": -0.487680613995}, "erbbands_spread": {"dmean2": 18.0030632019, "median": 38.5085372925, "min": 12.4405403137, "dvar2": 316.854675293, "dvar": 124.219657898, "dmean": 10.8853368759, "max": 142.811721802, "var": 532.143676758, "mean": 43.2475547791}, "melbands_kurtosis": {"dmean2": 38.2312240601, "median": 9.05487823486, "min": -1.38497126102, "dvar2": 3171.55297852, "dvar": 1177.75317383, "dmean": 22.0472812653, "max": 375.39175415, "var": 1840.03210449, "mean": 25.2259559631}, "melbands": {"dmean2": [0.0119932107627, 0.00875007268041, 0.00163582933601, 0.000542967347428, 0.000413372006733, 0.000154921333888, 0.000130396394525, 8.26295799925e-05, 6.30273279967e-05, 7.45002471376e-05, 8.56605911395e-05, 0.000101977282611, 8.55274993228e-05, 8.94750191947e-05, 7.11662651156e-05, 5.72460703552e-05, 5.88888578932e-05, 7.61487463024e-05, 9.21719256439e-05, 7.77064633439e-05, 5.95067176619e-05, 4.13039851992e-05, 2.90863554255e-05, 2.54216429312e-05, 2.8188493161e-05, 2.17983524635e-05, 1.68235874298e-05, 1.21095918075e-05, 1.13405385491e-05, 8.0562540461e-06, 6.47713250146e-06, 6.38395022179e-06, 5.18909882885e-06, 4.04897127737e-06, 2.64260665972e-06, 2.19088747144e-06, 2.06969912142e-06, 1.52012785293e-06, 1.38977338793e-06, 1.21843913803e-06], "median": [0.00222462788224, 0.00245631672442, 0.000641847262159, 0.000158687471412, 0.000105829691165, 5.9269805206e-05, 3.34105207003e-05, 2.88427909254e-05, 2.96888574667e-05, 4.08325431636e-05, 3.31536793965e-05, 2.546682299e-05, 2.66359293164e-05, 2.92646982416e-05, 3.49717229255e-05, 2.98359736917e-05, 2.38396314671e-05, 3.17353151331e-05, 4.42549571744e-05, 5.28311284143e-05, 5.0718725106e-05, 3.82844555133e-05, 2.56757539319e-05, 1.65099900187e-05, 1.27099883684e-05, 1.50338746607e-05, 1.46629026858e-05, 8.69525501912e-06, 9.05648539629e-06, 6.94019036018e-06, 5.16355066793e-06, 4.93123161505e-06, 4.48636728834e-06, 3.81324957743e-06, 3.01831005345e-06, 2.8473925795e-06, 2.67672430709e-06, 2.02196247301e-06, 1.88844603599e-06, 1.48031290337e-06], "min": [1.28639863359e-23, 1.60021207708e-23, 1.34525033924e-23, 1.8814222149e-23, 1.68727060881e-23, 1.30736134997e-23, 5.07082393117e-24, 4.20986626681e-24, 4.74178570887e-24, 3.47909313434e-24, 4.19388907246e-24, 2.04663998071e-23, 7.79311112875e-24, 7.84085299073e-24, 1.16854857303e-23, 1.12673452743e-23, 8.40368552508e-24, 1.21743578216e-23, 1.25406969374e-23, 1.24776598513e-23, 9.11950737681e-24, 1.24832213207e-23, 9.97379009462e-24, 9.03018781196e-24, 1.07936343008e-23, 1.26133210501e-23, 9.36552548302e-24, 9.44595300775e-24, 1.15863330143e-23, 1.22106927549e-23, 8.0335551438e-24, 9.17431112162e-24, 9.20678931395e-24, 1.28211164788e-23, 1.03415917585e-23, 1.07645206002e-23, 8.77453534751e-24, 7.58265802759e-24, 8.02292839854e-24, 1.18985539054e-23], "dvar2": [0.000236353909713, 0.000142156917718, 4.75114529763e-06, 1.05779167825e-06, 6.80731147895e-07, 7.47331867501e-08, 1.0955380958e-07, 3.60245735465e-08, 8.54893666968e-09, 1.38764582047e-08, 2.9246328026e-08, 4.10136848927e-08, 2.4064005899e-08, 3.13381214312e-08, 1.36613262924e-08, 7.52145812299e-09, 1.10557571986e-08, 1.61357665007e-08, 2.10582591365e-08, 1.308343478e-08, 9.04819774661e-09, 2.52434961823e-09, 1.50950130173e-09, 1.46315948246e-09, 2.651671549e-09, 9.99763050125e-10, 4.76762906931e-10, 3.10411807369e-10,