{"tonal": {"thpcp": [1, 0.578501880169, 0.142749905586, 0.103434316814, 0.106674857438, 0.279776483774, 0.461085557938, 0.288854658604, 0.085181735456, 0.0726541355252, 0.0999403297901, 0.325817078352, 0.520500779152, 0.362680882215, 0.344063103199, 0.411108881235, 0.223558008671, 0.105241447687, 0.107037812471, 0.138216167688, 0.526095747948, 0.80541151762, 0.419823557138, 0.108800031245, 0.095762334764, 0.0922861173749, 0.236107930541, 0.33295878768, 0.181639194489, 0.0639496743679, 0.0581968612969, 0.0691858753562, 0.133363693953, 0.190338328481, 0.19574226439, 0.608307719231], "hpcp": {"dmean2": [0.140248775482, 0.171140894294, 0.266179889441, 0.249056324363, 0.253200352192, 0.149876832962, 0.117874786258, 0.116589270532, 0.161977127194, 0.177176564932, 0.157594114542, 0.0851093381643, 0.0794465392828, 0.102684490383, 0.171053230762, 0.199836671352, 0.204724922776, 0.181374594569, 0.161351144314, 0.13273717463, 0.110678091645, 0.116401836276, 0.142100229859, 0.224422931671, 0.233970701694, 0.186279058456, 0.103839725256, 0.0934933051467, 0.0949002727866, 0.128177911043, 0.129471406341, 0.0993153005838, 0.0599304027855, 0.0608374252915, 0.0766359716654, 0.109876096249], "median": [0.0245025735348, 0.0252442508936, 0.156996369362, 0.283216387033, 0.15254881978, 0.0153107782826, 0.00735900830477, 0.0094550717622, 0.04816429317, 0.0849787443876, 0.0535757392645, 0.0108635649085, 0.00793944578618, 0.0128144482151, 0.0574407726526, 0.0759758800268, 0.0539329648018, 0.0309725683182, 0.0217226780951, 0.0160995274782, 0.0101404599845, 0.00858317036182, 0.0144093716517, 0.116039425135, 0.201918169856, 0.102807760239, 0.00876528676599, 0.00606488157064, 0.00725908810273, 0.0170504841954, 0.0247699841857, 0.0185386948287, 0.00885472726077, 0.00684106955305, 0.0074608316645, 0.019125578925], "min": [0, 0, 0, 0, 0, 0, 0, 0, 0, 0, 0, 0, 0, 0, 0, 0, 0, 0, 0, 0, 0, 0, 0, 0, 0, 0, 0, 0, 0, 0, 0, 0, 0, 0, 0, 0], "dvar2": [0.0756168588996, 0.0898096933961, 0.120349824429, 0.118031971157, 0.114744313061, 0.0877730771899, 0.0807379111648, 0.0756076872349, 0.0789019018412, 0.0779883190989, 0.0714431703091, 0.0437567345798, 0.0480367168784, 0.0527720414102, 0.0782570764422, 0.0965308696032, 0.102247491479, 0.0898245349526, 0.0812625437975, 0.0661782845855, 0.0671123117208, 0.0781411454082, 0.0821265429258, 0.0977716445923, 0.094886623323, 0.0744905397296, 0.0623145438731, 0.0629763677716, 0.0580953136086, 0.0749217048287, 0.072607062757, 0.0473395511508, 0.028319761157, 0.0336575061083, 0.0416732206941, 0.0536391176283], "dvar": [0.0284602921456, 0.0334083326161, 0.0434900708497, 0.0481800436974, 0.0416361987591, 0.0318418107927, 0.0295547768474, 0.0268578436226, 0.0280239246786, 0.0314649604261, 0.0266280453652, 0.0153397098184, 0.0168289616704, 0.0184966046363, 0.0289247967303, 0.0387986600399, 0.037503298372, 0.0335066244006, 0.0335946269333, 0.0240222588181, 0.023620724678, 0.0277313757688, 0.0301228575408, 0.0353595018387, 0.0408312529325, 0.0270956475288, 0.0223966278136, 0.022426340729, 0.0212176386267, 0.0272295791656, 0.0304239578545, 0.0170927718282, 0.00998583808541, 0.011795271188, 0.0144964158535, 0.0193462781608], "dmean": [0.0792165398598, 0.095818772912, 0.15421192348, 0.146012246609, 0.146418333054, 0.0820705592632, 0.0632909536362, 0.0632708445191, 0.0933602005243, 0.105529099703, 0.091466628015, 0.0463523007929, 0.0426504053175, 0.0559543073177, 0.101066358387, 0.117763608694, 0.118678368628, 0.104512430727, 0.0940604805946, 0.0761516839266, 0.0599375031888, 0.0626619905233, 0.0776265412569, 0.130538418889, 0.140866219997, 0.108899839222, 0.0573843978345, 0.0510860532522, 0.0519776791334, 0.0729857161641, 0.0750691667199, 0.0572883076966, 0.0326635763049, 0.0326100997627, 0.0411758050323, 0.0609558150172], "max": [1, 1, 1, 1, 1, 1, 1, 1, 1, 1, 1, 1, 1, 1, 1, 1, 1, 1, 1, 1, 1, 1, 1, 1, 1, 1, 1, 1, 1, 1, 1, 1, 1, 1, 1, 1], "var": [0.0314382240176, 0.0287080574781, 0.0735486745834, 0.158674791455, 0.0700305700302, 0.0224678795785, 0.0201680362225, 0.018786329776, 0.0358707271516, 0.0789469480515, 0.0361174196005, 0.0101151568815, 0.0104991812259, 0.012471055612, 0.0411847308278, 0.100277096033, 0.0552973076701, 0.0619492195547, 0.0962500199676, 0.0319198332727, 0.0158470198512, 0.0185698978603, 0.0223175175488, 0.064138405025, 0.123641766608, 0.0410419628024, 0.0176812168211, 0.017392270267, 0.0154393436387, 0.0441051907837, 0.0837018415332, 0.024961264804, 0.0066366577521, 0.00762239424512, 0.00904089398682, 0.0160942394286], "mean": [0.0848820358515, 0.0872919410467, 0.271276921034, 0.445953458548, 0.257984906435, 0.0636598169804, 0.0461268909276, 0.0475720204413, 0.124767288566, 0.205622702837, 0.128815740347, 0.0379870906472, 0.0324003621936, 0.0445687361062, 0.145299255848, 0.232119128108, 0.161738798022, 0.153436124325, 0.18333542347, 0.0996964648366, 0.0469327867031, 0.0477338843048, 0.0616379790008, 0.234614208341, 0.359176039696, 0.187221765518, 0.0485197491944, 0.0427055433393, 0.0411553122103, 0.105293147266, 0.148484125733, 0.0810026302934, 0.0285185780376, 0.025953091681, 0.0308536812663, 0.0594739988446]}, "tuning_equal_tempered_deviation": 0.0127987097949, "chords_changes_rate": 0.0361375547945, "key_key": "A#", "tuning_diatonic_strength": 0.644908487797, "key_scale": "major", "chords_number_rate": 0.00174859142862, "tuning_frequency": 440, "tuning_nontempered_energy_ratio": 0.599988758564, "chords_histogram": [49.3879928589, 2.00116562843, 16.7476196289, 0, 0, 0, 0, 0, 0, 0, 0.233145520091, 0, 0, 0, 0, 5.71206521988, 0, 1.86516416073, 0, 1.06858360767, 0, 1.4571595192, 12.939576149, 8.58752632141], "key_strength": 0.878688752651, "chords_key": "A#", "chords_strength": {"dmean2": 0.00640406785533, "median": 0.500493824482, "min": -1, "dvar2": 0.000790814287029, "dvar": 0.000408009247622, "dmean": 0.00702273612842, "max": 0.766306638718, "var": 0.0109991263598, "mean": 0.497357994318}, "chords_scale": "major", "hpcp_entropy": {"dmean2": 0.826236903667, "median": 1.63440704346, "min": 0, "dvar2": 0.51911342144, "dvar": 0.202608674765, "dmean": 0.49696213007, "max": 4.0666270256, "var": 0.44691196084, "mean": 1.63575637341}}, "metadata": {"audio_properties": {"equal_loudness": 0, "codec": "mp3", "downmix": "mix", "sample_rate": 44100, "analysis_sample_rate": 44100, "bit_rate": 160017, "md5_encoded": "09b6893b8dba99e95809e02ab12cf0ce", "length": 238.942047119, "replay_gain": -13.6445484161, "lossless": false}, "version": {"essentia_build_sha": "70f2e5ece6736b2c40cc944ad0e695b16b925413", "essentia": "2.1-beta2", "extractor": "music 1.0", "essentia_git_sha": "v2.1_beta2"}, "tags": {"title": ["God Is Able"], "media": ["Digital Media"], "albumartist": ["Patrick Ryan Clark"], "musicbrainz_recordingid": ["14c20c92-3f98-480a-b68b-942083634a02"], "encoding": ["Lavf56.36.100"], "originalyear": ["2013"], "discnumber": ["1/1"], "album": ["Lifted Up"], "musicbrainz album type": ["album"], "musicbrainz album status": ["official"], "musicbrainz_albumartistid": ["18a6f088-a8a9-490c-ba50-98d31d9e1d41"], "date": ["2013"], "file_name": "Patrick Ryan Clark - God Is Able.mp3", "musicbrainz_releasegroupid": ["e82ba57d-7f28-4955-b03e-b8ba6cac7d42"], "script": ["Latn"], "originaldate": ["2013"], "musicbrainz_albumid": ["8978c7b9-2843-407d-afa7-2e87e572263c"], "artist": ["Patrick Ryan Clark"], "artistsort": ["Patrick Ryan Clark"], "tracknumber": ["1/7"], "albumartistsort": ["Patrick Ryan Clark"], "musicbrainz_artistid": ["18a6f088-a8a9-490c-ba50-98d31d9e1d41"]}}, "rhythm": {"bpm_histogram_first_peak_bpm": {"dmean2": 0, "median": 80, "min": 80, "dvar2": 0, "dvar": 0, "dmean": 0, "max": 80, "var": 0, "mean": 80}, "bpm": 79.8797454834, "bpm_histogram_second_peak_spread": {"dmean2": 0, "median": 0.350282549858, "min": 0.350282549858, "dvar2": 0, "dvar": 0, "dmean": 0, "max": 0.350282549858, "var": 0, "mean": 0.350282549858}, "bpm_histogram_first_peak_weight": {"dmean2": 0, "median": 0.448931127787, "min": 0.448931127787, "dvar2": 0, "dvar": 0, "dmean": 0, "max": 0.448931127787, "var": 0, "mean": 0.448931127787}, "onset_rate": 4.16812181473, "beats_position": [0.754648506641, 1.50929701328, 2.27555561066, 3.04181408882, 3.8196823597, 4.60916090012, 5.39863920212, 6.17650794983, 6.93115615845, 7.6858048439, 8.44045352936, 9.19510173798, 9.93814086914, 10.6927890778, 11.4474372864, 12.1904764175, 12.933514595, 13.6881628036, 14.4428119659, 15.1974601746, 15.9521083832, 16.6951465607, 17.4381847382, 18.1928348541, 18.9474830627, 19.7021312714, 20.45677948, 21.2114276886, 21.9660758972, 22.7091159821, 23.4521541595, 24.195192337, 24.9382305145, 25.6928787231, 26.4475269318, 27.2021770477, 27.9568252563, 28.6998634338, 29.4429016113, 30.1975498199, 30.9521980286, 31.7068481445, 32.4614944458, 33.2161445618, 33.9591827393, 34.7022209167, 35.4568710327, 36.1999092102, 36.9545555115, 37.7092056274, 38.4522438049, 39.1952819824, 39.9499320984, 40.7045783997, 41.4476165771, 42.1906585693, 42.9453048706, 43.6999549866, 44.4429931641, 45.1860313416, 45.9406776428, 46.6953277588, 47.4383659363, 48.1930160522, 48.9476623535, 49.690700531, 50.445350647, 51.1883888245, 51.9430389404, 52.6976852417, 53.4523353577, 54.1953735352, 54.9384117126, 55.6814498901, 56.4361000061, 57.1907463074, 57.9453964233, 58.7000427246, 59.4430847168, 60.1977310181, 60.952381134, 61.6954193115, 62.438457489, 63.1931037903, 63.9477539062, 64.6907958984, 65.4338302612, 66.1884765625, 66.9431304932, 67.6977767944, 68.4524230957, 69.1954650879, 69.9384994507, 70.6931533813, 71.4477996826, 72.1908340454, 72.9454879761, 73.7001342773, 74.4431762695, 75.1862106323, 75.9408569336, 76.6955108643, 77.4385452271, 78.1931991577, 78.947845459, 79.6908798218, 80.433921814, 81.1885681152, 81.9432220459, 82.6978683472, 83.4525146484, 84.1955566406, 84.9385910034, 85.6932373047, 86.4478912354, 87.1909255981, 87.9339675903, 88.6886138916, 89.4432601929, 90.1863021851, 90.9409484863, 91.695602417, 92.4386367798, 93.1932830811, 93.9479370117, 94.6909713745, 95.4456253052, 96.2002716064, 96.9433059692, 97.6979598999, 98.4409942627, 99.1956481934, 99.9386825562, 100.693328857, 101.447982788, 102.191017151, 102.945663452, 103.700317383, 104.443351746, 105.198005676, 105.952651978, 106.69568634, 107.438728333, 108.193374634, 108.948028564, 109.691062927, 110.434104919, 111.188751221, 111.943397522, 112.698051453, 113.452697754, 114.195732117, 114.938774109, 115.69342041, 116.448066711, 117.191108704, 117.934150696, 118.688796997, 119.443443298, 120.186485291, 120.929519653, 121.684173584, 122.438819885, 123.193466187, 123.948112488, 124.69115448, 125.434196472, 126.188842773, 126.943489075, 127.686531067, 128.42956543, 129.18421936, 129.938858032, 130.693511963, 131.448165894, 132.202804565, 132.957458496, 133.700500488, 134.44354248, 135.186569214, 135.941223145, 136.695877075, 137.438903809, 138.193557739, 138.94821167, 139.691238403, 140.434280396, 141.188934326, 141.943572998, 142.68661499, 143.441268921, 144.195922852, 144.938949585, 145.693603516, 146.448257446, 147.202896118, 147.992385864, 148.607711792, 149.199813843, 149.780319214, 150.360809326, 150.929702759, 151.498596191, 152.067474365, 152.636367798, 153.193649292, 153.762542725, 154.331420898, 154.900314331, 155.457595825, 156.014877319, 156.572158813, 157.129425049, 157.686706543, 158.243988037, 158.801269531, 159.358551025, 159.915817261, 160.461486816, 160.891067505, 161.309020996, 161.750198364, 162.133331299, 162.516464233, 162.911193848, 163.305938721, 163.689071655, 164.072189331, 164.432098389, 164.803619385, 165.186752319, 165.569885254, 165.953018188, 166.324539185, 166.70765686, 167.090789795, 167.462310791, 167.833831787, 168.205352783, 168.576873779, 168.948379517, 169.319900513, 169.691421509, 170.074554443, 170.446075439, 170.829208374, 171.20072937, 171.572235107, 171.943756104, 172.326889038, 172.698410034, 173.081542969, 173.453063965, 173.824569702, 174.196090698, 174.567611694, 174.93913269, 175.310653687, 175.693786621, 176.065307617, 176.448425293, 176.819946289, 177.191467285, 177.562988281, 177.934509277, 178.317642212, 178.689163208, 179.072280884, 179.44380188, 179.826934814, 180.198455811, 180.581588745, 180.953109741, 181.324615479, 181.696136475, 182.067657471, 182.427566528, 182.810699463, 183.193832397, 183.576965332, 183.948471069, 184.319992065, 184.691513062, 185.063034058, 185.446166992, 185.829299927, 186.200805664, 186.57232666, 186.943847656, 187.326980591, 187.698501587, 188.081634521, 188.453155518, 188.824661255, 189.196182251, 189.567703247, 189.939224243, 190.322357178, 190.705490112, 191.07699585, 191.448516846, 191.820037842, 192.191558838, 192.574691772, 192.957824707, 193.329345703, 193.70085144, 194.072372437, 194.443893433, 194.815414429, 195.186935425, 195.558456421, 195.929977417, 196.313110352, 196.696228027, 197.067749023, 197.43927002, 197.822402954, 198.205535889, 198.577041626, 198.948562622, 199.320083618, 199.691604614, 200.074737549, 200.446258545, 200.829391479, 201.200897217, 201.572418213, 201.943939209, 202.315460205, 202.69859314, 203.081726074, 203.453231812, 203.824752808, 204.196273804, 204.579406738, 204.950927734, 205.334060669, 205.705581665, 206.077087402, 206.448608398, 206.820129395, 207.191650391, 207.563171387, 207.934692383, 208.317825317, 208.700942993, 209.072463989, 209.443984985, 209.815505981, 210.187026978, 210.570159912, 210.941680908, 211.324798584, 211.69631958, 212.067840576, 212.439361572, 212.822494507, 213.194015503, 213.577133179, 213.948654175, 214.320175171, 214.691696167, 215.063217163, 215.446350098, 215.829467773, 216.20098877, 216.572509766, 216.944030762, 217.315551758, 217.687072754, 218.05859375, 218.441726685, 218.82484436, 219.196365356, 219.567886353, 219.939407349, 220.310928345, 220.694061279, 221.077178955, 221.448699951, 221.820220947, 222.191741943, 222.563262939, 222.946395874, 223.32951355, 223.701034546, 224.072555542, 224.444076538, 224.815597534, 225.18711853, 225.570251465, 225.953369141, 226.324890137, 226.696411133, 227.067932129, 227.439453125, 227.82258606, 228.205703735, 228.58883667, 228.971969604, 229.366714478, 229.749832153, 230.132965088, 230.574142456, 231.015319824, 231.444900513, 231.886077881, 232.315643311, 232.74520874, 233.17477417, 233.639175415, 234.10357666, 234.567977905, 235.009155273, 235.450332642, 235.89151001, 236.332687378, 236.773880005, 237.215057373, 237.656234741, 238.097412109], "beats_loudness": {"dmean2": 0.0260666944087, "median": 0.0463023595512, "min": 3.86346704628e-10, "dvar2": 0.000461615272798, "dvar": 0.000138441333547, "dmean": 0.0148388333619, "max": 0.0969544798136, "var": 0.000456752604805, "mean": 0.0456670150161}, "danceability": 1.01100111008, "bpm_histogram_second_peak_weight": {"dmean2": 0, "median": 0.273159146309, "min": 0.273159146309, "dvar2": 0, "dvar": 0, "dmean": 0, "max": 0.273159146309, "var": 0, "mean": 0.273159146309}, "beats_count": 422, "bpm_histogram_second_peak_bpm": {"dmean2": 0, "median": 161, "min": 161, "dvar2": 0, "dvar": 0, "dmean": 0, "max": 161, "var": 0, "mean": 161}, "bpm_histogram_first_peak_spread": {"dmean2": 0, "median": 0.0357142686844, "min": 0.0357142686844, "dvar2": 0, "dvar": 0, "dmean": 0, "max": 0.0357142686844, "var": 0, "mean": 0.0357142686844}, "beats_loudness_band_ratio": {"dmean2": [0.380865901709, 0.178365051746, 0.267836660147, 0.126177430153, 0.0737490132451, 0.0562829338014], "median": [0.517052173615, 0.0659240856767, 0.133787125349, 0.0638672336936, 0.0479220673442, 0.0268956106156], "min": [0.00149801035877, 0.000381904072128, 0.00163607124705, 0.000406931416364, 0.000328480615281, 2.4456434403e-05], "dvar2": [0.0780912190676, 0.0422905683517, 0.0738948881626, 0.0256324447691, 0.00631558988243, 0.0184757690877], "dvar": [0.0260216854513, 0.0156664885581, 0.0254435371608, 0.00805808510631, 0.00210135360248, 0.00695903459564], "dmean": [0.211879193783, 0.10112080723, 0.150654777884, 0.0692606642842, 0.0410934984684, 0.0303172562271], "max": [0.994388341904, 0.886968493462, 0.943054676056, 0.616891443729, 0.342627078295, 0.978335976601], "var": [0.0593780502677, 0.0171916801482, 0.0312562286854, 0.00827026553452, 0.00313489930704, 0.00709120929241], "mean": [0.50561517477, 0.118076182902, 0.192446455359, 0.0919185727835, 0.0632557496428, 0.041628010571]}}, "lowlevel": {"barkbands_spread": {"dmean2": 6.84049892426, "median": 20.3045845032, "min": 0.518556058407, "dvar2": 76.6486206055, "dvar": 39.5363769531, "dmean": 4.58725404739, "max": 150.451187134, "var": 181.29989624, "mean": 22.0734214783}, "melbands_spread": {"dmean2": 7.64657115936, "median": 20.938117981, "min": 0.43388491869, "dvar2": 103.592124939, "dvar": 48.8461418152, "dmean": 4.97414016724, "max": 234.928253174, "var": 252.265151978, "mean": 22.7763786316}, "hfc": {"dmean2": 7.90708303452, "median": 22.9262123108, "min": 1.18962376075e-16, "dvar2": 122.503608704, "dvar": 55.9638290405, "dmean": 5.28367757797, "max": 136.085327148, "var": 291.266326904, "mean": 24.8660678864}, "barkbands_kurtosis": {"dmean2": 3.67163801193, "median": 1.28036236763, "min": -1.97578370571, "dvar2": 96.4531860352, "dvar": 37.1499595642, "dmean": 2.32323360443, "max": 493.234283447, "var": 393.526885986, "mean": 5.11904001236}, "gfcc": {"mean": [8.83106613159, 98.2911300659, -116.663475037, 29.2877998352, -57.2431182861, 16.2663516998, -32.1602020264, 12.5473117828, -14.4448423386, 5.46026563644, -12.0071277618, 1.00109732151, -11.5429496765], "icov": [[0.00017996339011, -0.00027343299007, 0.000394204980694, -0.000278700143099, 0.000282555934973, -0.000362166872947, 0.000256074563367, -0.000354589399649, 0.000371707719751, -0.000686939340085, 0.000825004535727, -0.000702051213011, 0.000531438563485], [-0.00027343299007, 0.00197710003704, -0.000171384381247, 0.000447467929916, -0.000575185113121, 0.000880514038727, -0.000820627959911, 0.000901928520761, -0.00120715319645, 0.0023107281886, -0.00341186556034, 0.00251628505066, -0.00232358416542], [0.000394204980694, -0.000171384381247, 0.00285837356932, -0.000806025462225, -0.000424208759796, -0.000650455534924, 0.000409818516346, -0.00108430627733, 0.00117387762293, -0.00108430138789, 0.00127751543187, -0.00244740326889, 0.00121779122856], [-0.000278700143099, 0.000447467929916, -0.000806025462225, 0.00415119668469, -0.000586107082199, -0.000730676169042, 0.000354941410478, 0.00155714724679, -0.00183996465057, 0.000968700856902, 0.000349063804606, -0.000157873873832, -0.0017930889735], [0.000282555934973, -0.000575185113121, -0.000424208759796, -0.000586107082199, 0.0064235101454, -0.000922346080188, -0.00181599264033, 0.00059448974207, -0.000751547981054, -0.00179343344644, 0.00238313479349, -0.0014688646188, -0.00106361019425], [-0.000362166872947, 0.000880514038727, -0.000650455534924, -0.000730676169042, -0.000922346080188, 0.00872081704438, -0.00324154645205, -0.00227633328177, 0.00237987935543, -0.000793650280684, -0.00186677393503, 0.00102900329512, -0.000772246683482], [0.000256074563367, -0.000820627959911, 0.000409818516346, 0.000354941410478, -0.00181599264033, -0.00324154645205, 0.00761317368597, -0.000855305523146, -0.000522850023117, -0.000412147579482, -0.00190808170009, 0.00160944589879, 0.000623225641903], [-0.000354589399649, 0.000901928520761, -0.00108430627733, 0.00155714724679, 0.00059448974207, -0.00227633328177, -0.000855305523146, 0.0131635600701, -0.00462352856994, -0.00159082037862, 0.000669341476168, 0.000141213546158, -0.000597328995354], [0.000371707719751, -0.00120715319645, 0.00117387762293, -0.00183996465057, -0.000751547981054, 0.00237987935543, -0.000522850023117, -0.00462352856994, 0.0111616589129, -0.00457368185744, -0.000265862239758, 9.18391233427e-05, -0.000511984049808], [-0.000686939340085, 0.0023107281886, -0.00108430138789, 0.000968700856902, -0.00179343344644, -0.000793650280684, -0.000412147579482, -0.00159082037862, -0.00457368185744, 0.0168903376907, -0.00715543888509, 0.00348176294938, -0.000568707764614], [0.000825004535727, -0.00341186556034, 0.00127751543187, 0.000349063804606, 0.00238313479349, -0.00186677393503, -0.00190808170009, 0.000669341476168, -0.000265862239758, -0.00715543888509, 0.0208130721003, -0.01030278299, 0.00385414157063], [-0.000702051213011, 0.00251628505066, -0.00244740326889, -0.000157873873832, -0.0014688646188, 0.00102900329512, 0.00160944589879, 0.000141213546158, 9.18391233427e-05, 0.00348176294938, -0.01030278299, 0.0230826325715, -0.0103969331831], [0.000531438563485, -0.00232358416542, 0.00121779122856, -0.0017930889735, -0.00106361019425, -0.000772246683482, 0.000623225641903, -0.000597328995354, -0.000511984049808, -0.000568707764614, 0.00385414157063, -0.0103969331831, 0.0214934572577]], "cov": [[17693.8222656, -258.266815186, -1554.15722656, 541.693847656, -831.518249512, 435.965789795, -648.125183105, 304.24899292, -324.520568848, 280.081054688, -440.406524658, 32.3320274353, -236.106033325], [-258.266815186, 1285.29272461, -216.806991577, -89.4290466309, 86.2144241333, -99.5422363281, 184.826797485, -74.2411727905, 141.426025391, -68.1870422363, 175.53968811, -44.5888023376, 91.9437942505], [-1554.15722656, -216.806991577, 649.145507812, 60.7334251404, 123.065200806, 38.7288093567, 25.0462017059, 16.2508449554, -18.7548942566, 6.88396883011, 4.32523679733, 58.9153823853, 17.9416351318], [541.693847656, -89.4290466309, 60.7334251404, 335.214691162, 25.1026878357, 37.9461746216, -42.1821250916, -3.18616390228, 13.5744905472, 4.69903278351, -35.3076477051, 34.1349258423, 28.4936389923], [-831.518249512, 86.2144241333, 123.065200806, 25.1026878357, 255.724273682, 31.0590267181, 109.746772766, 1.03749513626, 53.9414176941, 17.6169567108, 28.7314491272, 13.0734014511, 38.5416870117], [435.965789795, -99.5422363281, 38.7288093567, 37.9461746216, 31.0590267181, 200.986541748, 70.7018356323, 52.7822113037, -20.6353378296, 45.026348114, 2.8747279644, 6.79541444778, -8.92279720306], [-648.125183105, 184.826797485, 25.0462017059, -42.1821250916, 109.746772766, 70.7018356323, 258.236206055, 21.6826820374, 58.1197776794, 25.2725753784, 69.5329208374, -19.1994953156, 12.4514541626], [304.24899292, -74.2411727905, 16.2508449554, -3.18616390228, 1.03749513626, 52.7822113037, 21.6826820374, 120.0105896, 37.5799865723, 46.1595230103, -3.50591492653, 2.08795595169, -8.32575321198], [-324.520568848, 141.426025391, -18.7548942566, 13.5744905472, 53.9414176941, -20.6353378296, 58.1197776794, 37.5799865723, 164.386886597, 39.3347740173, 42.1347541809, -5.10799407959, 21.7253761292], [280.081054688, -68.1870422363, 6.88396883011, 4.69903278351, 17.6169567108, 45.026348114, 25.2725753784, 46.1595230103, 39.3347740173, 107.606430054, 20.4023303986, 1.90364909172, -10.2085342407], [-440.406524658, 175.53968811, 4.32523679733, -35.3076477051, 28.7314491272, 2.8747279644, 69.5329208374, -3.50591492653, 42.1347541809, 20.4023303986, 111.793457031, 18.704334259, 16.6319732666], [32.3320274353, -44.5888023376, 58.9153823853, 34.1349258423, 13.0734014511, 6.79541444778, -19.1994953156, 2.08795595169, -5.10799407959, 1.90364909172, 18.704334259, 79.2293167114, 30.2956256866], [-236.106033325, 91.9437942505, 17.9416351318, 28.4936389923, 38.5416870117, -8.92279720306, 12.4514541626, -8.32575321198, 21.7253761292, -10.2085342407, 16.6319732666, 30.2956256866, 76.5779037476]]}, "spectral_energyband_middle_low": {"dmean2": 0.00740975188091, "median": 0.0118431998417, "min": 2.84190536363e-22, "dvar2": 0.000118498363008, "dvar": 4.62274256279e-05, "dmean": 0.00468885945156, "max": 0.0828261300921, "var": 0.00014643065515, "mean": 0.0149062220007}, "melbands_crest": {"dmean2": 4.04204797745, "median": 14.0754852295, "min": 2.00429558754, "dvar2": 17.7012290955, "dvar": 6.77136325836, "dmean": 2.51377463341, "max": 32.396736145, "var": 28.7405986786, "mean": 14.8761796951}, "spectral_kurtosis": {"dmean2": 2.42489790916, "median": 3.64462256432, "min": -1.19561839104, "dvar2": 11.3718700409, "dvar": 4.16760921478, "dmean": 1.48902058601, "max": 63.0104904175, "var": 16.3109779358, "mean": 4.61289548874}, "spectral_rms": {"dmean2": 0.00106206291821, "median": 0.00562791945413, "min": 3.25279473495e-12, "dvar2": 2.70032182925e-06, "dvar": 1.03757577108e-06, "dmean": 0.000655295327306, "max": 0.0134405856952, "var": 3.63434901374e-06, "mean": 0.00552809610963}, "zerocrossingrate": {"dmean2": 0.00970146991313, "median": 0.04931640625, "min": 0.00244140625, "dvar2": 0.000145037396578, "dvar": 0.000141990123666, "dmean": 0.00838367175311, "max": 0.73095703125, "var": 0.00369189446792, "mean": 0.0576004870236}, "silence_rate_60dB": {"dmean2": 0.00855199247599, "median": 0, "min": 0, "dvar2": 0.0100365383551, "dvar": 0.004258077126, "dmean": 0.00427558040246, "max": 1, "var": 0.0516228564084, "mean": 0.0546055175364}, "erbbands_kurtosis": {"dmean2": 1.18091952801, "median": 0.00676095485687, "min": -1.68378412724, "dvar2": 3.12687706947, "dvar": 1.48037576675, "dmean": 0.768218100071, "max": 55.8971633911, "var": 6.45116949081, "mean": 0.686064302921}, "erbbands": {"dmean2": [0.146932855248, 1.9889010191, 4.35925102234, 5.03671979904, 7.17835140228, 10.0790328979, 13.039604187, 12.016620636, 16.8608283997, 44.4400177002, 47.6944503784, 27.6939659119, 15.6528501511, 33.5658836365, 26.6169147491, 30.5996360779, 30.3405208588, 29.4724788666, 22.753988266, 23.7735557556, 25.4146709442, 17.2209434509, 13.067158699, 9.06019306183, 10.1565933228, 7.78323698044, 6.5130648613, 5.3803153038, 4.92843341827, 3.93504834175, 2.79475021362, 1.750472188, 1.4720044136, 1.28061497211, 0.673036396503, 0.210658699274, 0.065520003438, 0.0190316047519, 0.00080618908396, 2.7893242077e-05], "median": [0.0773172080517, 1.72926044464, 3.71405649185, 2.08297967911, 2.20236873627, 3.80233049393, 6.72673225403, 11.0489616394, 11.1556606293, 26.105632782, 28.2322425842, 21.135307312, 10.8903884888, 22.1256561279, 24.8231067657, 18.1386547089, 23.166759491, 14.7746810913, 17.6551094055, 20.2781028748, 23.96484375, 17.2343864441, 12.1110744476, 9.52911281586, 10.481180191, 7.90138816833, 5.55781602859, 4.33852100372, 3.76021575928, 3.01083755493, 1.95023441315, 1.04322111607, 0.621397972107, 0.356551587582, 0.135214060545, 0.0348417907953, 0.00904818437994, 0.00153845269233, 7.91014608694e-05, 4.60080118501e-05], "min": [3.27907662825e-21, 1.87794152077e-20, 1.2047266852e-20, 1.7575524912e-20, 6.50418836493e-20, 1.88070407784e-19, 4.58435903186e-19, 3.8069485843e-19, 8.26421519245e-19, 1.26465162311e-18, 1.40901759427e-18, 8.17938937159e-19, 3.95527654379e-19, 1.16907028295e-18, 3.4445537786e-18, 4.08312025429e-18, 4.84692476985e-18, 5.86912272439e-18, 7.39466793988e-18, 5.93941074258e-18, 9.52504265619e-18, 1.19997412286e-17, 1.40259788689e-17, 9.61576368987e-18, 1.02678285124e-17, 1.63641322561e-17, 1.58552639782e-17, 2.47312180077e-17, 1.87887607589e-17, 1.36170811583e-17, 1.47979551017e-17, 1.89739416826e-17, 1.44588457922e-17, 1.51889865384e-17, 1.16748188938e-17, 5.25804428764e-18, 3.25291898493e-18, 1.35608299815e-18, 4.07106993882e-19, 3.71908642898e-20], "dvar2": [0.133747562766, 29.4936656952, 133.384414673, 110.946365356, 367.513549805, 418.961761475, 797.291687012, 582.510192871, 930.010314941, 7628.45703125, 10723.2578125, 4294.14355469, 1496.67834473, 4539.91992188, 2370.82226562, 3578.48168945, 4217.81152344, 7978.16308594, 2138.94238281, 1755.51745605, 1965.6192627, 1015.45880127, 517.181030273, 203.406646729, 268.24899292, 149.043304443, 137.724136353, 93.6722946167, 71.2868652344, 51.4851074219, 47.9973564148, 24.3708324432, 17.991399765, 11.5914011002, 5.78522491455, 0.752222537994, 0.0493211969733, 0.00177384447306, 3.34490005116e-06, 2.46495557299e-09], "dvar": [0.0606770403683, 10.2119951248, 45.9894714355, 41.2601203918, 131.32774353, 169.708511353, 308.127502441, 234.115325928, 393.746490479, 3491.62036133, 5375.80664062, 2247.46557617, 626.696166992, 1978.17297363, 983.836242676, 1498.98022461, 1614.27062988, 3302.08764648, 873.994628906, 704.968444824, 807.242736816, 447.251525879, 236.497955322, 84.3599319458, 107.778450012, 55.3009490967, 50.0999069214, 35.4077301025, 29.0812721252, 25.0486698151, 24.4503421783, 13.7705097198, 8.92963409424, 5.70829582214, 2.88700127602, 0.379642367363, 0.0252155978233, 0.000875398342032, 1.48463118421e-06, 1.074671796e-09], "dmean": [0.0926514193416, 1.13077783585, 2.45817160606, 2.91956400871, 4.0929646492, 6.22730779648, 7.90681123734, 7.73006534576, 10.6675224304, 29.1017932892, 32.9793395996, 19.0234565735, 10.1352128983, 21.877166748, 17.1321792603, 19.0023975372, 19.2225494385, 18.8246955872, 14.1477394104, 15.0558767319, 16.1351356506, 10.9297199249, 8.30795860291, 5.65971040726, 6.23440408707, 4.78933572769, 3.98987627029, 3.40421915054, 3.18792128563, 2.64481544495, 1.88925683498, 1.21242558956, 0.995506048203, 0.887375533581, 0.465142846107, 0.145053729415, 0.0453124828637, 0.0131988925859, 0.00053163676057, 1.84344462468e-05], "max": [3.00382900238, 34.6662750244, 80.8567504883, 87.6729431152, 136.956771851, 243.115371704, 346.445587158, 465.181732178, 439.092285156, 1147.78710938, 1951.25878906, 1978.88903809, 809.877502441, 1447.4342041, 691.208679199, 1207.39624023, 953.09564209, 1432.89257812, 741.828186035, 645.240783691, 812.539489746, 490.77532959, 497.647583008, 233.379730225, 259.339477539, 129.065734863, 193.248764038, 121.108932495, 101.291267395, 121.855041504, 139.093002319, 106.163352966, 75.3059768677, 59.3108634949, 47.1748161316, 19.486869812, 6.44264650345, 0.780089557171, 0.0395037345588, 0.000810657162219], "var": [0.0897842496634, 8.36964321136, 36.4815711975, 39.528087616, 104.58404541, 499.406280518, 707.317993164, 478.517822266, 1436.02026367, 14780.3066406, 24792.5136719, 11169.1601562, 1990.99243164, 7797.890625, 2753.27758789, 4226.61816406, 4127.734375, 7848.55957031, 1588.12768555, 1940.70788574, 2902.56176758, 1445.26257324, 603.632629395, 269.366851807, 288.940338135, 117.458877563, 88.2616882324, 65.6790008545, 75.5223388672, 76.4364318848, 70.5783920288, 41.0439567566, 21.3428096771, 12.5065813065, 6.95923805237, 0.92042517662, 0.0510826297104, 0.00140625832137, 2.07769244298e-06, 2.07990491496e-09], "mean": [0.173309132457, 2.17038726807, 4.94544696808, 4.15484714508, 5.05121946335, 11.8457756042, 15.1681203842, 17.6015224457, 23.4833812714, 70.4722213745, 79.3055953979, 47.2685623169, 23.7956886292, 47.3485794067, 39.7352409363, 38.9310951233, 42.500617981, 37.6373672485, 28.7621364594, 33.7112922668, 38.8040122986, 26.7543334961, 18.3939552307, 13.5312013626, 14.4893093109, 10.5941286087, 8.14601230621, 6.82019805908, 6.55215501785, 5.60381984711, 3.92576503754, 2.40348720551, 1.76025462151, 1.34054851532, 0.703577339649, 0.217867180705, 0.0591170862317, 0.0156800951809, 0.000604501576163, 5.47238560102e-05]}, "spectral_strongpeak": {"dmean2": 0.815834522247, "median": 0.455194115639, "min": 3.8252054857e-09, "dvar2": 1.91171133518, "dvar": 0.774471700191, "dmean": 0.481172382832, "max": 11.9197301865, "var": 1.75734162331, "mean": 1.08939242363}, "spectral_energy": {"dmean2": 0.0150885879993, "median": 0.0324653126299, "min": 1.08451900528e-20, "dvar2": 0.000816012674477, "dvar": 0.000300948042423, "dmean": 0.00908904336393, "max": 0.185165569186, "var": 0.000475030916277, "mean": 0.0350491553545}, "average_loudness": 0.951692461967, "spectral_rolloff": {"dmean2": 593.762268066, "median": 1055.12695312, "min": 64.599609375, "dvar2": 1326622.375, "dvar": 656689.625, "dmean": 358.275787354, "max": 18755.4199219, "var": 3405240.25, "mean": 1406.67980957}, "spectral_centroid": {"dmean2": 279.312927246, "median": 1210.63684082, "min": 156.230102539, "dvar2": 101378.742188, "dvar": 50771.7265625, "dmean": 185.924072266, "max": 11089.3173828, "var": 304752.46875, "mean": 1255.5645752}, "pitch_salience": {"dmean2": 0.0927833616734, "median": 0.511517286301, "min": 0.0633449926972, "dvar2": 0.00922016706318, "dvar": 0.00343765760772, "dmean": 0.0570268593729, "max": 0.908460974693, "var": 0.0125260278583, "mean": 0.503896176815}, "spectral_energyband_middle_high": {"dmean2": 0.00259748636745, "median": 0.00584269780666, "min": 1.48353843217e-21, "dvar2": 1.24841999423e-05, "dvar": 5.25408177054e-06, "dmean": 0.00167660485022, "max": 0.0481961891055, "var": 3.56266391464e-05, "mean": 0.0069430381991}, "spectral_contrast_coeffs": {"dmean2": [0.0762376114726, 0.0711528509855, 0.0574407093227, 0.0491067543626, 0.0322451479733, 0.0279249306768], "median": [-0.664048433304, -0.706389129162, -0.749513030052, -0.760153234005, -0.798601150513, -0.753270030022], "min": [-0.96194511652, -0.95771330595, -0.97914481163, -0.96174955368, -0.959822535515, -0.957722604275], "dvar2": [0.00413944199681, 0.00343645131215, 0.00209163292311, 0.00143712235149, 0.000648083165288, 0.000547021743841], "dvar": [0.00153105251957, 0.00130421190988, 0.000806089374237, 0.000595737888943, 0.000275145081105, 0.000226447329624], "dmean": [0.0456624478102, 0.0438672043383, 0.0354503691196, 0.0305563788861, 0.0199489966035, 0.0176342613995], "max": [-0.263079404831, -0.389221847057, -0.475136637688, -0.548129737377, -0.59679800272, -0.644768476486], "var": [0.00804943125695, 0.00593770621344, 0.00372580625117, 0.00265680300072, 0.0015086181229, 0.00160732353106], "mean": [-0.650590181351, -0.699814558029, -0.744072496891, -0.758333384991, -0.794306337833, -0.760256826878]}, "melbands_skewness": {"dmean2": 0.849537134171, "median": 1.97806954384, "min": -1.30018246174, "dvar2": 1.38222491741, "dvar": 0.563055813313, "dmean": 0.544997394085, "max": 19.6693439484, "var": 2.60634016991, "mean": 2.33182239532}, "spectral_spread": {"dmean2": 692571.625, "median": 4328731, "min": 983136.3125, "dvar2": 701792321536, "dvar": 455044202496, "dmean": 525059.9375, "max": 40195244, "var": 2773486141440.0, "mean": 4564350}, "dissonance": {"dmean2": 0.0303502678871, "median": 0.466170370579, "min": 0.217918932438, "dvar2": 0.000841023575049, "dvar": 0.000316156976623, "dmean": 0.018227128312, "max": 0.499993920326, "var": 0.00111765146721, "mean": 0.457628369331}, "spectral_skewness": {"dmean2": 0.307366579771, "median": 1.4891076088, "min": -0.0471333563328, "dvar2": 0.0973706692457, "dvar": 0.0417236164212, "dmean": 0.19670894742, "max": 5.96794557571, "var": 0.281592905521, "mean": 1.59383440018}, "spectral_flux": {"dmean2": 0.0365059971809, "median": 0.0729832351208, "min": 1.04140245039e-10, "dvar2": 0.00220096623525, "dvar": 0.00107559654862, "dmean": 0.023250810802, "max": 0.374750882387, "var": 0.00260574300773, "mean": 0.0797316506505}, "spectral_contrast_valleys": {"dmean2": [0.646434724331, 0.50958943367, 0.447233319283, 0.396658360958, 0.3348338902, 0.39295271039], "median": [-6.93138074875, -6.27031373978, -6.92782354355, -7.24708175659, -7.08513259888, -9.77186965942], "min": [-27.5135631561, -27.3525104523, -27.3810539246, -27.3875427246, -27.2387180328, -27.2383670807], "dvar2": [0.303816497326, 0.181373611093, 0.136827692389, 0.118009962142, 0.114500872791, 0.201647818089], "dvar": [0.124061338603, 0.0753269940615, 0.0594377927482, 0.0580269247293, 0.0652019679546, 0.122163914144], "dmean": [0.388285726309, 0.306003093719, 0.27055066824, 0.250261992216, 0.226865410805, 0.31346476078], "max": [-4.84108352661, -4.57070922852, -5.16386222839, -5.85407400131, -5.79027271271, -7.45744419098], "var": [2.20225930214, 1.91539657116, 1.89063715935, 2.05241775513, 2.13074421883, 2.14327549934], "mean": [-7.26539325714, -6.57201576233, -7.25477457047, -7.65129566193, -7.52556610107, -10.0939531326]}, "erbbands_flatness_db": {"dmean2": 0.0230392701924, "median": 0.150026842952, "min": 0.0193477701396, "dvar2": 0.00049843970919, "dvar": 0.000282747118035, "dmean": 0.0172123461962, "max": 0.340760976076, "var": 0.00187491311226, "mean": 0.153901085258}, "spectral_energyband_high": {"dmean2": 0.000525191775523, "median": 0.000506281270646, "min": 8.24380638491e-21, "dvar2": 1.0069269365e-06, "dvar": 5.15907743193e-07, "dmean": 0.000368452747352, "max": 0.0140853971243, "var": 1.60126728588e-06, "mean": 0.000871948432177}, "spectral_entropy": {"dmean2": 0.190010726452, "median": 7.67716836929, "min": 5.71869707108, "dvar2": 0.0407696068287, "dvar": 0.0235558841377, "dmean": 0.140572860837, "max": 9.79193496704, "var": 0.235163077712, "mean": 7.59023141861}, "silence_rate_20dB": {"dmean2": 0, "median": 1, "min": 1, "dvar2": 0, "dvar": 0, "dmean": 0, "max": 1, "var": 0, "mean": 1}, "melbands_flatness_db": {"dmean2": 0.0309980213642, "median": 0.186075508595, "min": 0.00631028739735, "dvar2": 0.00124655163381, "dvar": 0.000507519755047, "dmean": 0.0208621360362, "max": 0.597080111504, "var": 0.0057456404902, "mean": 0.201780468225}, "barkbands": {"dmean2": [0.000147441081936, 0.00749427406117, 0.00338835199364, 0.00216329260729, 0.00259668752551, 0.00151044595987, 0.00202975911088, 0.00241451896727, 0.00111687963363, 0.000609165406786, 0.000926412642002, 0.00066987745231, 0.000769527396187, 0.000500338443089, 0.000533769663889, 0.000573882309254, 0.000437531445641, 0.000214377389057, 0.000194062595256, 0.000180753311724, 0.00014781691425, 0.000127776598674, 0.000104732869659, 8.13805381767e-05, 0.00010013840074, 3.85089879273e-05, 7.85546944826e-06], "median": [2.63405927399e-05, 0.00652774330229, 0.00226409407333, 0.000528556003701, 0.00104697141796, 0.00126253685448, 0.00100557983387, 0.00124480656814, 0.000722725410014, 0.000298222323181, 0.000841760484036, 0.000347677676473, 0.000462273717858, 0.000158800321515, 0.000367316388292, 0.000375164323486, 0.000349310226738, 0.000184961725608, 0.000195862783585, 0.000179610418854, 0.000122563316836, 0.000102358753793, 7.6141252066e-05, 4.19147982029e-05, 2.53193247772e-05, 6.03169428359e-06, 4.2800763822e-07], "min": [1.67559388969e-23, 9.38909506914e-23, 8.40168970699e-24, 1.01157227376e-23, 3.72588314095e-23, 6.40637159682e-23, 6.55718476251e-23, 7.35838345229e-23, 2.98632130914e-23, 1.49037061132e-23, 5.65203440026e-23, 1.09445539627e-22, 1.34937825903e-22, 1.01650066648e-22, 1.25594569964e-22, 1.77811078194e-22, 2.16748861201e-22, 2.24315261594e-22, 1.64628227969e-22, 3.5728275277e-22, 5.60576676154e-22, 4.29277303937e-22, 5.49299928446e-22, 8.97901121804e-22, 1.59087985888e-21, 1.60683903249e-21, 2.57805923447e-21], "dvar2": [9.257125555e-08, 0.000399457465392, 6.94757327437e-05, 2.75604143098e-05, 2.99006842397e-05, 9.38285302254e-06, 1.48773960973e-05, 2.38872853515e-05, 6.37240100332e-06, 2.71895510195e-06, 2.36240703089e-06, 1.63568881817e-06, 2.83302642856e-06, 2.20439324039e-06, 8.14781515146e-07, 1.22028188798e-06, 6.04814204053e-07, 1.35930505962e-07, 9.14708451205e-08, 7.18595387639e-08, 7.90995713373e-08, 4.46367600659e-08, 5.90879309925e-08, 5.5844747493e-08, 8.99570125057e-08, 1.76400796192e-08, 3.15912018767e-10], "dvar": [3.54530840241e-08, 0.000145900499774, 2.42680944211e-05, 1.01411160358e-05, 1.11155086415e-05, 3.72445083485e-06, 7.03405021341e-06, 1.1542341781e-05, 3.24063694279e-06, 1.14089721137e-06, 1.00914530776e-06, 6.83625103193e-07, 1.14871534151e-06, 8.90834996881e-07, 3.28803565708e-07, 4.99953102917e-07, 2.50210831609e-07, 6.3440452891e-08, 3.78082205543e-08, 2.69424518251e-08, 2.87960109091e-08, 1.90570705882e-08, 3.04475484825e-08, 2.94057702632e-08, 4.66011620404e-08, 9.29819066187e-09, 1.40332953591e-10], "dmean": [8.63677123562e-05, 0.00435396470129, 0.00192939559929, 0.00124370481353, 0.00155609846115, 0.000954061979428, 0.00132357468829, 0.00165494775865, 0.000750426785089, 0.000390908040572, 0.000605402688961, 0.000414596812334, 0.000488273799419, 0.000311549578328, 0.000332098396029, 0.000364406325389, 0.000273021199973, 0.000136245245812, 0.00011981944408, 0.000110491535452, 9.21459286474e-05, 8.359541971e-05, 7.16189024388e-05, 5.59125110158e-05, 7.02077886672e-05, 2.70032214758e-05, 5.20529647474e-06], "max": [0.00228826305829, 0.141717240214, 0.062106475234, 0.0527801960707, 0.0506489947438, 0.0388366244733, 0.0552234016359, 0.0707483142614, 0.0698774829507, 0.0362424515188, 0.0248007029295, 0.0236691106111, 0.0350787639618, 0.0203385557979, 0.0121590802446, 0.019097879529, 0.0110202711076, 0.0080