{"tonal": {"thpcp": [1, 0.54969805479, 0.123607635498, 0.118925027549, 0.0818419754505, 0.482906639576, 0.984260380268, 0.585366487503, 0.0929396748543, 0.0837444588542, 0.10677780211, 0.482583105564, 0.651333630085, 0.277773499489, 0.266602963209, 0.457683056593, 0.300391405821, 0.235236287117, 0.24725048244, 0.147162526846, 0.525635182858, 0.914215266705, 0.507139265537, 0.138463109732, 0.132970675826, 0.0944147780538, 0.4084379673, 0.649390995502, 0.333385676146, 0.152117446065, 0.183964118361, 0.14601393044, 0.43615758419, 0.5714879632, 0.274704098701, 0.570218920708], "hpcp": {"dmean2": [0.0601837784052, 0.0598674379289, 0.122159563005, 0.147535577416, 0.102598622441, 0.14083814621, 0.185984715819, 0.133663356304, 0.0526277571917, 0.0418048426509, 0.043417468667, 0.131161138415, 0.191008299589, 0.136654600501, 0.0420441962779, 0.0362600162625, 0.0520771034062, 0.128691479564, 0.161977812648, 0.0947007536888, 0.0910054594278, 0.123429261148, 0.104249946773, 0.0983456149697, 0.0861287713051, 0.0744220167398, 0.149559095502, 0.189505845308, 0.145057663321, 0.0643522590399, 0.0544345714152, 0.0546283870935, 0.11936172843, 0.154737591743, 0.114826366305, 0.0612213723361], "median": [0.00317411590368, 0.00755906058475, 0.0261246450245, 0.0343073941767, 0.0211923345923, 0.0546719320118, 0.0880271941423, 0.0507826954126, 0.0057971002534, 0.00305154942907, 0.00469917757437, 0.0562597773969, 0.102821618319, 0.0572181232274, 0.0077665951103, 0.00298982765526, 0.0063859783113, 0.0306119322777, 0.0391583517194, 0.0222959686071, 0.0105301244184, 0.0108263511211, 0.012368446216, 0.00833739899099, 0.00675154197961, 0.00808607693762, 0.0557427182794, 0.100348472595, 0.0567822158337, 0.00751460343599, 0.0035213760566, 0.00536072300747, 0.024672459811, 0.0372796207666, 0.023297265172, 0.00539536681026], "min": [0, 0, 0, 0, 0, 0, 0, 0, 0, 0, 0, 0, 0, 0, 0, 0, 0, 0, 0, 0, 0, 0, 0, 0, 0, 0, 0, 0, 0, 0, 0, 0, 0, 0, 0, 0], "dvar2": [0.0314619913697, 0.0215075518936, 0.0454159602523, 0.0637628212571, 0.034241206944, 0.0434083417058, 0.0774952694774, 0.0371687747538, 0.0164283998311, 0.0164668466896, 0.0138438269496, 0.0396423749626, 0.0809881612659, 0.0405547358096, 0.011923385784, 0.0163146406412, 0.0196319129318, 0.0491057708859, 0.0753665044904, 0.0297294091433, 0.0338173359632, 0.0628207400441, 0.0416507348418, 0.051877938211, 0.0415041297674, 0.0273124314845, 0.0490721575916, 0.0742812603712, 0.0463541448116, 0.0242796037346, 0.027295647189, 0.0230370406061, 0.0417685620487, 0.072719335556, 0.041105017066, 0.0254776049405], "dvar": [0.0141508597881, 0.00816681329161, 0.0212701335549, 0.0307561550289, 0.0130908889696, 0.0182976778597, 0.0388142429292, 0.0164285600185, 0.00666996510699, 0.00724950060248, 0.00490420171991, 0.0159038081765, 0.0398687273264, 0.0181621294469, 0.00462666573003, 0.00667280051857, 0.00744488462806, 0.0227587074041, 0.0366359166801, 0.0114533379674, 0.014176543802, 0.030773807317, 0.0167013611645, 0.0196006335318, 0.0174391958863, 0.00990779139102, 0.0201157983392, 0.0367361530662, 0.0188565440476, 0.00949698872864, 0.0113203618675, 0.00799689907581, 0.0175990499556, 0.0348139107227, 0.0159667432308, 0.0102157741785], "dmean": [0.0360761024058, 0.035286359489, 0.0768802016973, 0.0908577442169, 0.0611516945064, 0.0866267606616, 0.113907061517, 0.0825505554676, 0.0307453554124, 0.0246385000646, 0.0244606286287, 0.0792471840978, 0.117953129113, 0.0863727554679, 0.0247702877969, 0.0211926493794, 0.0300063565373, 0.0814252719283, 0.100100636482, 0.0568291693926, 0.0554370954633, 0.0752431079745, 0.0625442937016, 0.056953843683, 0.0502579398453, 0.0424496121705, 0.0915387049317, 0.118231236935, 0.0882489532232, 0.0369666740298, 0.030874716118, 0.0301915220916, 0.0731903687119, 0.0948642715812, 0.068617105484, 0.0360679551959], "max": [1, 1, 1, 1, 1, 1, 1, 1, 1, 1, 1, 1, 1, 1, 1, 1, 1, 1, 1, 1, 1, 1, 1, 1, 1, 1, 1, 1, 1, 1, 1, 1, 1, 1, 1, 1], "var": [0.034161541611, 0.0110832443461, 0.0560737550259, 0.0891054049134, 0.0221522878855, 0.0534222200513, 0.150310873985, 0.049452085048, 0.0125662731007, 0.0187436677516, 0.00524946209043, 0.0367857888341, 0.14197088778, 0.054999768734, 0.00608080532402, 0.0109258359298, 0.00855819974095, 0.0587777122855, 0.102384097874, 0.0191568173468, 0.0272000264376, 0.0829877778888, 0.0328798703849, 0.0334625095129, 0.041310235858, 0.0111280605197, 0.0490047447383, 0.126855716109, 0.0440116263926, 0.0150713752955, 0.0225082095712, 0.00691296951845, 0.0445550009608, 0.106240153313, 0.0285847261548, 0.0183979943395], "mean": [0.0575016885996, 0.0456395931542, 0.136329829693, 0.178630068898, 0.0858642980456, 0.178233399987, 0.312570124865, 0.171819195151, 0.0386360548437, 0.0371724106371, 0.025581356138, 0.150942191482, 0.307650387287, 0.182968080044, 0.0290501657873, 0.0261760149151, 0.0333755500615, 0.150841057301, 0.203587427735, 0.0868236944079, 0.0833321213722, 0.143058046699, 0.093893378973, 0.0735278353095, 0.0772831141949, 0.0459986105561, 0.164297863841, 0.285756379366, 0.158516585827, 0.0432794317603, 0.0415626615286, 0.0295112393796, 0.127665504813, 0.202980220318, 0.10420640558, 0.0475473701954]}, "tuning_equal_tempered_deviation": 0.0256591308862, "chords_changes_rate": 0.0520914010704, "key_key": "B", "tuning_diatonic_strength": 0.549377202988, "key_scale": "major", "chords_number_rate": 0.00125871412456, "tuning_frequency": 441.017791748, "tuning_nontempered_energy_ratio": 0.610292494297, "chords_histogram": [27.7207584381, 1.72347021103, 23.3539886475, 2.24632072449, 5.78040266037, 0, 1.71378779411, 0.280790090561, 1.39426803589, 0.280790090561, 0.387296676636, 0.445391178131, 0, 0.183965921402, 0.0968241691589, 0.91982960701, 0, 1.15220761299, 0.37761425972, 3.22424483299, 3.89233160019, 7.35863685608, 11.0863676071, 6.38071250916], "key_strength": 0.801265954971, "chords_key": "B", "chords_strength": {"dmean2": 0.00698244851083, "median": 0.481876313686, "min": 0.156208351254, "dvar2": 5.98639308009e-05, "dvar": 6.3439605583e-05, "dmean": 0.00970396585763, "max": 0.731302499771, "var": 0.0100369527936, "mean": 0.479520350695}, "chords_scale": "major", "hpcp_entropy": {"dmean2": 0.830899953842, "median": 1.45284104347, "min": 0, "dvar2": 0.530091941357, "dvar": 0.214425161481, "dmean": 0.490870505571, "max": 3.78306078911, "var": 0.43268224597, "mean": 1.41221451759}}, "metadata": {"audio_properties": {"equal_loudness": 0, "codec": "mp3", "downmix": "mix", "sample_rate": 48000, "analysis_sample_rate": 44100, "bit_rate": 192010, "md5_encoded": "e3820e75eee0426ab21619e3bff5c575", "length": 479.567993164, "replay_gain": -4.34687805176, "lossless": false}, "version": {"essentia_build_sha": "2d9f1f26377add8aeb1075a9c2973f962c4f09fd", "essentia": "2.1-beta2", "extractor": "music 1.0", "essentia_git_sha": "v2.1_beta2-1-ge3940c0"}, "tags": {"title": ["Concerto in C major, Wq. 43 no. 6, H. 476: III. Allegro"], "barcode": ["7318590019573"], "media": ["CD"], "albumartist": ["C.P.E. Bach; Mikl\u00f3s Sp\u00e1nyi, Concerto Armonico, M\u00e1rta \u00c1brah\u00e1m"], "isrc": ["SEAET1257060"], "musicbrainz_recordingid": ["14c87c28-36b2-47ae-99c3-22197f399f9d"], "musicbrainz_albumartistid": ["f6486fc7-90ef-48ad-8ca3-905af1354afe/45ff6707-e20a-4c29-b8c6-93af8886d77b/97cd92ce-d3ae-4f3a-a769-4573d6c46c14/d02ba202-d1cb-4864-8e0d-804f173738e9"], "discnumber": ["1/1"], "album": ["The Complete Keyboard Concertos, Volume 19"], "catalognumber": ["BIS-1957"], "musicbrainz album release country": ["XE"], "musicbrainz album type": ["album"], "musicbrainz album status": ["official"], "file_name": "06 Concerto in C major, Wq. 43 no. 6, H. 476_ III. Allegro.mp3", "originaldate": ["2013"], "date": ["2013"], "genre": ["Classical"], "musicbrainz_releasegroupid": ["0f02a659-2283-41e0-a3e6-34c9e09eee9d"], "musicbrainz_artistid": ["f6486fc7-90ef-48ad-8ca3-905af1354afe"], "asin": ["B00B7B0WF4"], "musicbrainz_albumid": ["44424779-dffd-4e5b-8f93-89d7550969c0"], "artist": ["Carl Philipp Emanuel Bach"], "artistsort": ["Bach, Carl Philipp Emanuel"], "tracknumber": ["6/12"], "label": ["BIS"], "albumartistsort": ["Bach, Carl Philipp Emanuel; Sp\u00e1nyi, Mikl\u00f3s, Concerto Armonico, \u00c1brah\u00e1m, M\u00e1rta"], "acoustid_id": ["3a114514-24a3-4066-a2f9-c1ac6a1a429a"], "script": ["Latn"]}}, "rhythm": {"bpm_histogram_first_peak_bpm": {"dmean2": 0, "median": 172, "min": 172, "dvar2": 0, "dvar": 0, "dmean": 0, "max": 172, "var": 0, "mean": 172}, "bpm": 172.264984131, "bpm_histogram_second_peak_spread": {"dmean2": 0, "median": 0, "min": 0, "dvar2": 0, "dvar": 0, "dmean": 0, "max": 0, "var": 0, "mean": 0}, "bpm_histogram_first_peak_weight": {"dmean2": 0, "median": 0.35635560751, "min": 0.35635560751, "dvar2": 0, "dvar": 0, "dmean": 0, "max": 0.35635560751, "var": 0, "mean": 0.35635560751}, "onset_rate": 3.79494810104, "beats_position": [0.383129239082, 0.754648506641, 1.13777780533, 1.50929701328, 1.86920630932, 2.22911548615, 2.57741498947, 2.92571425438, 3.27401351929, 3.62231278419, 3.97061228752, 4.33052158356, 4.69043064117, 5.05034017563, 5.39863920212, 5.75854873657, 6.10684776306, 6.45514726639, 6.81505680084, 7.16335582733, 7.50004529953, 7.84834432602, 8.19664382935, 8.54494285583, 8.893242836, 9.24154186249, 9.58984088898, 9.93814086914, 10.2748298645, 10.623128891, 10.95981884, 11.3081178665, 11.656416893, 12.0047159195, 12.3530158997, 12.689704895, 13.0380039215, 13.3746938705, 13.722992897, 14.0712919235, 14.4195919037, 14.7678909302, 15.1161899567, 15.4760990143, 15.8360090256, 16.1726989746, 16.5209980011, 16.8692970276, 17.2292060852, 17.5775051117, 17.9374141693, 18.2973232269, 18.6572322845, 19.0171432495, 19.3770523071, 19.7369613647, 20.0968704224, 20.45677948, 20.8050785065, 21.1649875641, 21.5248966217, 21.8731975555, 22.221496582, 22.5697956085, 22.918094635, 23.2663936615, 23.6030826569, 23.9397735596, 24.2880725861, 24.6363716125, 24.9730606079, 25.3097496033, 25.6464385986, 25.9947395325, 26.3314285278, 26.6797275543, 27.0164165497, 27.353105545, 27.7014045715, 28.0497055054, 28.3980045319, 28.7346935272, 29.0713825226, 29.4080715179, 29.7447605133, 30.081451416, 30.4181404114, 30.7664394379, 31.1147384644, 31.474647522, 31.8345565796, 32.1944656372, 32.5543746948, 32.9258956909, 33.2858047485, 33.6457138062, 34.0056228638, 34.3655319214, 34.725440979, 35.0853500366, 35.4452590942, 35.8051681519, 36.1766891479, 36.5249862671, 36.8732872009, 37.2331962585, 37.5931053162, 37.9646263123, 38.3477554321, 38.730884552, 39.1256217957, 39.520362854, 39.9151000977, 40.309841156, 40.7045783997, 41.099319458, 41.4708366394, 41.8423576355, 42.2254867554, 42.6086158752, 42.9917449951, 43.3632659912, 43.7463951111, 44.129524231, 44.5126533508, 44.8957824707, 45.2672996521, 45.6272087097, 45.9755096436, 46.3354187012, 46.6953277588, 47.0668487549, 47.4383659363, 47.8098869324, 48.1930160522, 48.5529251099, 48.9128341675, 49.2727432251, 49.6210403442, 49.9693412781, 50.3176422119, 50.6891593933, 51.0606803894, 51.4089775085, 51.7688865662, 52.1287956238, 52.4887046814, 52.8486175537, 53.1969146729, 53.5452156067, 53.8935127258, 54.2534217834, 54.6133308411, 54.9616317749, 55.3099327087, 55.6582298279, 56.0065307617, 56.3548278809, 56.7031288147, 57.0514259338, 57.3997268677, 57.7596359253, 58.1079368591, 58.4446258545, 58.7813148499, 59.129611969, 59.4663009644, 59.8029937744, 60.1396827698, 60.4879798889, 60.8130607605, 61.1497497559, 61.4864387512, 61.8231277466, 62.1598167419, 62.5081176758, 62.8448066711, 63.1814956665, 63.5181846619, 63.8548736572, 64.2031707764, 64.5514755249, 64.899772644, 65.2596817017, 65.6195907593, 65.9911117554, 66.3626327515, 66.7341461182, 67.1056671143, 67.4771881104, 67.837097168, 68.1970062256, 68.5336914063, 68.8703842163, 69.2186813354, 69.5785903931, 69.9384994507, 70.2984085083, 70.6583175659, 71.0182266235, 71.3549194336, 71.7032165527, 72.0515213013, 72.3998184204, 72.7481155396, 73.0964126587, 73.4447174072, 73.7930145264, 74.1297073364, 74.4663925171, 74.8030853271, 75.1397705078, 75.488067627, 75.824760437, 76.1614532471, 76.5097503662, 76.8580474854, 77.1947402954, 77.5314254761, 77.8797302246, 78.2164154053, 78.5531082153, 78.9014053345, 79.2380905151, 79.5747833252, 79.9114761353, 80.2481613159, 80.584854126, 80.9215393066, 81.2698364258, 81.6181411743, 81.9664382935, 82.3147354126, 82.6514282227, 82.9997253418, 83.3364181519, 83.6731033325, 84.0097961426, 84.3464813232, 84.6947860718, 85.0314712524, 85.3681640625, 85.7048492432, 86.0415420532, 86.3782272339, 86.7033081055, 87.0283889771, 87.3650741577, 87.7017669678, 88.0384597778, 88.3751449585, 88.7118377686, 89.0485229492, 89.3968200684, 89.7451248169, 90.1050338745, 90.4649429321, 90.8132400513, 91.1499328613, 91.486618042, 91.8116989136, 92.1367797852, 92.4618606567, 92.7869338989, 93.1120147705, 93.4370956421, 93.7970046997, 94.1569137573, 94.5168228149, 94.853515625, 95.1902008057, 95.5268936157, 95.8519744873, 96.188659668, 96.525352478, 96.8504257202, 97.1755065918, 97.5005874634, 97.8372802734, 98.1739654541, 98.5106582642, 98.8473434448, 99.1956481934, 99.5439453125, 99.8922424316, 100.240539551, 100.588844299, 100.937141418, 101.297050476, 101.656959534, 102.016868591, 102.376777649, 102.725074768, 103.073379517, 103.433288574, 103.793197632, 104.141494751, 104.48979187, 104.82648468, 105.163169861, 105.511474609, 105.859771729, 106.219680786, 106.579589844, 106.927886963, 107.276191711, 107.612876892, 107.97278595, 108.321083069, 108.669387817, 109.017684937, 109.365982056, 109.714286804, 110.062583923, 110.410881042, 110.747573853, 111.084259033, 111.420951843, 111.757637024, 112.105941772, 112.454238892, 112.802536011, 113.15083313, 113.499137878, 113.835823059, 114.172515869, 114.50920105, 114.84589386, 115.170974731, 115.496055603, 115.821128845, 116.169433594, 116.517730713, 116.877639771, 117.249160767, 117.609069824, 117.968978882, 118.328887939, 118.677185059, 119.025482178, 119.373786926, 119.722084045, 120.070381165, 120.430290222, 120.778594971, 121.138504028, 121.498413086, 121.858322144, 122.218231201, 122.578140259, 122.938049316, 123.297958374, 123.657867432, 124.017776489, 124.377685547, 124.737594604, 125.097503662, 125.45741272, 125.79410553, 126.13079071, 126.490699768, 126.850608826, 127.198905945, 127.558815002, 127.907119751, 128.25541687, 128.592102051, 128.94039917, 129.288711548, 129.637008667, 129.973693848, 130.310379028, 130.658676147, 131.006988525, 131.355285645, 131.703582764, 132.040267944, 132.376953125, 132.725265503, 133.073562622, 133.421859741, 133.77015686, 134.118453979, 134.466751099, 134.815048218, 135.163360596, 135.500045776, 135.836730957, 136.185028076, 136.533325195, 136.904846191, 137.276367188, 137.647888184, 138.007797241, 138.367706299, 138.727615356, 139.087524414, 139.447433472, 139.807342529, 140.155639648, 140.515548706, 140.875457764, 141.223754883, 141.560455322, 141.92036438, 142.280273438, 142.628570557, 142.988479614, 143.348388672, 143.708297729, 144.068206787, 144.439727783, 144.811248779, 145.182769775, 145.542678833, 145.902587891, 146.262496948, 146.634017944, 146.993927002, 147.35383606, 147.713745117, 148.085250854, 148.456771851, 148.816680908, 149.188201904, 149.548110962, 149.90802002, 150.267929077, 150.627838135, 150.987747192, 151.336044312, 151.695953369, 152.055877686, 152.415786743, 152.775695801, 153.135604858, 153.507110596, 153.89024353, 154.250152588, 154.610061646, 154.969970703, 155.318267822, 155.6665802, 156.014877319, 156.363174438, 156.711471558, 157.059768677, 157.419677734, 157.779586792, 158.127883911, 158.47618103, 158.824493408, 159.172790527, 159.521087646, 159.869384766, 160.217681885, 160.565979004, 160.914276123, 161.262588501, 161.61088562, 161.970794678, 162.330703735, 162.679000854, 163.027297974, 163.375595093, 163.723892212, 164.072189331, 164.420501709, 164.780410767, 165.140319824, 165.500228882, 165.860137939, 166.208435059, 166.579956055, 166.951477051, 167.322982788, 167.694503784, 168.054412842, 168.414321899, 168.762634277, 169.122543335, 169.482452393, 169.84236145, 170.213867188, 170.597000122, 170.95690918, 171.316818237, 171.665115356, 172.013427734, 172.361724854, 172.698410034, 173.035095215, 173.371795654, 173.708480835, 174.033554077, 174.370239258, 174.706939697, 175.043624878, 175.403533936, 175.763442993, 176.123352051, 176.47164917, 176.808334351, 177.14503479, 177.481719971, 177.818405151, 178.155105591, 178.50340271, 178.840087891, 179.18838501, 179.52507019, 179.86177063, 180.210067749, 180.558364868, 180.906661987, 181.243347168, 181.580047607, 181.928344727, 182.265029907, 182.601715088, 182.950012207, 183.286712646, 183.623397827, 183.960083008, 184.296783447, 184.621856689, 184.95854187, 185.29524231, 185.63192749, 185.968612671, 186.31690979, 186.665206909, 187.013504028, 187.361816406, 187.710113525, 188.058410645, 188.429931641, 188.789840698, 189.149749756, 189.509658813, 189.88117981, 190.229476929, 190.566162109, 190.90284729, 191.239547729, 191.564620972, 191.889694214, 192.214782715, 192.539855957, 192.864944458, 193.201629639, 193.538314819, 193.875015259, 194.211700439, 194.54838562, 194.885070801, 195.210159302, 195.546844482, 195.883529663, 196.220230103, 196.556915283, 196.893600464, 197.230285645, 197.555374146, 197.892059326, 198.228744507, 198.577041626, 198.913742065, 199.250427246, 199.587112427, 199.923812866, 200.272109985, 200.608795166, 200.945480347, 201.293777466, 201.642089844, 201.990386963, 202.338684082, 202.675369263, 203.012054443, 203.348754883, 203.697052002, 204.033737183, 204.382034302, 204.730331421, 205.07862854, 205.426940918, 205.775238037, 206.111923218, 206.448608398, 206.796905518, 207.145217896, 207.481903076, 207.818588257, 208.166885376, 208.503585815, 208.840270996, 209.188568115, 209.536865234, 209.885162354, 210.221862793, 210.558547974, 210.906845093, 211.243530273, 211.580215454, 211.928527832, 212.265213013, 212.601898193, 212.950195313, 213.286895752, 213.635192871, 213.971878052, 214.308563232, 214.645263672, 214.981948853, 215.318634033, 215.655319214, 215.992019653, 216.340316772, 216.688613892, 217.025299072, 217.361984253, 217.698684692, 218.035369873, 218.372055054, 218.708755493, 219.045440674, 219.382125854, 219.707214355, 220.043899536, 220.380584717, 220.717269897, 221.053970337, 221.390655518, 221.727340698, 222.064025879, 222.400726318, 222.725799561, 223.062484741, 223.399185181, 223.735870361, 224.072555542, 224.409240723, 224.745941162, 225.082626343, 225.430923462, 225.767608643, 226.104309082, 226.440994263, 226.789291382, 227.125976563, 227.462677002, 227.787750244, 228.112823486, 228.437911987, 228.774597168, 229.099685669, 229.43637085, 229.77305603, 230.109741211, 230.44644165, 230.783126831, 231.119812012, 231.456497192, 231.793197632, 232.129882813, 232.466567993, 232.803268433, 233.128341675, 233.465026855, 233.801712036, 234.150024414, 234.486709595, 234.823394775, 235.148483276, 235.473556519, 235.798629761, 236.123718262, 236.460403442, 236.797088623, 237.133789063, 237.470474243, 237.807159424, 238.143844604, 238.480545044, 238.817230225, 239.153915405, 239.479003906, 239.815689087, 240.140762329, 240.46585083, 240.790924072, 241.127609253, 241.452697754, 241.789382935, 242.114456177, 242.462768555, 242.799453735, 243.136138916, 243.484436035, 243.855957031, 244.215866089, 244.575775146, 244.935684204, 245.272369385, 245.597457886, 245.945755005, 246.294052124, 246.653961182, 247.013870239, 247.385391235, 247.756912231, 248.116821289, 248.45350647, 248.790206909, 249.12689209, 249.475189209, 249.823486328, 250.183395386, 250.543304443, 250.903213501, 251.239898682, 251.576599121, 251.913284302, 252.261581421, 252.60987854, 252.958175659, 253.306488037, 253.654785156, 254.003082275, 254.362991333, 254.722900391, 255.07119751, 255.419494629, 255.75617981, 256.104492188, 256.441162109, 256.789459229, 257.137786865, 257.486083984, 257.822753906, 258.159454346, 258.496154785, 258.832824707, 259.169525146, 259.506195068, 259.831298828, 260.179595947, 260.527893066, 260.887786865, 261.247711182, 261.60760498, 261.979125977, 262.339050293, 262.698944092, 263.047241211, 263.407165527, 263.767059326, 264.126983643, 264.486877441, 264.846801758, 265.195098877, 265.543395996, 265.903320313, 266.263214111, 266.623138428, 266.983032227, 267.342956543, 267.702850342, 268.051147461, 268.39944458, 268.747741699, 269.096038818, 269.455963135, 269.792633057, 270.140960693, 270.489257813, 270.849151611, 271.209075928, 271.557373047, 271.905670166, 272.253967285, 272.602264404, 272.950561523, 273.298858643, 273.647155762, 273.995452881, 274.34375, 274.692047119, 275.040344238, 275.388671875, 275.748565674, 276.096862793, 276.445159912, 276.805084229, 277.153381348, 277.501678467, 277.849975586, 278.198272705, 278.546569824, 278.894866943, 279.243164063, 279.591461182, 279.939758301, 280.28805542, 280.624755859, 280.973052979, 281.321350098, 281.658050537, 282.006347656, 282.354644775, 282.702941895, 283.051239014, 283.399536133, 283.747833252, 284.096130371, 284.432830811, 284.76953125, 285.117828369, 285.477722168, 285.826019287, 286.185943604, 286.545837402, 286.917358398, 287.277282715, 287.625579834, 287.973876953, 288.310546875, 288.658874512, 289.018768311, 289.378692627, 289.738586426, 290.098510742, 290.446807861, 290.79510498, 291.154998779, 291.503295898, 291.851593018, 292.188293457, 292.524993896, 292.873291016, 293.221588135, 293.581481934, 293.94140625, 294.301300049, 294.661224365, 295.009521484, 295.357818604, 295.706115723, 296.054412842, 296.402709961, 296.75100708, 297.08770752, 297.436004639, 297.784301758, 298.121002197, 298.457672119, 298.794372559, 299.142669678, 299.479370117, 299.816040039, 300.152740479, 300.489440918, 300.837738037, 301.186035156, 301.534332275, 301.882629395, 302.219299316, 302.544403076, 302.881072998, 303.229370117, 303.577667236, 303.914367676, 304.251068115, 304.576141357, 304.9012146, 305.226287842, 305.574584961, 305.92288208, 306.271209717, 306.619506836, 306.967803955, 307.327697754, 307.69921875, 308.082366943, 308.465484619, 308.837005615, 309.173675537, 309.522003174, 309.870300293, 310.218597412, 310.566894531, 310.938415527, 311.309936523, 311.669830322, 312.029754639, 312.378051758, 312.726348877, 313.074645996, 313.434539795, 313.782836914, 314.14276123, 314.502655029, 314.862579346, 315.210876465, 315.559173584, 315.907470703, 316.255767822, 316.592468262, 316.929168701, 317.27746582, 317.625762939, 317.985656738, 318.357177734, 318.72869873, 319.111816406, 319.471740723, 319.831634521, 320.179962158, 320.528259277, 320.876556396, 321.224853516, 321.561523438, 321.898223877, 322.246520996, 322.594818115, 322.943115234, 323.291412354, 323.639709473, 323.988006592, 324.336334229, 324.684631348, 325.032928467, 325.381225586, 325.729522705, 326.066192627, 326.402893066, 326.751190186, 327.099487305, 327.447784424, 327.796081543, 328.144378662, 328.492706299, 328.841003418, 329.189300537, 329.537597656, 329.862670898, 330.199371338, 330.52444458, 330.849517822, 331.186218262, 331.511291504, 331.836364746, 332.161437988, 332.48651123, 332.81161499, 333.125061035, 333.438537598, 333.76361084, 334.0887146, 334.425384521, 334.762084961, 335.087158203, 335.412231445, 335.760528564, 336.108825684, 336.457122803, 336.793823242, 337.130523682, 337.467193604, 337.803894043, 338.140594482, 338.477264404, 338.802337646, 339.139038086, 339.487335205, 339.847259521, 340.183929443, 340.532226563, 340.868927002, 341.217224121, 341.56552124, 341.913818359, 342.262115479, 342.610412598, 342.970336914, 343.330230713, 343.678527832, 344.050048828, 344.409973145, 344.769866943, 345.12979126, 345.489685059, 345.849609375, 346.197906494, 346.546203613, 346.90612793, 347.277648926, 347.649139404, 348.0206604, 348.392181396, 348.740478516, 349.088806152, 349.437103271, 349.785400391, 350.13369751, 350.481994629, 350.841888428, 351.201812744, 351.550109863, 351.898406982, 352.235107422, 352.583404541, 352.93170166, 353.268371582, 353.616668701, 353.964996338, 354.313293457, 354.649963379, 354.986663818, 355.323364258, 355.66003418, 355.985107422, 356.321807861, 356.646881104, 356.983581543, 357.331878662, 357.680175781, 358.016876221, 358.353546143, 358.701843262, 359.050140381, 359.3984375, 359.758361816, 360.118255615, 360.489776611, 360.861297607, 361.209594727, 361.546295166, 361.882995605, 362.219665527, 362.556365967, 362.881439209, 363.206512451, 363.531616211, 363.868286133, 364.204986572, 364.541656494, 364.866760254, 365.203430176, 365.540130615, 365.876831055, 366.225128174, 366.573425293, 366.910095215, 367.270019531, 367.61831665, 367.978210449, 368.338134766, 368.698028564, 369.057952881, 369.41784668, 369.766174316, 370.102844238, 370.439544678, 370.7762146, 371.124542236, 371.472839355, 371.821136475, 372.181030273, 372.54095459, 372.889251709, 373.225921631, 373.56262207, 373.910919189, 374.247619629, 374.584289551, 374.92098999, 375.269287109, 375.605987549, 375.954284668, 376.302581787, 376.650878906, 376.999176025, 377.347473145, 377.695770264, 378.032470703, 378.369140625, 378.705841064, 379.042541504, 379.390838623, 379.727508545, 380.064208984, 380.400909424, 380.737579346, 381.074279785, 381.410980225, 381.759277344, 382.107574463, 382.455871582, 382.804168701, 383.15246582, 383.48916626, 383.825836182, 384.174133301, 384.52243042, 384.870727539, 385.219055176, 385.567352295, 385.904022217, 386.240722656, 386.565795898, 386.902496338, 387.23916626, 387.575866699, 387.935760498, 388.307281494, 388.67880249, 389.050323486, 389.398620605, 389.746917725, 390.095245361, 390.44354248, 390.7918396, 391.128509521, 391.465209961, 391.81350708, 392.15020752, 392.486877441, 392.823577881, 393.16027832, 393.485351563, 393.822021484, 394.158721924, 394.483795166, 394.808868408, 395.133972168, 395.482269287, 395.830566406, 396.178863525, 396.538757324, 396.898681641, 397.270202637, 397.641723633, 397.990020752, 398.338317871, 398.68661499, 399.034912109, 399.371612549, 399.719909668, 400.05657959, 400.404876709, 400.741577148, 401.089874268, 401.426574707, 401.763244629, 402.099945068, 402.436645508, 402.77331543, 403.121612549, 403.458312988, 403.795013428, 404.12008667, 404.445159912, 404.781860352, 405.118530273, 405.443634033, 405.780303955, 406.117004395, 406.465301514, 406.813598633, 407.150299072, 407.486968994, 407.823669434, 408.160369873, 408.485443115, 408.810516357, 409.1355896, 409.460662842, 409.797363281, 410.134063721, 410.459136963, 410.784210205, 411.120910645, 411.469207764, 411.805877686, 412.130981445, 412.467651367, 412.804351807, 413.141021729, 413.466125488, 413.80279541, 414.13949585, 414.487792969, 414.847717285, 415.207611084, 415.555908203, 415.91583252, 416.287353516, 416.647247314, 417.007171631, 417.36706543, 417.726989746, 418.086883545, 418.446807861, 418.818328857, 419.178222656, 419.526519775, 419.886444092, 420.246337891, 420.59463501, 420.954559326, 421.302856445, 421.651153564, 421.987823486, 422.336151123, 422.696044922, 423.055969238, 423.415863037, 423.764160156, 424.112457275, 424.460754395, 424.809051514, 425.157348633, 425.50567627, 425.853973389, 426.202270508, 426.550567627, 426.910461426, 427.258758545, 427.607055664, 427.943756104, 428.280456543, 428.617126465, 428.953826904, 429.278900146, 429.615600586, 429.952270508, 430.277374268, 430.60244751, 430.939117432, 431.264221191, 431.612518311, 431.937591553, 432.262664795, 432.610961914, 432.959259033, 433.330780029, 433.690704346, 434.062225342, 434.422119141, 434.793640137, 435.165161133, 435.525085449, 435.884979248, 436.244903564, 436.604797363, 436.96472168, 437.324615479, 437.696136475, 438.056060791, 438.40435791, 438.764251709, 439.112548828, 439.460845947, 439.809143066, 440.157440186, 440.505737305, 440.854064941, 441.190734863, 441.527435303, 441.875732422, 442.224029541, 442.57232666, 442.920623779, 443.268920898, 443.617218018, 443.965515137, 444.313812256, 444.662109375, 445.010437012, 445.358734131, 445.70703125, 446.055328369, 446.403625488, 446.751922607, 447.100219727, 447.460113525, 447.820037842, 448.168334961, 448.51663208, 448.888153076, 449.259674072, 449.631195068, 450.002716064, 450.374237061, 450.72253418, 451.070831299, 451.419128418, 451.779052734, 452.138946533, 452.487243652, 452.835540771, 453.207061768, 453.578582764, 453.95010376, 454.321624756, 454.704742432, 455.064666748, 455.424560547, 455.784484863, 456.132781982, 456.481079102, 456.829376221, 457.17767334, 457.537597656, 457.909118652, 458.269012451, 458.640533447, 459.023651123, 459.418395996, 459.813140869, 460.207885742, 460.602630615, 461.008972168, 461.403717041, 461.786834717, 462.158355713, 462.518280029, 462.889801025, 463.261291504, 463.6328125, 464.015960693, 464.410705566, 464.805419922, 465.246612549, 465.687805176, 466.128967285, 466.628204346, 467.127441406, 467.626647949, 468.12588501, 468.62512207, 469.124359131, 469.623565674, 470.122802734, 470.622039795, 471.167694092, 471.713378906, 472.259033203, 472.816314697, 473.373596191, 473.930877686, 474.48815918, 475.045440674, 475.602722168, 476.148376465, 476.705657959, 477.262939453, 477.820220947, 478.377502441, 478.934783936], "beats_loudness": {"dmean2": 0.0197973195463, "median": 0.00675015151501, "min": 1.92887785744e-08, "dvar2": 0.00129255314823, "dvar": 0.000466439902084, "dmean": 0.0116516184062, "max": 0.227817460895, "var": 0.000732756918296, "mean": 0.0177110545337}, "danceability": 0.89426869154, "bpm_histogram_second_peak_weight": {"dmean2": 0, "median": 0.278471708298, "min": 0.278471708298, "dvar2": 0, "dvar": 0, "dmean": 0, "max": 0.278471708298, "var": 0, "mean": 0.278471708298}, "beats_count": 1362, "bpm_histogram_second_peak_bpm": {"dmean2": 0, "median": 178, "min": 178, "dvar2": 0, "dvar": 0, "dmean": 0, "max": 178, "var": 0, "mean": 178}, "bpm_histogram_first_peak_spread": {"dmean2": 0, "median": 0, "min": 0, "dvar2": 0, "dvar": 0, "dmean": 0, "max": 0, "var": 0, "mean": 0}, "beats_loudness_band_ratio": {"dmean2": [0.175975099206, 0.296981394291, 0.382720768452, 0.186830297112, 0.0670007914305, 0.0306541211903], "median": [0.0447806641459, 0.189394176006, 0.488601088524, 0.0942610502243, 0.0314147509634, 0.0151909561828], "min": [2.65514554485e-05, 6.42244704068e-05, 0.00469243712723, 0.00407047197223, 0.00207362510264, 0.000408007268561], "dvar2": [0.0451124459505, 0.0710799992085, 0.0852591767907, 0.0417425222695, 0.00777729600668, 0.00184178864583], "dvar": [0.016908377409, 0.0239587184042, 0.0295746475458, 0.015286761336, 0.00280159316026, 0.000637524877675], "dmean": [0.101835764945, 0.168313890696, 0.223042532802, 0.106919638813, 0.0387688986957, 0.0175541918725], "max": [0.938715457916, 0.904039919376, 0.975183367729, 0.91141974926, 0.529117584229, 0.285569816828], "var": [0.0260680727661, 0.0355436615646, 0.0598843432963, 0.0190550740808, 0.00369347911328, 0.000765326898545], "mean": [0.113889463246, 0.226797729731, 0.493409991264, 0.139220222831, 0.0519893318415, 0.0235792398453]}}, "lowlevel": {"barkbands_spread": {"dmean2": 4.12618303299, "median": 9.70737552643, "min": 0.990797996521, "dvar2": 38.6602478027, "dvar": 14.4065465927, "dmean": 2.6799185276, "max": 96.0925292969, "var": 58.6424789429, "mean": 11.2663669586}, "melbands_spread": {"dmean2": 4.53182172775, "median": 11.0905008316, "min": 1.12290525436, "dvar2": 32.0132026672, "dvar": 14.4093151093, "dmean": 2.99127960205, "max": 159.990661621, "var": 63.0883979797, "mean": 12.8245038986}, "hfc": {"dmean2": 2.57292485237, "median": 3.41090703011, "min": 1.13901327746e-16, "dvar2": 31.1664409637, "dvar": 19.3092479706, "dmean": 2.03168821335, "max": 171.639923096, "var": 178.963577271, "mean": 8.3741350174}, "barkbands_kurtosis": {"dmean2": 4.69298696518, "median": 5.40309381485, "min": -1.6747906208, "dvar2": 47.4096946716, "dvar": 22.5438575745, "dmean": 3.10252523422, "max": 111.202606201, "var": 114.633125305, "mean": 8.57856082916}, "gfcc": {"mean": [-105.113304138, 81.6876907349, -127.754997253, -10.4814882278, -76.9565505981, -7.85388755798, -43.4848937988, 11.8247861862, -20.2176742554, -0.198171764612, -16.9416980743, 1.51962339878, -17.7622890472], "icov": [[0.000115086739243, -0.000259349733824, 0.000138678849908, 4.16635339207e-06, 0.000231092242757, -8.44761161716e-05, 0.000371203554096, -0.000472761457786, 0.000359430036042, -0.000118186471809, 0.000333223171765, -0.000274627120234, 0.000307321752189], [-0.000259349733824, 0.00201950641349, -0.000544216891285, 2.52485042438e-05, -0.00174723984674, 0.00122198939789, -0.000889638846274, 0.00214143912308, -0.00140343559906, 0.00109235721175, -0.00172867486253, 0.00270950607955, -0.00229153921828], [0.000138678849908, -0.000544216891285, 0.00204450264573, -0.0011532449862, 0.00101991859265, -0.00185787421651, 0.00157861330081, -0.00084842054639, 0.000546298513655, -0.00036352861207, 0.00118004053365, -0.00135285500437, 0.00156189582776], [4.16635339207e-06, 2.52485042438e-05, -0.0011532449862, 0.00727659044787, -0.00444164918736, 0.000255371036474, -0.000151815504069, -0.00067889521597, 0.00146809197031, -0.000303636916215, 0.000546557013877, 0.00158267247025, -0.000688282656483], [0.000231092242757, -0.00174723984674, 0.00101991859265, -0.00444164918736, 0.00904999300838, -0.00342698465101, -0.00132261717226, 0.000587891670875, 0.000482152419863, -0.00231888052076, 0.00129173125606, -0.00105061044451, -0.000387512816815], [-8.44761161716e-05, 0.00122198939789, -0.00185787421651, 0.000255371036474, -0.00342698465101, 0.0121496785432, -0.00547483284026, -0.00023640388099, 0.000508355908096, 0.000578713952564, 0.00138997903559, -0.00122778583318, 0.00132434500847], [0.000371203554096, -0.000889638846274, 0.00157861330081, -0.000151815504069, -0.00132261717226, -0.00547483284026, 0.0146393366158, -0.00708517339081, 0.00017175731773, 0.00242557469755, -0.00262242578901, 0.00185689190403, -0.00102279824205], [-0.000472761457786, 0.00214143912308, -0.00084842054639, -0.00067889521597, 0.000587891670875, -0.00023640388099, -0.00708517339081, 0.0176652483642, -0.00773039832711, 0.000330977461999, -0.000742314499803, 0.000566192378756, 0.00102313037496], [0.000359430036042, -0.00140343559906, 0.000546298513655, 0.00146809197031, 0.000482152419863, 0.000508355908096, 0.00017175731773, -0.00773039832711, 0.0175637900829, -0.0071972636506, 0.000142851975397, 0.000856235972606, 0.000923622166738], [-0.000118186471809, 0.00109235721175, -0.00036352861207, -0.000303636916215, -0.00231888052076, 0.000578713952564, 0.00242557469755, 0.000330977461999, -0.0071972636506, 0.0158621799201, -0.00702471705154, 0.00037671730388, -0.00175812211819], [0.000333223171765, -0.00172867486253, 0.00118004053365, 0.000546557013877, 0.00129173125606, 0.00138997903559, -0.00262242578901, -0.000742314499803, 0.000142851975397, -0.00702471705154, 0.0176985897124, -0.00795491877943, 0.00395396025851], [-0.000274627120234, 0.00270950607955, -0.00135285500437, 0.00158267247025, -0.00105061044451, -0.00122778583318, 0.00185689190403, 0.000566192378756, 0.000856235972606, 0.00037671730388, -0.00795491877943, 0.0198565777391, -0.0110174147412], [0.000307321752189, -0.00229153921828, 0.00156189582776, -0.000688282656483, -0.000387512816815, 0.00132434500847, -0.00102279824205, 0.00102313037496, 0.000923622166738, -0.00175812211819, 0.00395396025851, -0.0110174147412, 0.0151232043281]], "cov": [[15449.8710938, 1287.75952148, -473.358581543, -320.054962158, -492.568328857, -401.771972656, -489.793792725, -59.2291984558, -231.423858643, -190.418579102, -231.274276733, -121.97833252, -127.466499329], [1287.75952148, 1496.52160645, -110.486816406, 212.83782959, 345.937530518, -87.2436981201, 23.6970062256, -157.68157959, -8.44109630585, -13.0960645676, 15.9852209091, -88.2703552246, 180.970962524], [-473.358581543, -110.486816406, 845.981140137, 147.836212158, 15.9569272995, 147.120605469, -29.4311752319, 22.3084316254, -40.8294410706, -36.5199928284, -78.9206466675, -16.4581947327, -96.8477020264], [-320.054962158, 212.83782959, 147.836212158, 311.44430542, 225.289459229, 78.8544006348, 54.3149147034, -11.7116222382, -23.2356395721, -6.17004823685, -30.6009159088, -33.1270637512, 25.562330246], [-492.568328857, 345.937530518, 15.9569272995, 225.289459229, 354.24319458, 90.1883850098, 92.2177581787, -23.1035041809, 0.428492695093, 20.5618019104, 0.133979618549, -15.4416255951, 71.0917663574], [-401.771972656, -87.2436981201, 147.120605469, 78.8544006348, 90.1883850098, 177.906951904, 82.0081329346, 41.9586906433, -3.15497899055, -12.7900466919, -21.7186870575, -6.71399831772, -27.7284507751], [-489.793792725, 23.6970062256, -29.4311752319, 54.3149147034, 92.2177581787, 82.0081329346, 158.769104004, 60.3555831909, 29.6527462006, 2.0709733963, 17.6497325897, -15.1857566833, 3.64366889], [-59.2291984558, -157.68157959, 22.3084316254, -11.7116222382, -23.1035041809, 41.9586906433, 60.3555831909, 126.514328003, 53.3940086365, 18.1164627075, 10.4062738419, -7.33666276932, -43.4899368286], [-231.423858643, -8.44109630585, -40.8294410706, -23.2356395721, 0.428492695093, -3.15497899055, 29.6527462006, 53.3940086365, 111.394775391, 58.0686912537, 36.3701667786, -1.95681679249, -5.72358131409], [-190.418579102, -13.0960645676, -36.5199928284, -6.17004823685, 20.5618019104, -12.7900466919, 2.0709733963, 18.1164627075, 58.0686912537, 118.855003357, 59.92786026, 27.3468971252, 20.4626083374], [-231.274276733, 15.9852209091, -78.9206466675, -30.6009159088, 0.133979618549, -21.7186870575, 17.6497325897, 10.4062738419, 36.3701667786, 59.92786026, 111.037376404, 43.191822052, 23.4555625916], [-121.97833252, -88.2703552246, -16.4581947327, -33.1270637512, -15.4416255951, -6.71399831772, -15.1857566833, -7.33666276932, -1.95681679249, 27.3468971252, 43.191822052, 115.715637207, 65.2635498047], [-127.466499329, 180.970962524, -96.8477020264, 25.562330246, 71.0917663574, -27.7284507751, 3.64366889, -43.4899368286, -5.72358131409, 20.4626083374, 23.4555625916, 65.2635498047, 158.880645752]]}, "spectral_energyband_middle_low": {"dmean2": 0.00361013435759, "median": 0.00373219139874, "min": 2.05991310187e-22, "dvar2": 5.39493157703e-05, "dvar": 3.46376618836e-05, "dmean": 0.00276914564893, "max": 0.251143097878, "var": 0.000323694606777, "mean": 0.00998809374869}, "melbands_crest": {"dmean2": 4.0176692009, "median": 13.5026273727, "min": 1.77681076527, "dvar2": 15.015291214, "dvar": 6.38867235184, "dmean": 2.56866049767, "max": 33.4573631287, "var": 27.3913707733, "mean": 14.3543376923}, "spectral_kurtosis": {"dmean2": 3.34264135361, "median": 7.02802324295, "min": -1.24748682976, "dvar2": 15.8515481949, "dvar": 5.49750995636, "dmean": 1.97217714787, "max": 51.0407600403, "var": 15.0254659653, "mean": 7.91726875305}, "spectral_rms": {"dmean2": 0.000489375204779, "median": 0.00218263361603, "min": 3.22218749078e-12, "dvar2": 3.613602928e-07, "dvar": 2.40624359549e-07, "dmean": 0.000378431694116, "max": 0.0165000054985, "var": 4.97752944284e-06, "mean": 0.00284361117519}, "zerocrossingrate": {"dmean2": 0.00812850054353, "median": 0.044921875, "min": 0.00634765625, "dvar2": 9.59452372626e-05, "dvar": 6.37905613985e-05, "dmean": 0.00654047215357, "max": 0.71142578125, "var": 0.000492608756758, "mean": 0.0489523522556}, "silence_rate_60dB": {"dmean2": 0.120854109526, "median": 0, "min": 0, "dvar2": 0.117891691625, "dvar": 0.0567812770605, "dmean": 0.06042413041, "max": 1, "var": 0.236496821046, "mean": 0.383829593658}, "erbbands_kurtosis": {"dmean2": 2.48238515854, "median": 1.89962232113, "min": -1.65853726864, "dvar2": 12.3556203842, "dvar": 6.11747217178, "dmean": 1.66927170753, "max": 68.1943664551, "var": 31.8879241943, "mean": 3.61444687843}, "erbbands": {"dmean2": [0.00172130856663, 0.0489539094269, 0.289186269045, 0.695433199406, 1.58613085747, 1.87409257889, 3.99262261391, 12.5914392471, 17.6363124847, 30.8655948639, 21.6415710449, 10.6316957474, 13.6046276093, 13.7641458511, 14.3251962662, 7.01657581329, 4.65645027161, 5.61719083786, 4.20029830933, 8.43063640594, 11.511973381, 6.03526306152, 3.73671889305, 3.22545790672, 2.57902407646, 1.25490474701, 