{"tonal": {"thpcp": [1, 0.678483843803, 0.718652248383, 0.715460777283, 0.454673200846, 0.327753394842, 0.302756309509, 0.36962929368, 0.657732009888, 0.699437916279, 0.448819339275, 0.432656854391, 0.419755011797, 0.342143446207, 0.495728284121, 0.462188065052, 0.201791018248, 0.236581221223, 0.286592662334, 0.22097812593, 0.24694955349, 0.235139131546, 0.491456985474, 0.878687441349, 0.627967953682, 0.277722686529, 0.335823327303, 0.356989979744, 0.276509016752, 0.290699243546, 0.281968683004, 0.223710522056, 0.277160704136, 0.343640744686, 0.475225776434, 0.907662332058], "hpcp": {"dmean2": [0.271348983049, 0.27398583293, 0.323259145021, 0.290052592754, 0.245425716043, 0.209111273289, 0.193732216954, 0.169886156917, 0.19725625217, 0.207911640406, 0.187513366342, 0.196954980493, 0.156859368086, 0.131858676672, 0.128795787692, 0.135569810867, 0.112357363105, 0.0624143593013, 0.0603633075953, 0.0683190003037, 0.0733056440949, 0.0803906843066, 0.0793831422925, 0.146022349596, 0.208987191319, 0.155793860555, 0.0950689464808, 0.10209801048, 0.0935713127255, 0.0835980474949, 0.10241497308, 0.108741790056, 0.10544552654, 0.135106638074, 0.173630282283, 0.216149225831], "median": [0.0494240149856, 0.0570904053748, 0.0419702902436, 0.0414995700121, 0.0427385829389, 0.0225644502789, 0.0103642307222, 0.0105418656021, 0.014336838387, 0.0249642394483, 0.0288747139275, 0.0225554034114, 0.0206435322762, 0.022591823712, 0.0196045897901, 0.0342580899596, 0.0297100953758, 0.0108204334974, 0.00685882987455, 0.00936962291598, 0.011809155345, 0.016149174422, 0.0144598372281, 0.0206867754459, 0.034661218524, 0.0387121662498, 0.0162579230964, 0.0159914400429, 0.0177864264697, 0.0126701965928, 0.0139594133943, 0.0127827450633, 0.00824427418411, 0.00919625163078, 0.0117665333673, 0.021805498749], "min": [0, 0, 0, 0, 0, 0, 0, 0, 0, 0, 0, 0, 0, 0, 0, 0, 0, 0, 0, 0, 0, 0, 0, 0, 0, 0, 0, 0, 0, 0, 0, 0, 0, 0, 0, 0], "dvar2": [0.162152960896, 0.163482412696, 0.225462824106, 0.176957577467, 0.143073827028, 0.124889269471, 0.151296600699, 0.115068428218, 0.135876566172, 0.125163331628, 0.104881681502, 0.128710612655, 0.0863296240568, 0.0682329311967, 0.0807492658496, 0.0650988891721, 0.0495456941426, 0.0234982073307, 0.0208975374699, 0.0238198749721, 0.0265347883105, 0.0268481634557, 0.0276570413262, 0.065277993679, 0.140141665936, 0.062944188714, 0.0395849011838, 0.0418649986386, 0.031156796962, 0.0284991506487, 0.05136417225, 0.0658567845821, 0.0634818822145, 0.0888173058629, 0.124964214861, 0.127795144916], "dvar": [0.0595960877836, 0.061272136867, 0.0758852437139, 0.063221603632, 0.0532961189747, 0.0449081510305, 0.052451774478, 0.0405032671988, 0.0477169938385, 0.045586887747, 0.0372618213296, 0.0451894327998, 0.0324910879135, 0.0265331529081, 0.0275724679232, 0.0246804989874, 0.0194888301194, 0.00851645320654, 0.00807888433337, 0.0091195050627, 0.00932681187987, 0.0102835921571, 0.0101550118998, 0.0236222483218, 0.0567090846598, 0.024167669937, 0.0139071885496, 0.0155116682872, 0.0121454745531, 0.0105538731441, 0.0182725079358, 0.0239887032658, 0.0227258838713, 0.03155291453, 0.0448796488345, 0.0460131689906], "dmean": [0.155132263899, 0.154404088855, 0.177079737186, 0.162943556905, 0.139289453626, 0.116452537477, 0.105457335711, 0.0928683206439, 0.109083563089, 0.117517307401, 0.10619815439, 0.110970616341, 0.0910784900188, 0.0785145387053, 0.0746265947819, 0.0797628983855, 0.0677361264825, 0.0365509614348, 0.03551197052, 0.0403583832085, 0.0423061549664, 0.0472518317401, 0.0458657853305, 0.0797307118773, 0.112710885704, 0.0885434001684, 0.0554286427796, 0.0596671849489, 0.0577748045325, 0.0496334582567, 0.0587389208376, 0.0609301514924, 0.0586831308901, 0.0744004696608, 0.0951851978898, 0.121003001928], "max": [1, 1, 1, 1, 1, 1, 1, 1, 1, 1, 1, 1, 1, 1, 1, 1, 1, 1, 1, 1, 1, 1, 1, 1, 1, 1, 1, 1, 1, 1, 1, 1, 1, 1, 1, 1], "var": [0.115371420979, 0.130540624261, 0.0765863955021, 0.0822886005044, 0.0851776227355, 0.0469190590084, 0.0406005941331, 0.0337375551462, 0.0410691313446, 0.0820608437061, 0.0893581658602, 0.0458806455135, 0.0497851930559, 0.0485943295062, 0.0332298800349, 0.0489743314683, 0.0467424504459, 0.0114117776975, 0.0249842386693, 0.0367252230644, 0.0159433223307, 0.0197338368744, 0.0182343069464, 0.0424560345709, 0.130569979548, 0.0540252327919, 0.0235310196877, 0.0346162840724, 0.0349860936403, 0.0240861922503, 0.0301621370018, 0.0300561524928, 0.0224197302014, 0.0303095597774, 0.0406875982881, 0.0507871359587], "mean": [0.239999309182, 0.26441475749, 0.179401144385, 0.190022259951, 0.189178392291, 0.120222307742, 0.0866628363729, 0.0800532326102, 0.0977354422212, 0.173914045095, 0.184941709042, 0.118674457073, 0.114400856197, 0.110989421606, 0.0904677733779, 0.131077870727, 0.122209347785, 0.0533565245569, 0.0625555664301, 0.0757793262601, 0.0584298782051, 0.0652971044183, 0.062174256891, 0.129948481917, 0.232337921858, 0.166043996811, 0.0734339803457, 0.0887966454029, 0.0943934172392, 0.0731130614877, 0.0768651664257, 0.0745566785336, 0.0591523647308, 0.0732853785157, 0.0908636823297, 0.125656709075]}, "tuning_equal_tempered_deviation": 0.19577139616, "chords_changes_rate": 0.0724907070398, "key_key": "A#", "tuning_diatonic_strength": 0.44894528389, "key_scale": "major", "chords_number_rate": 0.00371747207828, "tuning_frequency": 434.193115234, "tuning_nontempered_energy_ratio": 0.943346858025, "chords_histogram": [14.4715881348, 30.2442913055, 11.3382902145, 0.902814686298, 0.743494451046, 0, 0.451407343149, 0.132766857743, 8.60329246521, 2.46946358681, 2.1508231163, 0, 0, 0.0531067438424, 0.292087107897, 2.57567715645, 2.65533733368, 7.0366435051, 0.398300588131, 2.97397780418, 1.75252258778, 5.84174203873, 2.28359007835, 2.62878394127], "key_strength": 0.691415190697, "chords_key": "D", "chords_strength": {"dmean2": 0.00824322830886, "median": 0.483786642551, "min": 0.202770441771, "dvar2": 5.47190065845e-05, "dvar": 5.52728270122e-05, "dmean": 0.00970175210387, "max": 0.810502648354, "var": 0.0138579355553, "mean": 0.481312096119}, "chords_scale": "minor", "hpcp_entropy": {"dmean2": 0.899660944939, "median": 2.09154105186, "min": 0, "dvar2": 0.579221665859, "dvar": 0.218187153339, "dmean": 0.53134894371, "max": 4.80972623825, "var": 0.528047978878, "mean": 2.07735681534}}, "metadata": {"audio_properties": {"equal_loudness": 0, "codec": "mp3", "downmix": "mix", "sample_rate": 44100, "analysis_sample_rate": 44100, "bit_rate": 182345, "md5_encoded": "0cd5c786ee93447836c40dffc412ed73", "length": 174.837554932, "replay_gain": -10.4081802368, "lossless": false}, "version": {"essentia_build_sha": "c0e182ba78c2de26e491b7b7a4a2c98c1ed34208", "essentia": "2.1-beta2", "extractor": "music 1.0", "essentia_git_sha": "v2.1_beta2-2-gbb40004"}, "tags": {"title": ["Woozy"], "barcode": ["600116819024"], "media": ["CD"], "albumartist": ["\u03bc-Ziq"], "musicbrainz_recordingid": ["14cd833b-9a74-443d-ba38-5b92a20cbd6a"], "musicbrainz_albumartistid": ["aae5b930-c59c-4509-81a1-4e65e8f424e4"], "discnumber": ["1/1"], "album": ["Duntisbourne Abbots Soulmate Devastation Technique"], "catalognumber": ["ZIQ190CD"], "musicbrainz album release country": ["GB"], "musicbrainz album type": ["album"], "musicbrainz album status": ["official"], "originaldate": ["2007"], "date": ["2007"], "file_name": "04 - Woozy.mp3", "musicbrainz_releasegroupid": ["40c4ee2d-b4f6-3356-99ee-304c23dc939f"], "script": ["Latn"], "asin": ["B000S9KSJG"], "musicbrainz_albumid": ["deb73bd9-17ba-4895-96ee-97ae41083d25"], "artist": ["\u03bc-Ziq"], "artistsort": ["Mu-Ziq"], "tracknumber": ["4/17"], "label": ["Planet Mu"], "albumartistsort": ["Mu-Ziq"], "musicbrainz_artistid": ["aae5b930-c59c-4509-81a1-4e65e8f424e4"]}}, "rhythm": {"bpm_histogram_first_peak_bpm": {"dmean2": 0, "median": 88, "min": 88, "dvar2": 0, "dvar": 0, "dmean": 0, "max": 88, "var": 0, "mean": 88}, "bpm": 87.9038009644, "bpm_histogram_second_peak_spread": {"dmean2": 0, "median": 0, "min": 0, "dvar2": 0, "dvar": 0, "dmean": 0, "max": 0, "var": 0, "mean": 0}, "bpm_histogram_first_peak_weight": {"dmean2": 0, "median": 0.877952814102, "min": 0.877952814102, "dvar2": 0, "dvar": 0, "dmean": 0, "max": 0.877952814102, "var": 0, "mean": 0.877952814102}, "onset_rate": 3.63152098656, "beats_position": [0.708208620548, 1.42802715302, 2.13623571396, 2.8444442749, 3.54104304314, 4.22603178024, 4.91102027893, 5.59600877762, 6.28099775314, 6.96598625183, 7.66258478165, 8.35918331146, 9.05578231812, 9.75238037109, 10.4373693466, 11.1223583221, 11.807346344, 12.4923353195, 13.177324295, 13.8623123169, 14.5473012924, 15.2322902679, 15.9056682587, 16.5790481567, 17.2640361786, 17.9490242004, 18.6340141296, 19.3190021515, 19.9923801422, 20.6657600403, 21.3507480621, 22.035736084, 22.7207260132, 23.405714035, 24.0907020569, 24.7756919861, 25.4606800079, 26.1456680298, 26.8190479279, 27.4924259186, 28.1890239716, 28.8624038696, 29.5473918915, 30.2323799133, 30.9057598114, 31.5907478333, 32.2757377625, 32.9491157532, 33.6341018677, 34.3190917969, 35.0040817261, 35.6890678406, 36.362449646, 37.0474357605, 37.7324256897, 38.4058036804, 39.0907936096, 39.7757797241, 40.4491615295, 41.134147644, 41.8191375732, 42.492515564, 43.1891136169, 43.8624954224, 44.5474815369, 45.2324714661, 45.9174575806, 46.6024475098, 47.287437439, 47.9492073059, 48.6341934204, 49.3191833496, 50.0041732788, 50.6891593933, 51.3741493225, 52.0475273132, 52.7325172424, 53.4058952332, 54.0908851624, 54.7758712769, 55.4608612061, 56.1458511353, 56.8308372498, 57.5042152405, 58.1892051697, 58.8625831604, 59.5475730896, 60.2325630188, 60.9175491333, 61.6025390625, 62.2875289917, 62.9492950439, 63.6458930969, 64.3192749023, 65.0158691406, 65.6892471313, 66.3742370605, 67.0476150513, 67.7326049805, 68.4175949097, 69.1025848389, 69.7759628296, 70.4609527588, 71.1343307495, 71.8193206787, 72.4926986694, 73.1892929077, 73.8742828369, 74.5592727661, 75.2442626953, 75.9292526245, 76.6026306152, 77.276008606, 77.9609985352, 78.6459884644, 79.3309707642, 80.0159606934, 80.6893386841, 81.3743286133, 82.047706604, 82.7326965332, 83.4060745239, 84.1026763916, 84.7876663208, 85.4726486206, 86.1460266113, 86.8310165405, 87.5160064697, 88.2126083374, 88.8743743896, 89.5593643188, 90.2327423096, 90.9177322388, 91.602722168, 92.2877044678, 92.9610900879, 93.6460723877, 94.3194503784, 95.0160522461, 95.6894302368, 96.374420166, 97.0594100952, 97.7327880859, 98.4061660767, 99.1027679443, 99.7761459351, 100.449523926, 101.134513855, 101.819496155, 102.492874146, 103.189476013, 103.862854004, 104.559455872, 105.232833862, 105.917823792, 106.591201782, 107.276191711, 107.961174011, 108.64616394, 109.319541931, 110.00453186, 110.68952179, 111.36289978, 112.047889709, 112.732879639, 113.406257629, 114.102851868, 114.776237488, 115.472831726, 116.157821655, 116.842811584, 117.516189575, 118.189567566, 118.862945557, 119.547935486, 120.232925415, 120.906303406, 121.591293335, 122.276275635, 122.961265564, 123.646255493, 124.319633484, 125.016235352, 125.689613342, 126.374603271, 127.059593201, 127.732971191, 128.417953491, 129.10295105, 129.776321411, 130.46131897, 131.14630127, 131.81968689, 132.493057251, 133.189651489, 133.874649048, 134.559631348, 135.233016968, 135.917999268, 136.591384888, 137.276367188, 137.949752808, 138.646347046, 139.331329346, 140.016326904, 140.689697266, 141.363082886, 142.048065186, 142.733062744, 143.406433105, 144.103042603, 144.788024902, 145.473007202, 146.146392822, 146.831375122, 147.504760742, 148.189743042, 148.863128662, 149.5597229, 150.244720459, 150.929702759, 151.603088379, 152.288070679, 152.96144104, 153.646438599, 154.31980896, 155.016418457, 155.689788818, 156.374786377, 157.059768677, 157.744766235, 158.418136597, 159.103118896, 159.776504517, 160.449890137, 161.134872437, 161.819854736, 162.504852295, 163.189834595, 163.863220215, 164.559814453, 165.233200073, 165.918182373, 166.591567993, 167.276550293, 167.961532593, 168.646530151, 169.319900513, 170.004898071, 170.689880371, 171.363265991, 172.048248291, 172.73324585, 173.418228149, 174.103210449], "beats_loudness": {"dmean2": 0.0720515623689, "median": 0.100251816213, "min": 5.90630918396e-07, "dvar2": 0.00485365232453, "dvar": 0.00178406748455, "dmean": 0.0425333082676, "max": 0.249655127525, "var": 0.00435028597713, "mean": 0.092030018568}, "danceability": 1.05009329319, "bpm_histogram_second_peak_weight": {"dmean2": 0, "median": 0.00393700785935, "min": 0.00393700785935, "dvar2": 0, "dvar": 0, "dmean": 0, "max": 0.00393700785935, "var": 0, "mean": 0.00393700785935}, "beats_count": 255, "bpm_histogram_second_peak_bpm": {"dmean2": 0, "median": 83, "min": 83, "dvar2": 0, "dvar": 0, "dmean": 0, "max": 83, "var": 0, "mean": 83}, "bpm_histogram_first_peak_spread": {"dmean2": 0, "median": 0.118577003479, "min": 0.118577003479, "dvar2": 0, "dvar": 0, "dmean": 0, "max": 0.118577003479, "var": 0, "mean": 0.118577003479}, "beats_loudness_band_ratio": {"dmean2": [0.325617462397, 0.116820685565, 0.133732795715, 0.0890557691455, 0.0434597432613, 0.233931288123], "median": [0.727245807648, 0.0491667129099, 0.0616064853966, 0.0515188872814, 0.0169033128768, 0.0217921361327], "min": [3.10372124659e-05, 0.00300065334886, 0.00620507262647, 0.00709406100214, 0.000246449460974, 6.69347400617e-06], "dvar2": [0.0659727081656, 0.0213135350496, 0.0292260795832, 0.011187652126, 0.00329149817117, 0.0589368678629], "dvar": [0.0363624431193, 0.00715346448123, 0.00993678253144, 0.00490802247077, 0.00121500936802, 0.0173151642084], "dmean": [0.178536087275, 0.0654072836041, 0.0764225125313, 0.0532764531672, 0.0247558839619, 0.12209597975], "max": [0.956951737404, 0.738656520844, 0.5972905159, 0.573469340801, 0.329604893923, 0.620037794113], "var": [0.105929255486, 0.0204823054373, 0.0164523813874, 0.00914694368839, 0.00158920907415, 0.0148228239268], "mean": [0.584906756878, 0.109886020422, 0.11649890244, 0.0934822335839, 0.0279792882502, 0.087782971561]}}, "lowlevel": {"barkbands_spread": {"dmean2": 7.28572654724, "median": 11.0200576782, "min": 0.113281741738, "dvar2": 128.087966919, "dvar": 62.6270294189, "dmean": 4.8981461525, "max": 153.035110474, "var": 341.455810547, "mean": 18.467048645}, "melbands_spread": {"dmean2": 7.68410301208, "median": 10.8636703491, "min": 0.237445190549, "dvar2": 176.158935547, "dvar": 92.0317153931, "dmean": 5.23454475403, "max": 221.835037231, "var": 557.416015625, "mean": 18.1839809418}, "hfc": {"dmean2": 12.4311056137, "median": 16.6589107513, "min": 1.19623260297e-16, "dvar2": 474.205383301, "dvar": 239.087997437, "dmean": 8.46035766602, "max": 199.377044678, "var": 1236.015625, "mean": 30.5421161652}, "barkbands_kurtosis": {"dmean2": 5.60681915283, "median": 3.26122236252, "min": -1.90399193764, "dvar2": 182.873703003, "dvar": 95.0676498413, "dmean": 3.80324316025, "max": 691.167053223, "var": 318.383178711, "mean": 7.06902742386}, "gfcc": {"mean": [-42.6870002747, 136.86529541, -116.116867065, 12.1103458405, -48.6553726196, 12.5318956375, -9.74925613403, 3.42982769012, -13.2182788849, 2.80912518501, 0.51275742054, -0.653405308723, -4.39505195618], "icov": [[0.000125412610942, -0.000201368049602, 0.000119881158753, -0.000266483140877, 0.000145934944157, -0.000219408640987, 0.000256288476521, -0.000428287079558, 0.000255413615378, -0.000305083318381, 0.000314061442623, -0.000392710469896, 0.000262015732005], [-0.000201368049602, 0.00145058787894, -0.000206715092645, 0.000850831158459, -0.0013097129995, 0.000370974768884, -0.00102214631625, 0.001483007567, -0.000831813085824, 0.00200805743225, -0.00179757142905, 0.00291016348638, -0.00209457892925], [0.000119881158753, -0.000206715092645, 0.00203797104768, -0.000763060292229, -0.00164376676548, -0.000375900999643, 4.5253571443e-05, -0.00103374419268, 0.00128972681705, -0.000631053990219, 0.00144002062734, -0.00183900538832, 0.000987166538835], [-0.000266483140877, 0.000850831158459, -0.000763060292229, 0.00281461258419, 0.000609034672379, -0.00113656104077, -0.00240268977359, 0.00105194945354, -0.000994465430267, 0.00032045415719, -0.000144613150042, 0.00251758098602, -0.00244590314105], [0.000145934944157, -0.0013097129995, -0.00164376676548, 0.000609034672379, 0.0059579196386, -0.000704436155502, -0.00123286340386, -0.0018288026331, -0.00118142808788, -0.000313799915602, 0.00167319842149, -0.000171424151631, -0.000780196860433], [-0.000219408640987, 0.000370974768884, -0.000375900999643, -0.00113656104077, -0.000704436155502, 0.00709510082379, -0.00142216111999, -0.00112306384835, -0.00186601676978, -0.000218407600187, -0.000314100645483, -0.00166856532451, 0.00195777486078], [0.000256288476521, -0.00102214631625, 4.5253571443e-05, -0.00240268977359, -0.00123286340386, -0.00142216111999, 0.0121034495533, -0.00517955888063, 0.000738122558687, 0.00196816073731, -0.00985329132527, 0.00326231867075, 0.0005727566313], [-0.000428287079558, 0.001483007567, -0.00103374419268, 0.00105194945354, -0.0018288026331, -0.00112306384835, -0.00517955888063, 0.0198619570583, -0.00259839114733, -0.0100508760661, 0.00842669140548, -0.00416932906955, 0.000370521069271], [0.000255413615378, -0.000831813085824, 0.00128972681705, -0.000994465430267, -0.00118142808788, -0.00186601676978, 0.000738122558687, -0.00259839114733, 0.0108134038746, -0.00305079948157, -0.00486835092306, 0.00231462693773, -0.000845566799399], [-0.000305083318381, 0.00200805743225, -0.000631053990219, 0.00032045415719, -0.000313799915602, -0.000218407600187, 0.00196816073731, -0.0100508760661, -0.00305079948157, 0.0263768658042, -0.0105821955949, -0.000514704268426, 0.000369704939658], [0.000314061442623, -0.00179757142905, 0.00144002062734, -0.000144613150042, 0.00167319842149, -0.000314100645483, -0.00985329132527, 0.00842669140548, -0.00486835092306, -0.0105821955949, 0.0336958691478, -0.0156585499644, 0.000833403610159], [-0.000392710469896, 0.00291016348638, -0.00183900538832, 0.00251758098602, -0.000171424151631, -0.00166856532451, 0.00326231867075, -0.00416932906955, 0.00231462693773, -0.000514704268426, -0.0156585499644, 0.0343082211912, -0.0121872248128], [0.000262015732005, -0.00209457892925, 0.000987166538835, -0.00244590314105, -0.000780196860433, 0.00195777486078, 0.0005727566313, 0.000370521069271, -0.000845566799399, 0.000369704939658, 0.000833403610159, -0.0121872248128, 0.0217126291245]], "cov": [[21823.1328125, -5535.01904297, 1270.19250488, 3679.94433594, -875.747924805, 2140.97143555, 219.227920532, 1693.84069824, 50.0909919739, 1269.29272461, -124.021217346, 633.646850586, -358.950469971], [-5535.01904297, 7357.75195312, -629.911193848, -1717.56982422, 1362.88256836, -1017.85632324, 422.955718994, -1107.48474121, 300.814025879, -942.01184082, 261.25289917, -563.987304688, 461.393859863], [1270.19250488, -629.911193848, 1353.90368652, 688.336425781, 375.566436768, 457.425079346, 230.873977661, 381.168670654, 53.4743003845, 230.766098022, -3.14718461037, 125.709938049, -31.6193695068], [3679.94433594, -1717.56982422, 688.336425781, 1642.52404785, -98.5481872559, 753.117614746, 328.349456787, 507.035125732, 166.240936279, 392.534912109, 63.7302093506, 177.332321167, -48.2469711304], [-875.747924805, 1362.88256836, 375.566436768, -98.5481872559, 655.64440918, 10.1830863953, 241.40196228, -42.9207458496, 149.977523804, -84.9997558594, 75.9770584106, -64.1268234253, 99.2494354248], [2140.97143555, -1017.85632324, 457.425079346, 753.117614746, 10.1830863953, 585.735351562, 188.39402771, 347.386962891, 120.69467926, 262.414337158, 44.4944152832, 130.783157349, -51.399597168], [219.227920532, 422.955718994, 230.873977661, 328.349456787, 241.40196228, 188.39402771, 334.711730957, 82.3278579712, 154.751251221, 47.0513267517, 117.285224915, 4.85670232773, 49.5503997803], [1693.84069824, -1107.48474121, 381.168670654, 507.035125732, -42.9207458496, 347.386962891, 82.3278579712, 360.98727417, 48.2206420898, 247.501022339, -5.03087186813, 126.109855652, -60.0457572937], [50.0909919739, 300.814025879, 53.4743003845, 166.240936279, 149.977523804, 120.69467926, 154.751251221, 48.2206420898, 216.340103149, 46.1848487854, 87.5071105957, 4.03911828995, 40.8584709167], [1269.29272461, -942.01184082, 230.766098022, 392.534912109, -84.9997558594, 262.414337158, 47.0513267517, 247.501022339, 46.1848487854, 233.129516602, 19.9171733856, 108.913078308, -46.4476547241], [-124.021217346, 261.25289917, -3.14718461037, 63.7302093506, 75.9770584106, 44.4944152832, 117.285224915, -5.03087186813, 87.5071105957, 19.9171733856, 103.595191956, 17.8239784241, 38.8284645081], [633.646850586, -563.987304688, 125.709938049, 177.332321167, -64.1268234253, 130.783157349, 4.85670232773, 126.109855652, 4.03911828995, 108.913078308, 17.8239784241, 105.826011658, -7.15083742142], [-358.950469971, 461.393859863, -31.6193695068, -48.2469711304, 99.2494354248, -51.399597168, 49.5503997803, -60.0457572937, 40.8584709167, -46.4476547241, 38.8284645081, -7.15083742142, 95.6966247559]]}, "spectral_energyband_middle_low": {"dmean2": 0.00650947540998, "median": 0.00793149601668, "min": 4.94954152104e-22, "dvar2": 6.62464954075e-05, "dvar": 2.61400964519e-05, "dmean": 0.00393533660099, "max": 0.0638903900981, "var": 5.50733493583e-05, "mean": 0.00962124671787}, "melbands_crest": {"dmean2": 4.52911472321, "median": 20.6343917847, "min": 1.97951745987, "dvar2": 21.0594348907, "dvar": 9.28681182861, "dmean": 2.90932512283, "max": 35.2925491333, "var": 58.1239433289, "mean": 19.5457038879}, "spectral_kurtosis": {"dmean2": 19.2824726105, "median": 5.11884307861, "min": -1.19146418571, "dvar2": 943.17401123, "dvar": 335.291870117, "dmean": 11.2644405365, "max": 251.735610962, "var": 843.002746582, "mean": 19.6435241699}, "spectral_rms": {"dmean2": 0.00151851703413, "median": 0.00771357445046, "min": 3.27249317054e-12, "dvar2": 3.18888783113e-06, "dvar": 1.68248482169e-06, "dmean": 0.00110053981189, "max": 0.0164852067828, "var": 1.67380403582e-05, "mean": 0.00740327266976}, "zerocrossingrate": {"dmean2": 0.0096602384001, "median": 0.0263671875, "min": 0.001953125, "dvar2": 0.00025826250203, "dvar": 0.000219221721636, "dmean": 0.00872369855642, "max": 0.74755859375, "var": 0.00331771955825, "mean": 0.0457814075053}, "silence_rate_60dB": {"dmean2": 0.0340018607676, "median": 0, "min": 0, "dvar2": 0.0426778979599, "dvar": 0.0167106762528, "dmean": 0.0169986728579, "max": 1, "var": 0.0531281679869, "mean": 0.056300625205}, "erbbands_kurtosis": {"dmean2": 1.08901178837, "median": -0.0458796024323, "min": -1.6759121418, "dvar2": 2.59475636482, "dvar": 1.18946635723, "dmean": 0.685399651527, "max": 35.040512085, "var": 2.89140605927, "mean": 0.255907803774}, "erbbands": {"dmean2": [0.970927476883, 4.51875686646, 3.89059853554, 4.52565813065, 6.54540300369, 9.15311431885, 13.1599531174, 25.2887516022, 19.0415344238, 20.5079593658, 30.4630794525, 24.8728046417, 25.5202293396, 34.0632171631, 26.4221973419, 22.9822330475, 19.5058917999, 14.0939979553, 9.61789703369, 7.98349571228, 11.8580303192, 8.91583061218, 8.11168766022, 16.7434558868, 20.8764190674, 18.4971103668, 13.3211479187, 14.3151674271, 11.0977306366, 5.55512809753, 5.59957170486, 3.53276705742, 3.06082677841, 1.74416065216, 1.02942252159, 0.448413789272, 0.15148241818, 0.0317674949765, 0.00367399980314, 0.000109593987872], "median": [1.29460430145, 4.7413611412, 3.78971457481, 2.64230322838, 2.34885048866, 3.80934548378, 5.69023036957, 10.2073097229, 12.3488416672, 13.9797773361, 23.7561950684, 15.920214653, 17.7292499542, 30.2163505554, 25.9842319489, 23.5924491882, 19.8704929352, 11.0368242264, 6.48549032211, 3.55924010277, 3.42139077187, 2.56559109688, 1.9878077507, 2.04907798767, 1.7197136879, 2.90777945518, 1.4565653801, 1.00242519379, 1.01574444771, 0.453536421061, 0.235205933452, 0.142548114061, 0.0360427349806, 0.00870679784566, 0.00275828805752, 0.00080802309094, 0.000193446394405, 2.90213556582e-05, 5.47012568859e-05, 0.000105929859274], "min": [1.23236582677e-21, 8.95320342526e-21, 1.06396857538e-20, 3.70871015906e-20, 3.83349823852e-19, 6.16498537716e-19, 5.98831924386e-19, 3.55549653482e-19, 8.19526710345e-19, 9.80876767425e-19, 2.40950412568e-18, 1.67648613514e-18, 1.21619445225e-18, 2.48953715866e-18, 6.27582468411e-18, 4.22259200455e-18, 3.72025514471e-18, 3.40239507111e-18, 4.86242696171e-18, 7.85009373282e-18, 1.65155377411e-17, 1.01338293891e-17, 1.41818296225e-17, 1.27009190728e-17, 1.57967227518e-17, 1.59010236096e-17, 1.78118786535e-17, 1.91227713272e-17, 1.68447721685e-17, 2.56726041387e-17, 1.87429299899e-17, 1.84147113403e-17, 1.39974973861e-17, 9.76770684223e-18, 8.84900531234e-18, 4.99429774932e-18, 2.68546626048e-18, 1.13650852493e-18, 3.65458734384e-19, 4.20331925204e-20], "dvar2": [2.28838825226, 50.2505950928, 42.0982322693, 64.0507888794, 149.849853516, 216.219451904, 434.245483398, 1516.07946777, 693.517578125, 1077.69995117, 1988.26538086, 1401.44604492, 1528.06286621, 2719.20556641, 1689.96740723, 1003.09631348, 665.949584961, 438.667663574, 222.669189453, 159.396911621, 628.273864746, 287.727966309, 225.29359436, 2388.09375, 2318.02148438, 1848.82592773, 796.762451172, 1077.2623291, 567.638793945, 133.69418335, 135.829956055, 72.2359237671, 47.6985168457, 18.1595973969, 6.21347427368, 1.5529396534, 0.146666139364, 0.00785913597792, 9.73784335656e-05, 5.74158320887e-08], "dvar": [1.11084330082, 24.410785675, 15.4177093506, 22.886259079, 51.6791954041, 76.9900436401, 158.294418335, 536.762268066, 250.86315918, 389.169250488, 766.310180664, 528.493530273, 574.611022949, 938.707702637, 611.086547852, 380.823669434, 242.067382812, 197.140838623, 89.5977478027, 66.6384353638, 227.965332031, 103.360168457, 97.7026977539, 1348.6027832, 1237.2890625, 1244.28430176, 447.385345459, 442.006774902, 239.398498535, 67.4588470459, 63.4796104431, 32.6626472473, 20.7497158051, 8.63283348083, 2.88371729851, 0.647765994072, 0.0629159361124, 0.00315310712904, 4.21984259447e-05, 2.52814338353e-08], "dmean": [0.703134298325, 3.2017261982, 2.4202466011, 2.78308820724, 3.66813993454, 5.2358880043, 7.67722654343, 14.5180139542, 11.0759954453, 12.0804357529, 18.81757164, 14.8858680725, 15.0776920319, 20.4686317444, 15.9464941025, 14.2638902664, 11.7530965805, 9.03525829315, 6.02554178238, 4.96001148224, 6.7744383812, 5.17234706879, 5.19244909286, 11.1291542053, 13.0336532593, 13.5102567673, 8.70632457733, 8.79904842377, 6.82862472534, 3.74524879456, 3.67425704002, 2.38184094429, 1.99923229218, 1.132152915, 0.655546486378, 0.300696820021, 0.0931604281068, 0.0195532254875, 0.00237831985578, 7.3045877798e-05], "max": [10.0218238831, 58.6561584473, 46.1242599487, 70.8653869629, 123.428009033, 96.5658950806, 253.168548584, 316.3019104, 197.289825439, 368.142456055, 383.665496826, 373.267059326, 250.901977539, 587.243896484, 528.424438477, 324.570709229, 236.673233032, 230.214065552, 165.96206665, 78.7456512451, 148.30015564, 98.3114700317, 181.628295898, 635.250305176, 490.544036865, 619.672668457, 332.9815979, 248.691726685, 177.427215576, 91.3566970825, 90.8605194092, 66.9035797119, 50.3176994324, 39.1416053772, 20.9767951965, 9.8773021698, 3.53077483177, 0.626982927322, 0.0802841186523, 0.00235602096654], "var": [4.56499004364, 115.34160614, 51.4522972107, 47.1419830322, 45.726398468, 82.3311386108, 198.51083374, 693.790649414, 380.671936035, 548.469421387, 2483.49829102, 945.243652344, 961.982666016, 3589.78173828, 1969.40734863, 2344.17651367, 1064.6204834, 589.772583008, 259.186309814, 111.499938965, 224.678115845, 128.024169922, 256.042877197, 2888.10205078, 2883.1472168, 3541.25927734, 1584.17822266, 1011.77081299, 729.301330566, 352.689025879, 294.588745117, 151.288116455, 93.9045639038, 42.9623413086, 12.7071781158, 2.21602678299, 0.174157232046, 0.00692748324946, 8.42552981339e-05, 5.50640457675e-08], "mean": [1.97650325298, 9.1204996109, 6.31109809875, 5.24125814438, 4.43190479279, 6.65320634842, 10.4182033539, 19.9148292542, 18.2619228363, 21.1018562317, 41.1189537048, 26.3203277588, 27.362701416, 53.2203216553, 39.737247467, 41.215423584, 31.606098175, 20.1166629791, 12.6779527664, 7.70822954178, 9.16134548187, 7.82893705368, 9.82372283936, 18.806186676, 21.9879722595, 24.1412715912, 19.2082710266, 15.5841960907, 14.516825676, 10.071434021, 9.08296871185, 6.43199825287, 4.80849313736, 3.21526622772, 1.71185362339, 0.683068871498, 0.185532674193, 0.0364206880331, 0.00383289461024, 0.000169336155523]}, "spectral_strongpeak": {"dmean2": 0.352728694677, "median": 0.599577486515, "min": 0, "dvar2": 0.250831305981, "dvar": 0.0950420051813, "dmean": 0.216745123267, "max": 4.05754137039, "var": 0.206126376987, "mean": 0.633386909962}, "spectral_energy": {"dmean2": 0.0280509255826, "median": 0.0609867163002, "min": 1.09769411836e-20, "dvar2": 0.00150712719187, "dvar": 0.000740087998565, "dmean": 0.0201417524368, "max": 0.278556108475, "var": 0.00406992528588, "mean": 0.0733349770308}, "average_loudness": 0.861571967602, "spectral_rolloff": {"dmean2": 685.038146973, "median": 602.9296875, "min": 64.599609375, "dvar2": 2632652.75, "dvar": 1235833.625, "dmean": 429.142242432, "max": 20025.8789062, "var": 5801288.5, "mean": 1381.49291992}, "spectral_centroid": {"dmean2": 365.412475586, "median": 901.08203125, "min": 114.640884399, "dvar2": 228749.203125, "dvar": 125508.15625, "dmean": 242.802658081, "max": 11221.7470703, "var": 869389.375, "mean": 1272.26953125}, "pitch_salience": {"dmean2": 0.113397374749, "median": 0.420190542936, "min": 0.0810745432973, "dvar2": 0.0117895137519, "dvar": 0.00515020778403, "dmean": 0.0726252943277, "max": 0.916665792465, "var": 0.0283470898867, "mean": 0.440654486418}, "spectral_energyband_middle_high": {"dmean2": 0.00245222286321, "median": 0.0044391178526, "min": 1.67508547199e-21, "dvar2": 1.06044299173e-05, "dvar": 4.58353770227e-06, "dmean": 0.00155828951392, "max": 0.0336246415973, "var": 2.10824127862e-05, "mean": 0.00542180379853}, "spectral_contrast_coeffs": {"dmean2": [0.0797103121877, 0.0793391466141, 0.0572169423103, 0.0472405478358, 0.044448889792, 0.0369837321341], "median": [-0.712497830391, -0.750871300697, -0.768329381943, -0.77911478281, -0.799891710281, -0.771937131882], "min": [-0.980538487434, -0.969661772251, -0.990152180195, -0.956137418747, -0.961681365967, -0.957955002785], "dvar2": [0.00472123827785, 0.00386829487979, 0.00218269764446, 0.00142000848427, 0.00165702588856, 0.0013643312268], "dvar": [0.00166461837944, 0.00134917639662, 0.000798256485723, 0.000566200877074, 0.000680989818648, 0.000643071776722], "dmean": [0.0470396578312, 0.0466030985117, 0.0340832546353, 0.028965767473, 0.0272163525224, 0.0229550227523], "max": [-0.242605835199, -0.392586737871, -0.454419463873, -0.507615745068, -0.604531824589, -0.597369968891], "var": [0.0159076713026, 0.00436739297584, 0.00287234666757, 0.00248140469193, 0.00245382962748, 0.00290439347737], "mean": [-0.681534528732, -0.747820317745, -0.768351137638, -0.777890205383, -0.795191824436, -0.763105332851]}, "melbands_skewness": {"dmean2": 1.06774306297, "median": 3.19886302948, "min": -0.886269688606, "dvar2": 1.15417468548, "dvar": 0.560116946697, "dmean": 0.726616799831, "max": 21.197271347, "var": 3.91732335091, "mean": 3.25405263901}, "spectral_spread": {"dmean2": 1012372.8125, "median": 3174324.25, "min": 329820.53125, "dvar2": 1873568333820.0, "dvar": 970841128960, "dmean": 648406.375, "max": 39373952, "var": 5928077754370.0, "mean": 3567250}, "dissonance": {"dmean2": 0.0401602573693, "median": 0.467625647783, "min": 0.20014385879, "dvar2": 0.00155752408318, "dvar": 0.000579355517402, "dmean": 0.0238335896283, "max": 0.500000119209, "var": 0.00124766863883, "mean": 0.457895845175}, "spectral_skewness": {"dmean2": 1.21232187748, "median": 1.77316761017, "min": -0.077848687768, "dvar2": 2.63122415543, "dvar": 0.93780618906, "dmean": 0.73759329319, "max": 12.0370950699, "var": 3.37491178513, "mean": 2.53321576118}, "spectral_flux": {"dmean2": 0.0467120185494, "median": 0.083453014493, "min": 1.04770900289e-10, "dvar2": 0.00340658286586, "dvar": 0.00137189938687, "dmean": 0.0288289319724, "max": 0.377028107643, "var": 0.00296519463882, "mean": 0.0912542045116}, "spectral_contrast_valleys": {"dmean2": [0.729526937008, 0.647865355015, 0.518016576767, 0.57113558054, 0.771412491798, 1.01353394985], "median": [-6.45659685135, -6.25315380096, -6.73123311996, -7.81565523148, -8.15851402283, -11.4600400925], "min": [-27.5118484497, -27.1768054962, -27.6136054993, -27.391204834, -27.2214279175, -27.3241863251], "dvar2": [0.516455829144, 0.458097040653, 0.308612644672, 0.370558619499, 0.934862554073, 1.46864545345], "dvar": [0.218917936087, 0.201147720218, 0.150556176901, 0.20548298955, 0.450121849775, 0.767003774643], "dmean": [0.442305356264, 0.393852442503, 0.320683926344, 0.37307164073, 0.513903975487, 0.681212961674], "max": [-4.77351617813, -4.59075450897, -5.15486764908, -6.0064125061, -5.56455183029, -7.50454330444], "var": [4.41633319855, 1.6275550127, 1.42474365234, 1.67711257935, 3.06853318214, 5.57884168625], "mean": [-7.27225732803, -6.48390436172, -6.91572284698, -7.97378396988, -8.2738494873, -11.2576475143]}, "erbbands_flatness_db": {"dmean2": 0.0414675883949, "median": 0.187873974442, "min": 0.0414268150926, "dvar2": 0.00235135480762, "dvar": 0.00115224590991, "dmean": 0.0274679046124, "max": 0.459130316973, "var": 0.00878450646996, "mean": 0.203353360295}, "spectral_energyband_high": {"dmean2": 0.000992473680526, "median": 0.000118806296086, "min": 7.66129675026e-21, "dvar2": 5.01206295667e-06, "dvar": 2.74639046438e-06, "dmean": 0.000705569284037, "max": 0.0203071068972, "var": 1.42912704177e-05, "mean": 0.00208165380172}, "spectral_entropy": {"dmean2": 0.348829656839, "median": 7.19239139557, "min": 4.51266717911, "dvar2": 0.216219842434, "dvar": 0.108186580241, "dmean": 0.22975897789, "max": 9.78050899506, "var": 0.687975585461, "mean": 7.25398826599}, "silence_rate_20dB": {"dmean2": 0, "median": 1, "min": 1, "dvar2": 0, "dvar": 0, "dmean": 0, "max": 1, "var": 0, "mean": 1}, "melbands_flatness_db": {"dmean2": 0.0584820024669, "median": 0.305139750242, "min": 0.00585685065016, "dvar2": 0.00498658465222, "dvar": 0.00246043642983, "dmean": 0.0403639189899, "max": 0.739572942257, "var": 0.0178173258901, "mean": 0.303017318249}, "barkbands": {"dmean2": [0.00133745744824, 0.0236997567117, 0.00306126382202, 0.00186031498015, 0.00239931303076, 0.00251182192005, 0.00131557905115, 0.0013643928105, 0.0011427544523, 0.000897027552128, 0.000777156965341, 0.000597285572439, 0.000447348458692, 0.000254905986367, 0.000184572476428, 0.000175356908585, 0.000179028385901, 0.000171722756932, 0.000383072154364, 0.000370922469301, 0.000350749673089, 0.000283966335701, 0.000163341639563, 0.000151785017806, 0.000142116186908, 8.69437863003e-05, 1.98939233087e-05], "median": [0.000409968110034, 0.0332333780825, 0.00209046388045, 0.000572315533645, 0.00113837514073, 0.00114171812311, 0.00077504402725, 0.000945352949202, 0.000677379430272, 0.000668574473821, 0.000505267176777, 0.000572354474571, 0.000372127920855, 0.000134658272145, 9.2994676379e-05, 5.31245605089e-05, 4.59775692434e-05, 2.80909152934e-05, 3.37804412993e-05, 3.35237236868e-05, 2.85368114419e-05, 2.68051353487e-05, 7.84728945291e-06, 3.98619567932e-06, 4.72788940442e-07, 1.1465097316e-07, 1.06463975413e-08], "min": [1.95150777316e-23, 4.06404225192e-23, 7.58043028439e-24, 2.2749929669e-23, 1.8670121243e-22, 5.05614559631e-23, 6.37103693916e-23, 7.90902603461e-23, 8.05433042682e-23, 4.5147535125e-23, 9.7293957797e-23, 1.30070819175e-22, 9.22613723205e-23, 6.35544652332e-23, 1.54640731417e-22, 2.41286979192e-22, 1.56488634932e-22, 3.01906004644e-22, 2.73963895049e-22, 2.95529711367e-22, 4.8589580748e-22, 5.64814310719e-22, 7.06893890035e-22, 8.56114364482e-22, 1.04655220276e-21, 1.45636072248e-21, 2.65851305036e-21], "dvar2": [7.08781726644e-06, 0.00133931892924, 3.09510942316e-05, 1.06406796476e-05, 1.53248929564e-05, 1.52720203914e-05, 3.55689189746e-06, 4.50420338893e-06, 2.72214742836e-06, 1.76401965746e-06, 1.69945974449e-06, 6.37260427538e-07, 3.4682614114e-07, 1.59035067782e-07, 8.0716169748e-08, 1.15468182571e-07, 1.17213978967e-07, 1.22846202544e-07, 1.10329597192e-06, 7.1098600074e-07, 5.95999154029e-07, 3.6727880115e-07, 1.0720549426e-07, 1.48997358451e-07, 1.31589061425e-07, 5.49331566901e-08, 2.9345614827e-09], "dvar": [3.21665220326e-06, 0.000650039524771, 1.12724692372e-05, 3.6530102534e-06, 5.5373025134e-06, 5.43372561879e-06, 1.28011390643e-06, 1.68718952409e-06, 9.98953055387e-07, 6.27720794455e-07, 5.95371261625e-07, 2.38341527847e-07, 1.25333727397e-07, 7.34626297572e-08, 3.14405070867e-08, 4.31625792885e-08, 4.17766052863e-08, 6.20324058787e-08, 5.9806416175e-07, 4.88138994115e-07, 2.63258300492e-07, 1.53019783511e-07, 6.09546262353e-08, 6.92895980592e-08, 6.00256271355e-08, 2.26823981819e-08, 1.24106125376e-09], "dmean": [0.00089046737412, 0.0171188805252, 0.00193897611462, 0.00106662663165, 0.00139153120108, 0.00144495954737, 0.000770072452724, 0.000832430901937, 0.000675840361509, 0.000533674552571, 0.000472415238619, 0.000368020031601, 0.000269023905275, 0.000164090160979, 0.000113664042146, 0.000102510479337, 0.000102347214124, 0.00011121382704, 0.000249058502959, 0.00026943202829, 0.000215707623283, 0.000176281115273, 0.000118301351904, 0.000105706203612, 9.0988491138e-05, 5.53191057406e-05, 1.26745317175e-05], "max": [0.0289521981031, 0.243673756719, 0.0442476645112, 0.0273669548333, 0.025657961145, 0.0279713366181, 0.0131207434461, 0.0207708273083, 0.0121174678206, 0.0147970058024, 0.013184921816, 0.00686876103282, 0.00556090706959, 0.00405024504289, 0.00185501493979, 0.00199615117162, 0.0021388689056, 0.00344752543606, 0.0126930074766, 0.0121590103954, 0.0062144245021, 0.00418954202905, 0.0029100861866, 0.00315593951382, 0.00287844007835, 0.00190621591173, 0.00040846678894], "var": [1.25434089568e-05, 0.00288087548688, 3.39178477589e-05, 4.20725473305e-06, 6.23891355644e-06, 6.75329192745e-06, 1.82911765023e-06, 4.36816935689e-06, 1.78077334567e-06, 2.00969043362e-06, 1.98489283321e-06, 1.0866891671e-06, 5.51109565095e-07, 2.07000539376e-07, 5.70901370622e-08, 4.9879446351e-08, 4.95476442097e-08, 1.5373902329e-07, 1.31517424506e-06, 1.44220109632e-06, 7.33538854547e-07, 4.84941722334e-07, 3.57831794418e-07, 3.36965939596e-07, 2.88260935122e-07, 6.90786521318e-08, 2.43298514668e-09], "mean": [0.00204725074582, 0.0498722232878, 0.00440039625391, 0.00136752170511, 0.00188917655032, 0.0020600091666, 0.00120583618991, 0.00170218001585, 0.00115490856115, 0.00118770136032, 0.00110813532956, 0.000945962034166, 0.000663784681819, 0.000317486934364, 0.000187519239262, 0.000140173462569, 0.000150415275129, 0.000203863761271, 0.0004263681476, 0.000485209660837, 0.000430079206126, 0.000377342279535, 0.000312602060148, 0.000296797661576, 0.000262657005806, 0.000119050579087, 2.03809759114e-05]}, "erbbands_skewness": {"dmean2": 0.486098468304, "median": 0.0264121480286, "min": -3.22833371162, "dvar2": 0.221924647689, "dvar": 0.101169712842, "dmean": 0.313556522131, "max": 5.05904865265, "var": 0.459255754948, "mean": -0.0253066830337}, "erbbands_spread": {"dmean2": 9.78326416016, "median": 26.435546875, "min": 3.41991972923, "dvar2": 148.359039307, "dvar": 69.4138031006, "dmean": 6.40287733078, "max": 140.339431763, "var": 355.792053223, "mean": 32.2154998779}, "melbands_kurtosis": {"dmean2": 11.5186052322, "median": 12.0716018677, "min": -1.75063073635, "dvar2": 588.844665527, "dvar": 251.239379883, "dmean": 7.73884916306, "max": 712.14453125, "var": 655.622436523, "mean": 18.1415252686}, "melbands": {"dmean2": [0.00744939176366, 0.00307302712463, 0.000805633200798, 0.000516999862157, 0.000459655973827, 0.000531272962689, 0.000291390926577, 0.000237636675593, 0.000235898347455, 0.000161947173183, 0.00012972332479, 0.000141373238876, 9.33832925512e-05, 7.76688248152e-05, 4.62006064481e-05, 4.64272015961e-05, 2.67285067821e-05, 1.6631987819e-05, 1.49908855747e-05, 8.59276406118e-06, 1.59360442922e-05, 9.91479191725e-06, 8.03168222774e-06, 8.47974024509e-06, 1.5356557924e-05, 1.52008342411e-05, 1.62833857758