{"metadata": {"tags": {"albumartist": ["The Corries"], "musicbrainz_artistid": ["a816d0c7-addb-4642-9946-f4cdf3a8186f"], "artist": ["The Corries"], "genre": ["Folk"], "musicbrainz_albumid": ["eab221c2-bf03-498e-8103-ca6c5adb5875"], "discnumber": ["1/1"], "albumartistsort": ["Corries, The"], "title": ["Shenendoah"], "tracknumber": ["10/13"], "musicbrainz_albumartistid": ["a816d0c7-addb-4642-9946-f4cdf3a8186f"], "album": ["Flower of Scotland"], "musicbrainz album type": ["album"], "script": ["Latn"], "encodedby": ["iTunes v7.0.2"], "artistsort": ["Corries, The"], "date": ["1990"], "musicbrainz_recordingid": ["14d461f0-9b7a-472b-a80a-2ccc0b10d664"], "file_name": "The Corries - Flower of Scotland - 10 - Shenendoah.mp3", "language": ["eng"], "musicbrainz album status": ["official"]}, "audio_properties": {"sample_rate": 44100, "downmix": "mix", "lossless": false, "analysis_sample_rate": 44100, "md5_encoded": "ea3d7aa9c184247156f23e4869086122", "equal_loudness": 0, "replay_gain": -4.02907943726, "codec": "mp3", "bit_rate": 192000, "length": 228.284088135}, "version": {"extractor": "music 1.0", "essentia_build_sha": "2d9f1f26377add8aeb1075a9c2973f962c4f09fd", "essentia_git_sha": "v2.1_beta2-1-ge3940c0", "essentia": "2.1-beta2"}}, "rhythm": {"beats_loudness_band_ratio": {"dvar2": [0.0515218600631, 0.0904411226511, 0.0907092019916, 0.0355867780745, 0.0244588721544, 0.0545025840402], "var": [0.0345788747072, 0.0663737803698, 0.0633720159531, 0.0281122755259, 0.00928715057671, 0.0102094886824], "min": [0.00156065239571, 0.00674188463017, 0.00797846075147, 0.000452638196293, 0.000262003421085, 7.64412397984e-05], "dmean": [0.151606142521, 0.217256203294, 0.207712501287, 0.102406062186, 0.0450420714915, 0.0437783077359], "mean": [0.205527916551, 0.414019316435, 0.317160308361, 0.129235908389, 0.0507722645998, 0.0289876908064], "max": [0.860149919987, 0.924116432667, 0.931646704674, 0.740676224232, 0.762882351875, 0.833408951759], "dmean2": [0.26054123044, 0.368575721979, 0.359039753675, 0.179671555758, 0.0806254819036, 0.0861093848944], "median": [0.151575550437, 0.412273138762, 0.229259684682, 0.0445562303066, 0.0118667529896, 0.00349593861029], "dvar": [0.0198262371123, 0.0338842831552, 0.0354493334889, 0.0143031757325, 0.0086749298498, 0.0187403094023]}, "bpm_histogram_first_peak_weight": {"dvar2": 0, "var": 0, "min": 0.0728929415345, "dmean": 0, "mean": 0.0728929415345, "max": 0.0728929415345, "dmean2": 0, "median": 0.0728929415345, "dvar": 0}, "bpm": 172.265258789, "beats_count": 440, "bpm_histogram_first_peak_spread": {"dvar2": 0, "var": 0, "min": 0, "dmean": 0, "mean": 0, "max": 0, "dmean2": 0, "median": 0, "dvar": 0}, "danceability": 0.887599408627, "bpm_histogram_first_peak_bpm": {"dvar2": 0, "var": 0, "min": 172, "dmean": 0, "mean": 172, "max": 172, "dmean2": 0, "median": 172, "dvar": 0}, "beats_position": [0.777868449688, 1.57895684242, 2.36843538284, 3.14630389214, 3.92417216301, 4.69043064117, 5.46829938889, 6.15328788757, 6.83827638626, 7.45360517502, 8.08054447174, 8.70748329163, 9.34603118896, 9.96135997772, 10.5650787354, 11.1687984467, 11.7725172043, 12.3297958374, 12.8870744705, 13.4559631348, 14.0248527527, 14.5937414169, 15.1394100189, 15.6734695435, 16.2191371918, 16.7531967163, 17.298866272, 17.8561439514, 18.4250335693, 18.9939231873, 19.5860309601, 20.1781406403, 20.758638382, 21.3623580933, 21.9776859283, 22.616235733, 23.2431735992, 23.8817234039, 24.5202713013, 25.1704311371, 25.8321990967, 26.5171871185, 27.1441268921, 27.7710647583, 28.3515644073, 28.9204521179, 29.500951767, 30.081451416, 30.6619491577, 31.2076187134, 31.7416782379, 32.264125824, 32.7865753174, 33.3090248108, 33.8314743042, 34.3307037354, 34.8299331665, 35.3407707214, 35.8980484009, 36.4437179565, 37.000995636, 37.5118370056, 38.034286499, 38.5567321777, 39.0095214844, 39.4739227295, 39.9383201599, 40.3911094666, 40.8555107117, 41.3315200806, 41.795917511, 42.2603149414, 42.7479362488, 43.2355537415, 43.7231750488, 44.2107925415, 44.8377304077, 45.4646720886, 46.0916099548, 46.7069396973, 47.322265625, 47.9492073059, 48.5761451721, 49.2030830383, 49.841632843, 50.480178833, 51.1187286377, 51.7804985046, 52.4422683716, 53.1040344238, 53.7425842285, 54.3695220947, 54.9848518372, 55.6001815796, 56.2155075073, 56.8772773743, 57.550655365, 58.2124252319, 58.8625831604, 59.5011329651, 60.1396827698, 60.7782287598, 61.4167785645, 62.0553283691, 62.6706581116, 63.2975959778, 63.9013137817, 64.4934234619, 65.0855331421, 65.6776428223, 66.2697525024, 66.8618545532, 67.4539642334, 68.0460739136, 68.5917434692, 69.1606369019, 69.7295227051, 70.2287521362, 70.7279815674, 71.2272109985, 71.6451721191, 72.0631256104, 72.4694747925, 72.8990478516, 73.3286132813, 73.7581863403, 74.18775177, 74.6173248291, 75.0468902588, 75.4648513794, 75.8828125, 76.3007659912, 76.7187271118, 77.1366882324, 77.554649353, 77.9726028442, 78.3905639648, 78.8085250854, 79.2264862061, 79.6444396973, 80.0624008179, 80.4803619385, 80.8983230591, 81.3162765503, 81.7922897339, 82.2682952881, 82.7559204102, 83.2319259644, 83.7311553955, 84.2187728882, 84.7063903809, 85.1824035645, 85.6584091187, 86.1460266113, 86.6104278564, 87.08644104, 87.5508346558, 88.0500640869, 88.5492935181, 89.0485229492, 89.6290206909, 90.2095184326, 90.8132400513, 91.4169616699, 92.0206756592, 92.6243972778, 93.2281188965, 93.8202285767, 94.4123306274, 95.0044403076, 95.4920654297, 95.9680709839, 96.432472229, 96.8968658447, 97.3728790283, 97.8372802734, 98.3829498291, 98.9286117554, 99.5671615601, 100.194099426, 100.821044922, 101.459587097, 102.086524963, 102.713470459, 103.328796387, 103.944122314, 104.582672119, 105.209609985, 105.813331604, 106.417053223, 106.997550964, 107.589660645, 108.181770325, 108.762268066, 109.342765808, 109.92326355, 110.480545044, 111.037818909, 111.606712341, 112.175598145, 112.732879639, 113.290153503, 113.835823059, 114.381492615, 114.950386047, 115.530883789, 116.134597778, 116.726707458, 117.330429077, 117.910926819, 118.479812622, 119.083534241, 119.675643921, 120.267753601, 120.975959778, 121.672561646, 122.357551575, 123.065757751, 123.739135742, 124.412513733, 124.969795227, 125.527069092, 126.095962524, 126.653244019, 127.210517883, 127.756187439, 128.325073242, 128.870742798, 129.404800415, 129.962081909, 130.507751465, 131.041809082, 131.564254761, 132.098312378, 132.609161377, 133.131607056, 133.654052734, 134.176498413, 134.698959351, 135.221405029, 135.697418213, 136.161804199, 136.626205444, 137.090606689, 137.555007935, 138.007797241, 138.460586548, 138.924987793, 139.401000977, 139.88861084, 140.376235962, 140.863845825, 141.235366821, 141.595275879, 141.943572998, 142.291885376, 142.651794434, 143.011703491, 143.36000061, 143.708297729, 144.056594849, 144.393280029, 144.729980469, 145.066665649, 145.426574707, 145.786483765, 146.134780884, 146.483078003, 146.842987061, 147.202896118, 147.562805176, 147.922714233, 148.271011353, 148.63092041, 148.990829468, 149.339141846, 149.699050903, 150.070556641, 150.511749268, 150.964538574, 151.417327881, 151.881713867, 152.357727051, 152.833740234, 153.332962036, 153.832199097, 154.31980896, 154.819046021, 155.306671143, 155.805892944, 156.293518066, 156.792739868, 157.268753052, 157.744766235, 158.22076416, 158.708389282, 159.079910278, 159.439819336, 159.811340332, 160.17124939, 160.531158447, 160.902679443, 161.262588501, 161.622497559, 161.982406616, 162.342315674, 162.690612793, 163.038909912, 163.39881897, 163.839996338, 164.292785645, 164.745574951, 165.186752319, 165.651153564, 166.092330933, 166.533508301, 166.974685669, 167.427474976, 167.868652344, 168.344665527, 168.820678711, 169.296691895, 169.737869263, 170.167434692, 170.597000122, 171.014968872, 171.432922363, 171.850875854, 172.257232666, 172.721633911, 173.197631836, 173.662033081, 174.126434326, 174.579223633, 175.055236816, 175.519638062, 175.995635986, 176.47164917, 177.028930664, 177.597824097, 178.166702271, 178.75881958, 179.350921631, 180.001083374, 180.651245117, 181.30140686, 181.951568604, 182.601715088, 183.228652954, 183.85559082, 184.44770813, 185.028198242, 185.620315552, 186.224029541, 186.827758789, 187.489517212, 188.139678955, 188.85949707, 189.567703247, 190.287521362, 191.007339478, 191.727157593, 192.42376709, 193.131973267, 193.840179443, 194.559997559, 195.23336792, 195.895141602, 196.556915283, 197.218673706, 197.857223511, 198.507385254, 199.13432312, 199.738052368, 200.341766357, 200.945480347, 201.549209595, 202.152923584, 202.768249512, 203.383575439, 203.998901367, 204.614242554, 205.206344604, 205.798446655, 206.390563965, 206.971069336, 207.563171387, 208.155273438, 208.747390747, 209.327880859, 209.769073486, 210.221862793, 210.663040161, 211.057769775, 211.452514648, 211.835647583, 212.230377197, 212.62512207, 213.019866943, 213.414596558, 213.809341431, 214.215682983, 214.622039795, 215.005172729, 215.388290405, 215.724990845, 216.061676025, 216.409973145, 216.735046387, 217.071746826, 217.408432007, 217.756729126, 218.093414307, 218.453323364, 218.801635742, 219.138320923, 219.486618042, 219.834915161, 220.18321228, 220.531509399, 220.879821777, 221.228118896, 221.564804077, 221.901489258, 222.238174438, 222.586486816, 222.934783936, 223.283081055, 223.631378174, 223.979675293, 224.327972412, 224.664672852, 225.001358032, 225.338043213, 225.686340332, 226.034637451, 226.382949829, 226.731246948, 227.079544067, 227.427841187], "beats_loudness": {"dvar2": 0.000518888002262, "var": 0.000486922072014, "min": 8.92931879548e-08, "dmean": 0.0119612002745, "mean": 0.0185964982957, "max": 0.150883495808, "dmean2": 0.0193393826485, "median": 0.0107653588057, "dvar": 0.000204180221772}, "bpm_histogram_second_peak_weight": {"dvar2": 0, "var": 0, "min": 0.0615034177899, "dmean": 0, "mean": 0.0615034177899, "max": 0.0615034177899, "dmean2": 0, "median": 0.0615034177899, "dvar": 0}, "bpm_histogram_second_peak_spread": {"dvar2": 0, "var": 0, "min": 0.71875, "dmean": 0, "mean": 0.71875, "max": 0.71875, "dmean2": 0, "median": 0.71875, "dvar": 0}, "bpm_histogram_second_peak_bpm": {"dvar2": 0, "var": 0, "min": 101, "dmean": 0, "mean": 101, "max": 101, "dmean2": 0, "median": 101, "dvar": 0}, "onset_rate": 3.24574923515}, "lowlevel": {"spectral_energyband_high": {"dvar2": 2.2594841198e-07, "var": 7.89396551681e-07, "min": 7.60760594304e-21, "dmean": 6.52862581774e-05, "mean": 0.000173141030245, "max": 0.0207148324698, "dmean2": 8.48491763463e-05, "median": 1.42438802868e-05, "dvar": 1.59043921144e-07}, "spectral_energyband_middle_low": {"dvar2": 0.000101646779513, "var": 0.000316541088978, "min": 4.52660504319e-22, "dmean": 0.00415016384795, "mean": 0.0125279081985, "max": 0.192472040653, "dmean2": 0.00577042112127, "median": 0.00638545770198, "dvar": 5.41773006262e-05}, "spectral_energy": {"dvar2": 0.000120033582789, "var": 0.000449783052318, "min": 1.05410759697e-20, "dmean": 0.00460043130443, "mean": 0.0158910285681, "max": 0.224618777633, "dmean2": 0.00646993424743, "median": 0.00854147411883, "dvar": 6.21793442406e-05}, "spectral_spread": {"dvar2": 554869194752, "var": 1136906207230.0, "min": 1096661.75, "dmean": 451942.3125, "mean": 3217804.75, "max": 40450544, "dmean2": 696475.375, "median": 3091405.75, "dvar": 294194315264}, "spectral_energyband_low": {"dvar2": 1.47247158111e-06, "var": 1.4930881207e-06, "min": 3.96984247796e-23, "dmean": 0.000353434443241, "mean": 0.000710246618837, "max": 0.0152394622564, "dmean2": 0.000572621938772, "median": 0.000258826330537, "dvar": 5.72944770738e-07}, "spectral_rolloff": {"dvar2": 394538.5, "var": 882134.625, "min": 150.732421875, "dmean": 164.071243286, "mean": 836.01550293, "max": 19078.4179688, "dmean2": 274.080627441, "median": 473.73046875, "dvar": 218737.421875}, "barkbands": {"dvar2": [3.09909650026e-13, 1.84663739855e-09, 4.04293274414e-07, 2.33406740335e-06, 2.15534564632e-05, 9.75473813014e-06, 5.23791568412e-05, 9.96079688775e-06, 5.51066477783e-06, 1.53900855366e-05, 4.613238616e-06, 1.43230886351e-06, 2.87961768208e-07, 1.80003411288e-07, 1.8697990356e-07, 8.94185276934e-08, 5.80483145995e-08, 6.4990800297e-08, 1.61673838761e-08, 5.0557961373e-08, 5.089351518e-08, 5.24679819591e-08, 7.59673657313e-09, 3.01202041086e-09, 1.42767714317e-10, 1.8332483101e-11, 1.40899959885e-13], "var": [1.74921465116e-13, 1.68928881994e-09, 4.89573153573e-07, 3.78781169275e-06, 2.23478436965e-05, 2.92614640784e-05, 0.000127849169075, 1.28832543851e-05, 5.65239452044e-06, 1.58254151756e-05, 9.2303052952e-06, 1.81972700375e-06, 3.01200884678e-07, 1.74650708118e-07, 2.44802635052e-07, 1.19751248917e-07, 6.49944240649e-08, 1.32039332357e-07, 1.66738747254e-08, 5.51454384379e-08, 8.9081254373e-08, 1.09943016469e-07, 1.51711532226e-08, 6.25496765494e-09, 2.1812406048e-10, 1.7233629454e-11, 6.76622386592e-14], "min": [4.68863186664e-24, 1.04314800921e-23, 3.45825142923e-24, 8.69587187354e-23, 9.57355977887e-23, 4.63855513415e-23, 7.39302265018e-23, 4.06254878045e-23, 9.80835444543e-23, 4.28776793781e-23, 2.94047334441e-23, 1.38117831497e-22, 1.64968473144e-22, 1.3311660482e-22, 1.24379080459e-22, 6.17490655437e-23, 9.73568836537e-23, 2.02974769194e-22, 1.97542256482e-22, 2.73472074985e-22, 3.81881531009e-22, 6.19129441392e-22, 6.32858145498e-22, 9.21293409864e-22, 1.29795230303e-21, 1.65907591226e-21, 2.30659172447e-21], "dmean": [1.95284741267e-07, 8.55108555697e-06, 0.000162621741765, 0.000423633639002, 0.00141512579285, 0.000985557795502, 0.00204780860804, 0.00046910229139, 0.000458214897662, 0.000566516304389, 0.000417071802076, 0.000207233591937, 8.30676290207e-05, 6.18123958702e-05, 6.26724358881e-05, 5.11498801643e-05, 4.4221204007e-05, 4.87318939122e-05, 2.02173414436e-05, 2.25214625971e-05, 2.82198507193e-05, 2.29856650549e-05, 1.00217421277e-05, 5.59724549021e-06, 1.73345688381e-06, 5.6347073496e-07, 3.67074122209e-08], "mean": [2.39808542801e-07, 1.31480464916e-05, 0.000327596208081, 0.000912137154955, 0.00302047980949, 0.00216319668107, 0.00457861693576, 0.000833482248709, 0.000798146240413, 0.00105177541263, 0.000869477167726, 0.00036737168557, 0.00014937328524, 0.000114573755127, 0.000136087328428, 0.000118777003081, 8.43542511575e-05, 0.000121709061204, 3.72617832909e-05, 4.37161033915e-05, 6.10842907918e-05, 5.13803788635e-05, 2.12572704186e-05, 1.13001296995e-05, 3.44119303008e-06, 9.97315851237e-07, 4.8212214665e-08], "max": [1.92906372831e-05, 0.00136904476676, 0.00924314931035, 0.0228090882301, 0.0732591599226, 0.091972835362, 0.149136945605, 0.11649312824, 0.0642242878675, 0.0833180323243, 0.0575768016279, 0.0303899310529, 0.00702672544867, 0.00689707091078, 0.0062783495523, 0.00636444147676, 0.00470753526315, 0.00704534770921, 0.00453957123682, 0.00877676531672, 0.0073271188885, 0.0141993165016, 0.00319503969513, 0.00231407117099, 0.000305799068883, 7.09303931217e-05, 1.03471138573e-05], "dmean2": [3.39988787346e-07, 1.4090811419e-05, 0.000274375284789, 0.000649439636618, 0.00221665413119, 0.00132133369334, 0.0027775100898, 0.000686452433001, 0.000684060971253, 0.000882565102074, 0.000591393909417, 0.000319693906931, 0.000132250483148, 9.77717063506e-05, 0.000102206744486, 8.0429155787e-05, 6.95355120115e-05, 7.51939223846e-05, 3.13471246045e-05, 3.32346389769e-05, 3.92459951399e-05, 3.21572260873e-05, 1.46266829688e-05, 8.58382736624e-06, 2.76246464637e-06, 9.6108942671e-07, 6.51102851634e-08], "median": [1.67961033526e-07, 4.04335969506e-06, 0.000108157801151, 0.000270207005087, 0.00156027683988, 0.000457575835753, 0.000728218466975, 5.67747738387e-05, 6.1931052187e-05, 2.2357717171e-05, 3.71936621377e-05, 3.94069284084e-05, 1.49990155478e-05, 9.64779337664e-06, 6.28599536867e-06, 1.18087209557e-05, 9.62803005677e-06, 9.89710679278e-06, 4.577276286e-06, 2.46178910857e-06, 4.47363572675e-06, 3.51979724655e-06, 1.30833882395e-06, 7.74102659307e-07, 3.89218286045e-07, 6.98911435393e-08, 5.52997647674e-09], "dvar": [1.33577583673e-13, 7.93843435432e-10, 1.51048908492e-07, 1.03686295461e-06, 9.21617993299e-06, 5.89923956795e-06, 2.87376569759e-05, 4.50355992143e-06, 2.73530736195e-06, 5.67759798287e-06, 2.26711154028e-06, 6.30539034319e-07, 1.14372475934e-07, 6.72703919236e-08, 6.71416842124e-08, 3.3306104541e-08, 2.37131718706e-08, 2.9358826481e-08, 6.80987000123e-09, 2.30157475301e-08, 2.68268109949e-08, 3.07385512599e-08, 4.20072776564e-09, 1.61416258138e-09, 6.31829727427e-11, 6.66330879362e-12, 4.90412222008e-14]}, "melbands_skewness": {"dvar2": 1.12662351131, "var": 2.77462482452, "min": -1.68768596649, "dmean": 0.657985389233, "mean": 2.60825037956, "max": 12.9092626572, "dmean2": 0.996418297291, "median": 2.44770073891, "dvar": 0.500110030174}, "barkbands_skewness": {"dvar2": 0.994006097317, "var": 2.53904390335, "min": -2.97451305389, "dmean": 0.629294097424, "mean": 2.40849065781, "max": 15.3852243423, "dmean2": 0.944812357426, "median": 2.25339102745, "dvar": 0.438163250685}, "erbbands": {"dvar2": [5.68426230529e-07, 0.000338570767781, 0.221953228116, 8.87883281708, 191.448745728, 275.388671875, 217.036193848, 1269.69812012, 10839.7421875, 7310.24707031, 2607.02636719, 3184.66845703, 12421.2089844, 9110.67089844, 6129.47705078, 1423.61425781, 575.171569824, 409.211608887, 332.812652588, 334.232513428, 189.931533813, 155.411117554, 208.898513794, 75.1212844849, 46.0584411621, 97.5869827271, 80.3397216797, 152.318649292, 72.4579620361, 20.1189670563, 8.0589799881, 1.99786710739, 0.755674421787, 0.0413987897336, 0.00382418953814, 0.000628286390565, 5.06657597725e-05, 1.32968943944e-06, 2.21214091489e-09, 1.55196813734e-10], "var": [3.03038007132e-07, 0.000561697757803, 0.326276183128, 10.8916225433, 220.781478882, 241.363571167, 251.704666138, 4252.39697266, 24186.2324219, 16725.6855469, 2748.01904297, 2803.65039063, 11463.7060547, 17761.5761719, 9140.4921875, 1413.70349121, 649.935241699, 449.116851807, 483.186981201, 478.908935547, 301.288696289, 172.083557129, 432.570007324, 112.814727783, 43.256275177, 120.016471863, 108.824935913, 246.276794434, 150.122924805, 31.4316005707, 17.4025173187, 4.37649202347, 1.44107532501, 0.076984167099, 0.005334130954, 0.000580031250138, 4.53424836451e-05, 1.10758787741e-06, 1.27541632811e-09, 5.92617122042e-10], "min": [4.46109248004e-22, 1.90015705555e-21, 6.99392193906e-21, 1.24944532927e-19, 4.20008995185e-19, 2.69667652234e-19, 2.32493147379e-19, 4.35483450645e-19, 6.06471040741e-19, 1.29947230799e-18, 1.64648429433e-18, 2.21376486181e-18, 1.3377470923e-18, 1.39738247177e-18, 2.82252967439e-18, 5.17076804761e-18, 6.67490582886e-18, 5.74017602024e-18, 9.15849990161e-18, 4.29062430121e-18, 3.20658446292e-18, 5.91734156384e-18, 1.02735550838e-17, 9.01600811494e-18, 1.1480917832e-17, 1.1860780676e-17, 1.61903267202e-17, 1.65057157985e-17, 1.77390371287e-17, 2.41368655765e-17, 1.45050157053e-17, 1.76699526583e-17, 1.68055456095e-17, 1.26490407864e-17, 1.09787025677e-17, 5.86654398883e-18, 3.13399419429e-18, 9.55094271515e-19, 3.23296511381e-19, 3.71161304602e-20], "dmean": [0.000123690202599, 0.00424124812707, 0.120018534362, 0.873155534267, 3.64365124702, 4.5906124115, 4.29276371002, 11.0273113251, 30.4837875366, 15.8152923584, 9.93917751312, 9.6883058548, 13.5499010086, 16.4460735321, 13.0511789322, 6.93031740189, 3.88097548485, 2.91164803505, 2.78105807304, 2.93017983437, 2.4745824337, 2.31666254997, 2.71167993546, 1.5691870451, 0.937135577202, 0.999314546585, 0.953636527061, 1.34455049038, 0.845900893211, 0.454550415277, 0.312216728926, 0.148964300752, 0.0821587964892, 0.0283606350422, 0.00894290022552, 0.00346505455673, 0.000869618088473, 0.000118183801533, 6.81180154061e-06, 5.31087289346e-06], "mean": [0.000264785194304, 0.00840761791915, 0.253828942776, 1.91601657867, 7.93841218948, 8.77433776855, 9.54152774811, 24.9361839294, 65.4878387451, 36.7724494934, 18.9002838135, 17.5486755371, 26.4136428833, 35.9251708984, 29.2105751038, 13.164229393, 7.51511478424, 5.88946628571, 6.32750272751, 7.09907722473, 6.07739496231, 4.87061595917, 6.62726354599, 3.5372979641, 1.8899512291, 2.04677081108, 2.05422639847, 2.8039393425, 1.88355910778, 0.975554227829, 0.655608534813, 0.302931666374, 0.16060963273, 0.0561119988561, 0.0174514334649, 0.00611274782568, 0.00151100556832, 0.000197324814508, 1.50743662743e-05, 1.86433917406e-05], "max": [0.0414748489857, 0.420875638723, 8.27048015594, 41.0405426025, 274.857025146, 269.24017334, 199.000823975, 1065.90307617, 2023.5423584, 2841.02172852, 848.319824219, 1527.63659668, 2357.10327148, 2645.97973633, 2333.61279297, 561.030944824, 310.208190918, 377.429351807, 392.057861328, 284.786376953, 274.057037354, 298.011322021, 476.914733887, 309.969268799, 152.209976196, 378.077636719, 275.955383301, 439.906799316, 582.811767578, 204.892303467, 116.2654953, 70.7321624756, 44.1078529358, 6.56312942505, 1.5495839119, 0.448735743761, 0.115493759513, 0.0323994904757, 0.000987632432953, 0.000262536661467], "dmean2": [0.000204056181246, 0.00693061063066, 0.199768140912, 1.3650727272, 5.66238641739, 7.3266916275, 6.42997980118, 14.3687763214, 40.8001098633, 22.1300697327, 14.969291687, 14.7012872696, 21.2922878265, 24.4880409241, 19.205997467, 10.7719430923, 6.08822441101, 4.60746955872, 4.48752593994, 4.75536584854, 3.91992878914, 3.60326981544, 4.1334643364, 2.387560606, 1.42022168636, 1.4657330513, 1.40602993965, 1.87626886368, 1.16170334816, 0.64290446043, 0.452283024788, 0.221359953284, 0.127121642232, 0.0441264361143, 0.0143303005025, 0.00579590164125, 0.00149130716454, 0.000208191151614, 1.11855597424e-05, 7.47371450416e-06], "median": [0.000183321288205, 0.00290319533087, 0.0887021198869, 0.801530599594, 3.28790903091, 4.0206861496, 3.86575818062, 4.89123010635, 13.098107338, 4.5956568718, 2.04493188858, 1.48586845398, 0.860776603222, 1.23776090145, 2.1141500473, 1.47744619846, 0.927122473717, 0.636420488358, 0.507044792175, 0.512415826321, 0.656994581223, 0.681652784348, 0.661255419254, 0.417565524578, 0.188391923904, 0.122169628739, 0.148510470986, 0.176790937781, 0.117574594915, 0.0846411213279, 0.0369177162647, 0.018948206678, 0.0116473184898, 0.00604985607788, 0.00188161316328, 0.000579947489314, 7.94807201601e-05, 1.31641154439e-05, 6.18066633251e-06, 1.00418346847e-05], "dvar": [2.45687004963e-07, 0.000147563187056, 0.0864237174392, 3.71355175972, 78.9119873047, 117.971206665, 87.1175003052, 824.421569824, 6247.74169922, 3726.07617188, 1108.44152832, 1429.15136719, 4446.55224609, 4094.98950195, 2464.43725586, 591.227661133, 234.117401123, 156.973220825, 121.605918884, 117.025772095, 73.7032012939, 60.8629722595, 98.8463363647, 33.1136665344, 19.1993484497, 46.4049110413, 34.5371513367, 81.3666305542, 43.012638092, 10.2183675766, 4.96656560898, 1.23238706589, 0.359074831009, 0.0201394949108, 0.00157843367197, 0.000233206126723, 1.81180894288e-05, 4.68356176953e-07, 7.8567846673e-10, 8.01155738972e-11]}, "silence_rate_30dB": {"dvar2": 0.0152999777347, "var": 0.0102649535984, "min": 0, "dmean": 0.00630593998358, "mean": 0.989626765251, "max": 1, "dmean2": 0.0126131623983, "median": 1, "dvar": 0.00626487843692}, "melbands_spread": {"dvar2": 83.3583297729, "var": 288.177185059, "min": 0.302692949772, "dmean": 3.06331396103, "mean": 11.0173931122, "max": 187.671554565, "dmean2": 4.48924207687, "median": 6.60633993149, "dvar": 49.4563064575}, "melbands_crest": {"dvar2": 19.00872612, "var": 31.5089836121, "min": 3.23032546043, "dmean": 3.04640603065, "mean": 16.1309261322, "max": 33.5203819275, "dmean2": 4.83970451355, "median": 15.596411705, "dvar": 7.89940071106}, "zerocrossingrate": {"dvar2": 6.83114194544e-05, "var": 0.000815583742224, "min": 0.00634765625, "dmean": 0.00485385907814, "mean": 0.0335370227695, "max": 0.4951171875, "dmean2": 0.00569780683145, "median": 0.025390625, "dvar": 7.58600654081e-05}, "barkbands_kurtosis": {"dvar2": 224.321258545, "var": 315.510131836, "min": -1.89009225368, "dmean": 5.87068843842, "mean": 13.6921539307, "max": 426.761810303, "dmean2": 9.0810918808, "median": 8.30629062653, "dvar": 100.506813049}, "spectral_flux": {"dvar2": 0.000864294415805, "var": 0.00118823722005, "min": 1.02669740765e-10, "dmean": 0.0153751671314, "mean": 0.0443801954389, "max": 0.326723992825, "dmean2": 0.025221388787, "median": 0.0358289256692, "dvar": 0.000328314257786}, "barkbands_crest": {"dvar2": 12.7490005493, "var": 22.8077316284, "min": 2.51932263374, "dmean": 2.48543310165, "mean": 13.070561409, "max": 26.4056606293, "dmean2": 3.93434309959, "median": 12.6340303421, "dvar": 5.35815143585}, "barkbands_flatness_db": {"dvar2": 0.00114401441533, "var": 0.00372284743935, "min": 0.0383105352521, "dmean": 0.0246559418738, "mean": 0.241653904319, "max": 0.480419844389, "dmean2": 0.0369553118944, "median": 0.245340287685, "dvar": 0.000517681648489}, "spectral_entropy": {"dvar2": 0.132997393608, "var": 0.426155328751, "min": 3.92704057693, "dmean": 0.250334173441, "mean": 6.52889442444, "max": 9.78801631927, "dmean2": 0.369286328554, "median": 6.47094345093, "dvar": 0.0606153532863}, "pitch_salience": {"dvar2": 0.00939918775111, "var": 0.0171373169869, "min": 0.0555655807257, "dmean": 0.0662228167057, "mean": 0.540204644203, "max": 0.879346966743, "dmean2": 0.105506755412, "median": 0.538207888603, "dvar": 0.00383876496926}, "erbbands_spread": {"dvar2": 107.63684845, "var": 209.123428345, "min": 1.18150782585, "dmean": 5.26270151138, "mean": 21.294090271, "max": 127.098670959, "dmean2": 7.83083820343, "median": 17.3857822418, "dvar": 50.4925193787}, "dynamic_complexity": 5.65023469925, "spectral_contrast_valleys": {"dvar2": [0.35471868515, 0.233450010419, 0.219416335225, 0.220974057913, 0.255504071712, 0.328272491693], "var": [0.611413359642, 0.99101293087, 1.30674266815, 1.05096042156, 1.05129396915, 0.979410171509], "min": [-27.0219783783, -27.6342983246, -27.5134429932, -27.1838417053, -27.1601600647, -27.279548645], "dmean": [0.451388150454, 0.347252637148, 0.346114426851, 0.327144682407, 0.337776243687, 0.363416910172], "mean": [-9.50300979614, -7.75547981262, -8.65117740631, -9.20506954193, -9.27273082733, -11.911646843], "max": [-7.11948776245, -5.03046751022, -4.84406757355, -5.37988948822, -5.87469530106, -8.02711772919], "dmean2": [0.743148446083, 0.557358443737, 0.54193675518, 0.511598289013, 0.515687465668, 0.551056027412], "median": [-9.50691509247, -7.70102119446, -8.71133995056, -9.23241519928, -9.29575252533, -11.9539747238], "dvar": [0.144240394235, 0.103565745056, 0.105061434209, 0.0998639389873, 0.117414690554, 0.149750053883]}, "hfc": {"dvar2": 45.7253227234, "var": 199.851226807, "min": 1.17647013317e-16, "dmean": 2.53131937981, "mean": 9.43268680573, "max": 166.364105225, "dmean2": 3.48826503754, "median": 3.58724331856, "dvar": 23.7057514191}, "spectral_kurtosis": {"dvar2": 87.0837020874, "var": 73.0830917358, "min": -1.19969451427, "dmean": 4.75445604324, "mean": 10.8204431534, "max": 95.3561248779, "dmean2": 7.96850824356, "median": 8.62549686432, "dvar": 34.0201187134}, "mfcc": {"mean": [-770.425109863, 153.096893311, 1.01051950455, 17.2069206238, -14.0485773087, -8.141456604, -20.7773189545, -9.04564380646, -16.8052196503, -24.7619552612, -11.7599477768, -6.45058393478, -7.05391120911], "cov": [[7823.97460938, -744.249816895, -1177.26904297, -422.756988525, -1156.72961426, -354.093688965, -370.823760986, 396.721191406, 52.4981689453, -57.3348884583, 34.435710907, -142.269317627, -251.637207031], [-744.249816895, 1590.4453125, 290.339477539, -39.9923439026, -2.38253355026, -140.165771484, -57.5855636597, 54.1971740723, -75.4507827759, -238.307113647, -39.6906394958, -50.3533630371, -49.8070373535], [-1177.26904297, 290.339477539, 731.499267578, 233.206359863, 64.3863830566, 33.5820007324, 117.906341553, -44.1663360596, -50.2712173462, -34.7183227539, -40.7450408936, -17.6162166595, 26.1324768066], [-422.756988525, -39.9923439026, 233.206359863, 455.852172852, 241.97706604, 36.0339775085, -46.2688407898, -146.555404663, -27.7872753143, -5.24603128433, -47.7260322571, -9.57766342163, 23.9938735962], [-1156.72961426, -2.38253355026, 64.3863830566, 241.97706604, 705.399230957, 176.407028198, -74.3989486694, -270.094085693, -14.88630867, 70.7374343872, -50.4019126892, 34.7780075073, 79.3562393188], [-354.093688965, -140.165771484, 33.5820007324, 36.0339775085, 176.407028198, 216.929458618, 54.329536438, -76.5598526001, -0.65427929163, 41.4782867432, 12.3160123825, 16.878452301, 35.738079071], [-370.823760986, -57.5855636597, 117.906341553, -46.2688407898, -74.3989486694, 54.329536438, 297.838775635, 41.0765724182, -21.1270713806, 49.2009353638, 30.0841579437, 52.5278434753, 11.1024560928], [396.721191406, 54.1971740723, -44.1663360596, -146.555404663, -270.094085693, -76.5598526001, 41.0765724182, 275.927764893, 30.3113231659, -88.0725784302, 30.9102611542, -21.5500831604, -37.592464447], [52.4981689453, -75.4507827759, -50.2712173462, -27.7872753143, -14.88630867, -0.65427929163, -21.1270713806, 30.3113231659, 140.062347412, 33.7833557129, -29.0559978485, -21.8887329102, 1.40668201447], [-57.3348884583, -238.307113647, -34.7183227539, -5.24603128433, 70.7374343872, 41.4782867432, 49.2009353638, -88.0725784302, 33.7833557129, 209.100570679, 21.4029083252, 23.0518131256, 11.1760501862], [34.435710907, -39.6906394958, -40.7450408936, -47.7260322571, -50.4019126892, 12.3160123825, 30.0841579437, 30.9102611542, -29.0559978485, 21.4029083252, 134.408157349, 48.6128234863, -17.895570755], [-142.269317627, -50.3533630371, -17.6162166595, -9.57766342163, 34.7780075073, 16.878452301, 52.5278434753, -21.5500831604, -21.8887329102, 23.0518131256, 48.6128234863, 129.954071045, 26.8552112579], [-251.637207031, -49.8070373535, 26.1324768066, 23.9938735962, 79.3562393188, 35.738079071, 11.1024560928, -37.592464447, 1.40668201447, 11.1760501862, -17.895570755, 26.8552112579, 115.555999756]], "icov": [[0.000282804307062, 6.98204239598e-05, 0.000395318958908, -0.000165655234014, 0.000525773619302, -9.65685612755e-05, 0.000343521969626, -7.14673806215e-05, 0.000248767435551, -0.000132702218252, 0.000256594794337, 1.71608226083e-05, 0.000249031378189], [6.98204239598e-05, 0.000995329581201, -0.000413156842114, 0.000537557178177, -0.000275425729342, 0.000736954214517, 7.68798563513e-05, 0.0002520562266, 0.000157708360348, 0.00106794771273, -5.48294956388e-05, 0.000201513059437, 0.000438174436567], [0.000395318958908, -0.000413156842114, 0.00277726282366, -0.00158580695279, 0.00102335552219, -0.000514118291903, -0.000607324647717, -0.00016948589473, 0.000659249955788, -0.000334677519277, 0.000657934695482, 0.000497009372339, -0.00014584325254], [-0.000165655234014, 0.000537557178177, -0.00158580695279, 0.00398801965639, -0.00134564295877, 0.000885242887307, 0.00021722674137, 0.00134145456832, -8.59205101733e-05, 0.00117663794663, -5.30456381966e-05, 0.000221376336413, 0.000294952769764], [0.000525773619302, -0.000275425729342, 0.00102335552219, -0.00134564295877, 0.00417950795963, -0.00231137056835, 0.00145553203765, 0.00143106351607, 0.000419915159, -0.000813280057628, 0.00122653832659, -0.000843575166073, -0.000295924575767], [-9.65685612755e-05, 0.000736954214517, -0.000514118291903, 0.000885242887307, -0.00231137056835, 0.00759806670249, -0.00205618073232, 0.00124914431944, -0.000859769235831, 0.00127027719282, -0.0019999826327, 0.00140251207631, -0.000866890302859], [0.000343521969626, 7.68798563513e-05, -0.000607324647717, 0.00021722674137, 0.00145553203765, -0.00205618073232, 0.00576795497909, -0.00161720346659, 0.00151512003504, -0.00217078649439, 0.00117235910147, -0.00224797800183, 0.000324999185978], [-7.14673806215e-05, 0.0002520562266, -0.00016948589473, 0.00134145456832, 0.00143106351607, 0.00124914431944, -0.00161720346659, 0.00828107912093, -0.00273518101312, 0.00393491517752, -0.00222722394392, 0.00120588066056, 0.000220646965317], [0.000248767435551, 0.000157708360348, 0.000659249955788, -8.59205101733e-05, 0.000419915159, -0.000859769235831, 0.00151512003504, -0.00273518101312, 0.00964757893234, -0.00304136099294, 0.00312321446836, 0.000345808686689, 6.22974596354e-07], [-0.000132702218252, 0.00106794771273, -0.000334677519277, 0.00117663794663, -0.000813280057628, 0.00127027719282, -0.00217078649439, 0.00393491517752, -0.00304136099294, 0.00877811294049, -0.00242948438972, 0.000667095766403, 0.000313785043545], [0.000256594794337, -5.48294956388e-05, 0.000657934695482, -5.30456381966e-05, 0.00122653832659, -0.0019999826327, 0.00117235910147, -0.00222722394392, 0.00312321446836, -0.00242948438972, 0.0113694658503, -0.00433858111501, 0.00230236118659], [1.71608226083e-05, 0.000201513059437, 0.000497009372339, 0.000221376336413, -0.000843575166073, 0.00140251207631, -0.00224797800183, 0.00120588066056, 0.000345808686689, 0.000667095766403, -0.00433858111501, 0.0111294928938, -0.00260741915554], [0.000249031378189, 0.000438174436567, -0.00014584325254, 0.000294952769764, -0.000295924575767, -0.000866890302859, 0.000324999185978, 0.000220646965317, 6.22974596354e-07, 0.000313785043545, 0.00230236118659, -0.00260741915554, 0.0108007537201]]}, "silence_rate_20dB": {"dvar2": 0, "var": 0, "min": 1, "dmean": 0, "mean": 1, "max": 1, "dmean2": 0, "median": 1, "dvar": 0}, "melbands_kurtosis": {"dvar2": 333.543701172, "var": 453.112365723, "min": -1.85898864269, "dmean": 7.49079370499, "mean": 18.1417121887, "max": 238.603485107, "dmean2": 11.6300106049, "median": 11.8032941818, "dvar": 141.863372803}, "barkbands_spread": {"dvar2": 33.3089065552, "var": 73.9000549316, "min": 0.115304268897, "dmean": 2.22853732109, "mean": 7.90483188629, "max": 128.735717773, "dmean2": 3.35635948181, "median": 5.3482632637, "dvar": 16.1304683685}, "erbbands_skewness": {"dvar2": 0.407932698727, "var": 1.28474295139, "min": -3.71008896828, "dmean": 0.459270834923, "mean": 1.35905694962, "max": 7.96014022827, "dmean2": 0.684480786324, "median": 1.33233106136, "dvar": 0.192410513759}, "average_loudness": 0.0499533638358, "spectral_centroid": {"dvar2": 79784.84375, "var": 345317.21875, "min": 209.669570923, "dmean": 110.177612305, "mean": 711.262634277, "max": 11333.9882813, "dmean2": 161.105102539, "median": 517.602294922, "dvar": 47949.15625}, "dissonance": {"dvar2": 0.0025621347595, "var": 0.00408165995032, "min": 0.168169096112, "dmean": 0.0329962819815, "mean": 0.400945812464, "max": 0.500000178814, "dmean2": 0.054231222719, "median": 0.411652326584, "dvar": 0.000976163719315}, "erbbands_flatness_db": {"dvar2": 0.000808181532193, "var": 0.0026257566642, "min": 0.0224091727287, "dmean": 0.0218885727227, "mean": 0.248432978988, "max": 0.433082312346, "dmean2": 0.0317646451294, "median": 0.249509617686, "dvar": 0.00039020946133}, "spectral_strongpeak": {"dvar2": 0.754569113255, "var": 1.27769136429, "min": 0, "dmean": 0.379624247551, "mean": 1.04499709606, "max": 9.28685855865, "dmean2": 0.602935016155, "median": 0.645851910114, "dvar": 0.320068001747}, "spectral_rms": {"dvar2": 6.88955594796e-07, "var": 4.48944820164e-06, "min": 3.2068640278e-12, "dmean": 0.000516749161761, "mean": 0.00331873376854, "max": 0.0148033872247, "dmean2": 0.000723132572602, "median": 0.00288671883754, "dvar": 3.6793454683e-07}, "silence_rate_60dB": {"dvar2": 0.116704247892, "var": 0.185494616628, "min": 0, "dmean": 0.0567534565926, "mean": 0.246008336544, "max": 1, "dmean2": 0.113518461585, "median": 0, "dvar": 0.0535382293165}, "melbands": {"dvar2": [7.08686720419e-11, 3.05192173755e-08, 4.70943575692e-07, 1.3746375771e-06, 2.79309205098e-07, 6.74884347518e-07, 2.18622744796e-06, 7.95883579485e-07, 2.21123158894e-07, 1.25186829791e-07, 3.425661248e-07, 1.64891005738e-07, 6.95157496011e-08, 2.20154205977e-08, 7.42337746829e-09, 3.21877391407e-09, 1.82304016327e-09, 1.04342201546e-09, 1.68373903708e-09, 5.38174727005e-10, 3.3377464681e-10, 2.34820329847e-10, 1.25722279809e-10, 1.835608332e-10, 5.65022785504e-11, 2.04331100651e-11, 5.42962376449e-11, 6.12152967205e-11, 5.79299906656e-11, 1.48058527244e-11, 9.44073708098e-11, 4.08245520722e-11, 1.55880464786e-11, 4.51622940434e-12, 4.25154746478e-12, 1.63904523634e-12, 7.99603981118e-13, 5.26278890259e-13, 1.25350169697e-13, 2.58063918677e-14], "var": [4.65860613974e-11, 4.34072831013e-08, 7.05186096184e-07, 1.41128282394e-06, 3.08277918748e-07, 2.04809612114e-06, 4.99728912473e-06, 1.64273421888e-06, 2.20748191282e-07, 1.13858035888e-07, 3.20798278608e-07, 2.92433043114e-07, 1.14055701772e-07, 3.05157570324e-08, 5.37348876506e-09, 3.13850345712e-09, 1.58307911224e-09, 1.21508003659e-09, 1.97477167951e-09, 6.3070565437e-10, 4.47867909426e-10, 2.22510801451e-10, 1.81980291947e-10, 3.77438247323e-10, 7.31201557636e-11, 1.90126681759e-11, 4.2318381438e-11, 6.36050795366e-11, 5.39629833873e-11, 3.28697728758e-11, 1.26915256082e-10, 7.29282051415e-11, 2.52835825193e-11, 5.02846462386e-12, 6.7587797338e-12, 3.46953932598e-12, 1.08317792669e-12, 9.12838272853e-13, 2.12052285995e-13, 3.49800687006e-14], "min": [3.68540905448e-24, 2.38526668899e-24, 3.4284223107e-23, 2.55272817243e-23, 8.25052739147e-24, 9.2032591614e-24, 1.11963320157e-23, 1.13442828784e-23, 1.58708022513e-23, 1.34976546352e-23, 6.22983967237e-24, 5.55821256956e-24, 5.94506798533e-24, 1.76490272603e-23, 1.44248596551e-23, 1.27960622565e-23, 1.13615463105e-23, 1.63024953377e-23, 7.63488535268e-24, 4.52824895043e-24, 3.4843615419e-24, 5.97677467169e-24, 6.98718873987e-24, 1.08423511948e-23, 6.53228697128e-24, 8.72007633492e-24, 8.63104549316e-24, 7.51496429559e-24, 1.15447773995e-23, 7.84423641515e-24, 1.04930538412e-23, 9.36979874254e-24, 1.40140634942e-23, 1.25258387423e-23, 6.14646180785e-24, 1.30481222484e-23, 9.7996167065e-24, 1.27424552137e-23, 1.07876137143e-23, 9.84931494353e-24], "dmean": [1.48607387018e-06, 4.34057110397e-05, 0.000204912867048, 0.000333867326844, 0.000156708425493, 0.000271894736215, 0.000430735206464, 0.000151472806465, 8.75454788911e-05, 5.93050281168e-05, 7.13715926395e-05, 7.10672175046e-05, 4.85990058223e-05, 2.739575757e-05, 1.3165303244e-05, 8.43824000185e-06, 5.7610541262e-06, 4.75933575217e-06, 5.69380836168e-06, 3.6363246636e-06, 3.21735319631e-06, 2.59265243585e-06, 2.44961165663e-06, 2.50027369475e-06, 1.27043938392e-06, 7.04094929915e-07, 8.0636147004e-07, 6.95784137861e-07, 6.89859689373e-07, 5.53167524231e-07, 9.23793834318e-07, 5.4415016848e-07, 4.00416610091e-07, 2.07864317758e-07, 2.09997921274e-07, 1.3161458412e-07, 8.16767595779e-08, 6.38129762365e-08, 3.87641989619e-08, 2.14661461939e-08], "mean": [2.36990445046e-06, 8.82477033883e-05, 0.000483262905618, 0.000677408475894, 0.00034158930066, 0.000597854959778, 0.000951224530581, 0.000338301499141, 0.000159027098562, 0.000103542683064, 0.000134313551825, 0.000148011735291, 0.000104522106994, 5.09989040438e-05, 2.12650120375e-05, 1.50116520672e-05, 1.04777282104e-05, 9.5014438557e-06, 1.20640470413e-05, 8.22761739983e-06, 6.88335967425e-06, 4.9115924412e-06, 5.02111697642e-06, 6.20032596998e-06, 2.53959183283e-06, 1.28744886752e-06, 1.41300608902e-06, 1.33830769755e-06, 1.2855790601e-06, 1.26120482946e-06, 1.78882316959e-06, 1.13614692054e-06, 8.02203430794e-07, 4.09653978295e-07, 4.08047100109e-07, 2.61251074107e-07, 1.4811979554e-07, 1.18846806174e-07, 7.26275501961e-08, 3.96141359715e-08], "max": [0.000395467504859, 0.00301112513989, 0.0139314178377, 0.0198881980032, 0.00761001510546, 0.0211495216936, 0.0255938544869, 0.0325944200158, 0.0101611586288, 0.0112212300301, 0.0117541681975, 0.0102644907311, 0.00707853445783, 0.00377258448862, 0.00195865705609, 0.000855155580211, 0.000851926452015, 0.000644199259114, 0.000663661281578, 0.000456331326859, 0.000350273214281, 0.000406229868531, 0.00024840165861, 0.000395871087676, 0.000290540192509, 9.44413986872e-05, 0.000199299392989, 0.000324199878378, 0.000233837185078, 0.000146038189996, 0.000361731188605, 0.000479002541397, 0.000173422013177, 7.19109957572e-05, 8.60048021423e-05, 5.66634225834e-05, 3.57949611498e-05, 3.82682519557e-05, 1.63275472005e-05, 5.94722132519e-06], "dmean2": [2.46452782449e-06, 7.28761733626e-05, 0.000317695521517, 0.000525712152012, 0.000237669271883, 0.000354626972694, 0.000581745640375, 0.000214040221181, 0.000133905283292, 8.88913418748e-05, 0.0001122