{"tonal": {"thpcp": [1, 0.572389960289, 0.345659613609, 0.401431381702, 0.233547076583, 0.19688038528, 0.25430470705, 0.212054699659, 0.368880331516, 0.534334421158, 0.33945992589, 0.212086036801, 0.212794139981, 0.212226226926, 0.568210124969, 0.842790782452, 0.534051239491, 0.287257403135, 0.221204504371, 0.151995584369, 0.389146596193, 0.574382483959, 0.374464184046, 0.37101149559, 0.479276388884, 0.274779170752, 0.126856252551, 0.124500453472, 0.153189897537, 0.395072817802, 0.54175567627, 0.323344558477, 0.171158760786, 0.172857150435, 0.195792138577, 0.650354146957], "hpcp": {"dmean2": [0.176562711596, 0.155639797449, 0.122655831277, 0.125858724117, 0.149381801486, 0.234244212508, 0.257674068213, 0.21661812067, 0.169441834092, 0.139055624604, 0.122227586806, 0.113847270608, 0.127471461892, 0.121121615171, 0.153737932444, 0.171450555325, 0.154955282807, 0.134530365467, 0.135785609484, 0.148834735155, 0.218363717198, 0.224280864, 0.210625827312, 0.225971102715, 0.165588289499, 0.0946039259434, 0.14785695076, 0.179589539766, 0.163856968284, 0.166234984994, 0.175252512097, 0.135507360101, 0.0898443982005, 0.0857318565249, 0.106743268669, 0.1615190804], "median": [0.0617743358016, 0.0433397218585, 0.0160189904273, 0.0117425061762, 0.0172540955245, 0.186551421881, 0.299237728119, 0.164673507214, 0.0291802305728, 0.0189861878753, 0.0213045720011, 0.0253698565066, 0.030718671158, 0.0286433510482, 0.0555032342672, 0.0718088671565, 0.051743067801, 0.0271971821785, 0.0229827053845, 0.0287880320102, 0.137664228678, 0.196775496006, 0.127014487982, 0.0240584388375, 0.012110112235, 0.0107440780848, 0.0498426929116, 0.0849323570728, 0.0670525431633, 0.0563707724214, 0.0668845698237, 0.0367449074984, 0.0159701704979, 0.0139123555273, 0.0135731827468, 0.0409827157855], "min": [0, 0, 0, 0, 0, 0, 0, 0, 0, 0, 0, 0, 0, 0, 0, 0, 0, 0, 0, 0, 0, 0, 0, 0, 0, 0, 0, 0, 0, 0, 0, 0, 0, 0, 0, 0], "dvar2": [0.0706439986825, 0.0639831423759, 0.0589790418744, 0.0658547133207, 0.0759978219867, 0.0778060853481, 0.0908877700567, 0.0701662525535, 0.0707720071077, 0.0630881786346, 0.0516676194966, 0.0448491387069, 0.0521513298154, 0.0495882257819, 0.0577289275825, 0.0650155469775, 0.0643431991339, 0.057606190443, 0.0639214068651, 0.064133875072, 0.0785295441747, 0.0819301605225, 0.0667457059026, 0.129737317562, 0.0772228464484, 0.0431897938251, 0.0555548593402, 0.0674136951566, 0.0584634877741, 0.0641122683883, 0.0748692825437, 0.0550518631935, 0.04302899912, 0.0382590331137, 0.0483847782016, 0.0676843076944], "dvar": [0.0306717865169, 0.0235588438809, 0.0216140039265, 0.0244369488209, 0.0288173947483, 0.0302463751286, 0.0395199172199, 0.0270226188004, 0.0272825602442, 0.026743510738, 0.0196136012673, 0.0168034750968, 0.0207723639905, 0.0194776225835, 0.0237001553178, 0.0291807502508, 0.0245523061603, 0.0219600610435, 0.0240084715188, 0.0239228587598, 0.0315337739885, 0.0364206284285, 0.025908080861, 0.050007134676, 0.0299547407776, 0.0165832843632, 0.0222117286175, 0.0296798571944, 0.0229115914553, 0.0250309836119, 0.0313987843692, 0.020834447816, 0.0154761951417, 0.0139339799061, 0.0176867414266, 0.0259568095207], "dmean": [0.107593089342, 0.0911830589175, 0.0687491521239, 0.0707951188087, 0.0839926898479, 0.139481857419, 0.15635342896, 0.128022581339, 0.0980130806565, 0.0825876817107, 0.0702273547649, 0.0659709200263, 0.0758549571037, 0.0712164118886, 0.0932733565569, 0.105174444616, 0.0919000580907, 0.0785751566291, 0.0788138508797, 0.0855379328132, 0.133361145854, 0.13730700314, 0.124857455492, 0.127820491791, 0.0944322496653, 0.0549830384552, 0.0894203856587, 0.110692821443, 0.097807854414, 0.0992877185345, 0.106752283871, 0.0797658637166, 0.0505080446601, 0.0486095994711, 0.0606479868293, 0.0958935618401], "max": [1, 1, 1, 1, 1, 1, 1, 1, 1, 1, 1, 1, 1, 1, 1, 1, 1, 1, 1, 1, 1, 1, 1, 1, 1, 1, 1, 1, 1, 1, 1, 1, 1, 1, 1, 1], "var": [0.10068859905, 0.0374477617443, 0.0239527896047, 0.0274254325777, 0.0305119790137, 0.0627618432045, 0.131862461567, 0.0513718128204, 0.0529791601002, 0.0859855785966, 0.0284761656076, 0.0214590821415, 0.035065561533, 0.0244920048863, 0.0466630682349, 0.094984896481, 0.0426214784384, 0.0253216251731, 0.0286045446992, 0.0247677862644, 0.064832277596, 0.128849133849, 0.0579735562205, 0.0505836829543, 0.0363724455237, 0.022873532027, 0.0528063550591, 0.0968108922243, 0.0421910695732, 0.047766469419, 0.0808479338884, 0.0312765091658, 0.0143867032602, 0.0143597340211, 0.0205939318985, 0.0613795556128], "mean": [0.22680939734, 0.135370209813, 0.0716566815972, 0.0723677203059, 0.0819695964456, 0.272274821997, 0.418656229973, 0.239634618163, 0.144712552428, 0.168061748147, 0.0977759361267, 0.0824251994491, 0.106466256082, 0.0887780189514, 0.15443405509, 0.223702445626, 0.142117008567, 0.0887911394238, 0.0890875905752, 0.0888498350978, 0.237884700298, 0.352839618921, 0.223583877087, 0.120262101293, 0.0926086455584, 0.0636338964105, 0.162918642163, 0.240468814969, 0.156771764159, 0.155326277018, 0.200652047992, 0.115038014948, 0.0531091578305, 0.0521228909492, 0.0641339048743, 0.165399700403]}, "tuning_equal_tempered_deviation": 0.0121352914721, "chords_changes_rate": 0.0363843105733, "key_key": "E", "tuning_diatonic_strength": 0.517509222031, "key_scale": "minor", "chords_number_rate": 0.00156338827219, "tuning_frequency": 440.763122559, "tuning_nontempered_energy_ratio": 0.629466176033, "chords_histogram": [33.7265510559, 2.41614556313, 21.1341667175, 7.78851604462, 1.08015918732, 3.12677669525, 0, 1.81921541691, 0.355315506458, 2.52984642982, 0.44059124589, 1.09437179565, 0, 0, 0.497441738844, 0.113700963557, 0, 0.0852757245302, 0, 0.326890289783, 0.426378637552, 0.724843680859, 13.8857307434, 8.42808437347], "key_strength": 0.783471465111, "chords_key": "E", "chords_strength": {"dmean2": 0.00657318159938, "median": 0.545045912266, "min": 0.238027393818, "dvar2": 4.22100129072e-05, "dvar": 5.38476015208e-05, "dmean": 0.00815467070788, "max": 0.776186108589, "var": 0.00937018077821, "mean": 0.536023557186}, "chords_scale": "minor", "hpcp_entropy": {"dmean2": 0.870129585266, "median": 1.83752393723, "min": 0, "dvar2": 0.527713596821, "dvar": 0.206992775202, "dmean": 0.523827254772, "max": 4.07454967499, "var": 0.456684440374, "mean": 1.84032213688}}, "metadata": {"audio_properties": {"equal_loudness": 0, "codec": "mp3", "downmix": "mix", "sample_rate": 44100, "analysis_sample_rate": 44100, "bit_rate": 160013, "md5_encoded": "081387d237d2f35e57d34a523774b577", "length": 326.661224365, "replay_gain": -10.2823638916, "lossless": false}, "version": {"essentia_build_sha": "70f2e5ece6736b2c40cc944ad0e695b16b925413", "essentia": "2.1-beta2", "extractor": "music 1.0", "essentia_git_sha": "v2.1_beta2"}, "tags": {"title": ["La complainte du mar\u00e9chal Biron"], "media": ["12\" Vinyl"], "albumartist": ["Garolou"], "musicbrainz_recordingid": ["14d752e1-f658-4fa5-b03d-9d667d6a76dd"], "encoding": ["Lavf56.36.100"], "originalyear": ["1997"], "discnumber": ["1/1"], "album": ["R\u00e9union"], "catalognumber": ["FK-2701"], "musicbrainz album release country": ["CA"], "musicbrainz album type": ["album"], "musicbrainz album status": ["official"], "musicbrainz_albumartistid": ["d73406e7-3788-48ed-9e74-14f6f15ffeb8"], "date": ["1997"], "file_name": "Garolou - La complainte de Mar\u00e9chal Biron.mp3", "musicbrainz_releasegroupid": ["c0a39ea2-e710-474c-8207-1796db28f3ff"], "script": ["Latn"], "originaldate": ["1997"], "musicbrainz_albumid": ["2b09a7a4-5019-435e-a4d7-ffb7ba309db7"], "artist": ["Garolou"], "artistsort": ["Garolou"], "tracknumber": ["14/15"], "label": ["Francor"], "albumartistsort": ["Garolou"], "musicbrainz_artistid": ["d73406e7-3788-48ed-9e74-14f6f15ffeb8"]}}, "rhythm": {"bpm_histogram_first_peak_bpm": {"dmean2": 0, "median": 123, "min": 123, "dvar2": 0, "dvar": 0, "dmean": 0, "max": 123, "var": 0, "mean": 123}, "bpm": 123.190879822, "bpm_histogram_second_peak_spread": {"dmean2": 0, "median": 0.218181848526, "min": 0.218181848526, "dvar2": 0, "dvar": 0, "dmean": 0, "max": 0.218181848526, "var": 0, "mean": 0.218181848526}, "bpm_histogram_first_peak_weight": {"dmean2": 0, "median": 0.541916191578, "min": 0.541916191578, "dvar2": 0, "dvar": 0, "dmean": 0, "max": 0.541916191578, "var": 0, "mean": 0.541916191578}, "onset_rate": 3.72534036636, "beats_position": [0.49922901392, 1.01006805897, 1.50929701328, 1.99691605568, 2.48453521729, 2.97215414047, 3.43655323982, 3.9125623703, 4.38857126236, 4.87619018555, 5.3754196167, 5.87464857101, 6.38548755646, 6.8963265419, 7.4303855896, 7.94122457504, 8.44045352936, 8.93968200684, 9.42730140686, 9.91492080688, 10.4025392532, 10.8901586533, 11.3777770996, 11.8653964996, 12.3530158997, 12.840634346, 13.3166437149, 13.7926530838, 14.2802715302, 14.7446708679, 15.2206802368, 15.696688652, 16.1843090057, 16.6719264984, 17.1595458984, 17.6355552673, 18.1115646362, 18.5991840363, 19.0751914978, 19.5512008667, 20.0388202667, 20.5264396667, 21.0140590668, 21.5016784668, 21.9892959595, 22.4769153595, 22.9645347595, 23.4405441284, 23.9281635284, 24.40417099, 24.89179039, 25.3677997589, 25.8438091278, 26.3314285278, 26.8190479279, 27.3066654205, 27.7942848206, 28.2819042206, 28.7695236206, 29.2455329895, 29.7447605133, 30.2323799133, 30.7199993134, 31.2076187134, 31.6952381134, 32.171245575, 32.6588668823, 33.1348762512, 33.6108856201, 34.0868911743, 34.5745124817, 35.0505218506, 35.5265312195, 36.0141487122, 36.5017662048, 36.9893875122, 37.4770050049, 37.9646263123, 38.4522438049, 38.9514732361, 39.4507026672, 39.9499320984, 40.4375495911, 40.9251708984, 41.4011802673, 41.8771858215, 42.3648071289, 42.8756446838, 43.374874115, 43.8741035461, 44.3733329773, 44.86095047, 45.3485717773, 45.83618927, 46.3238105774, 46.7998161316, 47.2758255005, 47.7634468079, 48.2510643005, 48.7386856079, 49.2263031006, 49.7139205933, 50.2015419006, 50.6891593933, 51.1767807007, 51.6643981934, 52.1404075623, 52.6280250549, 53.1156463623, 53.5916557312, 54.0792732239, 54.5668907166, 55.0545120239, 55.5421295166, 56.029750824, 56.5173683167, 57.0049858093, 57.4926071167, 57.9686164856, 58.4446258545, 58.9322433472, 59.4198646545, 59.9074821472, 60.3950996399, 60.8827209473, 61.3703384399, 61.8579597473, 62.34557724, 62.8331947327, 63.32081604, 63.8084335327, 64.3076629639, 64.7836685181, 65.2712936401, 65.7589111328, 66.2465286255, 66.7341461182, 67.2333755493, 67.720993042, 68.2202224731, 68.7078475952, 69.1954650879, 69.6830825806, 70.1707000732, 70.6583175659, 71.145942688, 71.6335601807, 72.1211776733, 72.6204071045, 73.1196365356, 73.6188659668, 74.1180953979, 74.6289291382, 75.1281585693, 75.6273880005, 76.1150131226, 76.6026306152, 77.0902481079, 77.5894775391, 78.0887069702, 78.5763244629, 79.0639419556, 79.5515594482, 80.0391845703, 80.526802063, 81.0260314941, 81.5252609253, 82.012878418, 82.5004959106, 82.9881134033, 83.4641265869, 83.9517440796, 84.4393615723, 84.9153747559, 85.4029922485, 85.8906097412, 86.3782272339, 86.865852356, 87.3534698486, 87.8410873413, 88.328704834, 88.8163223267, 89.3039474487, 89.8031692505, 90.3023986816, 90.8132400513, 91.3240814209, 91.8349151611, 92.3457565308, 92.8565979004, 93.3442153931, 93.8434448242, 94.3426742554, 94.8419036865, 95.3411331177, 95.8287506104, 96.316368103, 96.8039855957, 97.2916107178, 97.802444458, 98.2900695801, 98.7776870728, 99.2653045654, 99.7413101196, 100.217323303, 100.704940796, 101.192558289, 101.680175781, 102.167800903, 102.667030334, 103.166259766, 103.653877258, 104.141494751, 104.629112244, 105.116729736, 105.615959167, 106.115188599, 106.602806091, 107.090431213, 107.578048706, 108.065666199, 108.553283691, 109.040908813, 109.528526306, 110.016143799, 110.503761292, 110.991378784, 111.479003906, 111.966621399, 112.454238892, 112.953468323, 113.452697754, 113.940315247, 114.427932739, 114.915550232, 115.414779663, 115.914009094, 116.401634216, 116.889251709, 117.376869202, 117.864486694, 118.352104187, 118.851333618, 119.338951111, 119.826576233, 120.314193726, 120.813423157, 121.301040649, 121.800270081, 122.299499512, 122.810340881, 123.309570312, 123.820404053, 124.331245422, 124.842086792, 125.364532471, 125.886978149, 126.421043396, 126.943489075, 127.454330444, 127.953559875, 128.452789307, 128.952011108, 129.451248169, 129.962081909, 130.46131897, 130.960540771, 131.448165894, 131.935775757, 132.435012817, 132.934234619, 133.445083618, 133.955917358, 134.45513916, 134.965988159, 135.476821899, 135.999267578, 136.521713257, 137.044174194, 137.566619873, 138.089065552, 138.623123169, 139.157180786, 139.691238403, 140.236907959, 140.770965576, 141.363082886, 141.943572998, 142.535690308, 143.034912109, 143.53414917, 144.033370972, 144.532608032, 145.031829834, 145.531066895, 146.018676758, 146.50630188, 146.982315063, 147.469924927, 147.957550049, 148.445159912, 148.932785034, 149.420410156, 149.919631958, 150.418869019, 150.91809082, 151.417327881, 151.904937744, 152.404174805, 152.903396606, 153.391021729, 153.878631592, 154.366256714, 154.853881836, 155.329879761, 155.817504883, 156.305114746, 156.78112793, 157.268753052, 157.756362915, 158.232376099, 158.708389282, 159.195999146, 159.683624268, 160.17124939, 160.658859253, 161.134872437, 161.61088562, 162.098495483, 162.586120605, 163.073745728, 163.549743652, 164.037368774, 164.513381958, 164.989379883, 165.465393066, 165.953018188, 166.440628052, 166.928253174, 167.415863037, 167.891876221, 168.367889404, 168.855514526, 169.34312439, 169.830749512, 170.318359375, 170.805984497, 171.281997681, 171.757995605, 172.234008789, 172.710021973, 173.197631836, 173.685256958, 174.17288208, 174.660491943, 175.148117065, 175.635726929, 176.123352051, 176.610977173, 177.110198975, 177.597824097, 178.08543396, 178.573059082, 179.072280884, 179.559906006, 180.047531128, 180.535140991, 181.022766113, 181.521987915, 182.021224976, 182.520446777, 183.019683838, 183.51890564, 184.0181427, 184.505752563, 184.993377686, 185.480987549, 185.968612671, 186.456237793, 186.943847656, 187.431472778, 187.919082642, 188.406707764, 188.894332886, 189.381942749, 189.869567871, 190.357177734, 190.833190918, 191.32081604, 191.808425903, 192.284439087, 192.772064209, 193.259674072, 193.747299194, 194.234924316, 194.72253418, 195.22177124, 195.720993042, 196.208618164, 196.696228027, 197.183853149, 197.671463013, 198.159088135, 198.646713257, 199.13432312, 199.621948242, 200.109558105, 200.585571289, 201.073196411, 201.560806274, 202.048431396, 202.52444458, 203.012054443, 203.499679565, 203.987304688, 204.474914551, 204.962539673, 205.461761475, 205.960998535, 206.448608398, 206.936233521, 207.423858643, 207.911468506, 208.399093628, 208.875091553, 209.351104736, 209.838729858, 210.326339722, 210.802352905, 211.301589966, 211.789199829, 212.300048828, 212.810882568, 213.31010437, 213.809341431, 214.308563232, 214.807800293, 215.318634033, 215.806259155, 216.293869019, 216.793106079, 217.292327881, 217.791564941, 218.290786743, 218.778411865, 219.266021729, 219.753646851, 220.241271973, 220.728881836, 221.216506958, 221.704116821, 222.191741943, 222.679367065, 223.166976929, 223.654602051, 224.142211914, 224.629837036, 225.117462158, 225.605072021, 226.081085205, 226.557098389, 227.044708252, 227.532333374, 228.019943237, 228.507568359, 228.983581543, 229.471191406, 229.958816528, 230.434829712, 230.922439575, 231.410064697, 231.886077881, 232.362075806, 232.849700928, 233.33732605, 233.824935913, 234.312561035, 234.800170898, 235.287796021, 235.775421143, 236.263031006, 236.750656128, 237.238265991, 237.725891113, 238.213516235, 238.712738037, 239.188751221, 239.676361084, 240.163986206, 240.651611328, 241.139221191, 241.626846313, 242.114456177, 242.602081299, 243.089706421, 243.577316284, 244.064941406, 244.55255127, 245.063400269, 245.56262207, 246.061859131, 246.549468994, 247.037094116, 247.524719238, 248.02394104, 248.523162842, 249.010787964, 249.498413086, 249.974411011, 250.450424194, 250.938049316, 251.42565918, 251.913284302, 252.389297485, 252.876907349, 253.352920532, 253.840545654, 254.328155518, 254.81578064, 255.303390503, 255.791015625, 256.278625488, 256.766265869, 257.242248535, 257.718261719, 258.2059021, 258.681884766, 259.157897949, 259.64553833, 260.133148193, 260.620758057, 261.108398438, 261.584381104, 262.060394287, 262.548034668, 263.035644531, 263.523254395, 264.010864258, 264.498504639, 264.986114502, 265.473724365, 265.961364746, 266.448974609, 266.936584473, 267.412597656, 267.88861084, 268.364624023, 268.840637207, 269.32824707, 269.815856934, 270.303497314, 270.791107178, 271.278717041, 271.754730225, 272.242340088, 272.718353271, 273.205993652, 273.693603516, 274.181213379, 274.668823242, 275.144836426, 275.620849609, 276.10848999, 276.596099854, 277.083709717, 277.548126221, 278.035736084, 278.511749268, 278.987762451, 279.475372314, 279.939758301, 280.415771484, 280.891784668, 281.379394531, 281.867034912, 282.354644775, 282.830657959, 283.306671143, 283.782684326, 284.258666992, 284.734680176, 285.210693359, 285.698303223, 286.174316406, 286.65032959, 287.137939453, 287.625579834, 288.101593018, 288.577606201, 289.041992188, 289.529602051, 290.017242432, 290.493225098, 290.969238281, 291.456878662, 291.944488525, 292.420501709, 292.896514893, 293.384124756, 293.871734619, 294.347747803, 294.823760986, 295.288146973, 295.764160156, 296.24017334, 296.704589844, 297.18057251, 297.656585693, 298.132598877, 298.608612061, 299.072998047, 299.537414551, 300.013427734, 300.489440918, 300.953826904, 301.429840088, 301.905853271, 302.370239258, 302.834655762, 303.299041748, 303.775054932, 304.251068115, 304.715454102, 305.179870605, 305.644256592, 306.108642578, 306.596282959, 307.083892822, 307.559906006, 307.954650879, 308.360992432, 308.767333984, 309.104034424, 309.429107666, 309.754180908, 310.07925415, 310.40435791, 310.810699463, 311.217041016, 311.623382568, 312.029754639, 312.436096191, 312.842437744, 313.248779297, 313.771240234, 314.293701172, 314.816131592, 315.326965332, 315.83782959, 316.34866333, 316.85949707, 317.370330811, 317.881164551, 318.391998291, 318.902862549, 319.413696289, 319.924530029, 320.43536377, 320.957824707, 321.45703125, 321.944671631, 322.432281494, 322.943115234, 323.453948975, 323.964813232, 324.464019775, 324.974884033, 325.485717773, 325.996551514], "beats_loudness": {"dmean2": 0.0301072057337, "median": 0.0357339456677, "min": 0.000308448128635, "dvar2": 0.000618375837803, "dvar": 0.000203238247195, "dmean": 0.0167332924902, "max": 0.106461577117, "var": 0.000338043319061, "mean": 0.0367749333382}, "danceability": 1.01785969734, "bpm_histogram_second_peak_weight": {"dmean2": 0, "median": 0.0643712580204, "min": 0.0643712580204, "dvar2": 0, "dvar": 0, "dmean": 0, "max": 0.0643712580204, "var": 0, "mean": 0.0643712580204}, "beats_count": 669, "bpm_histogram_second_peak_bpm": {"dmean2": 0, "median": 117, "min": 117, "dvar2": 0, "dvar": 0, "dmean": 0, "max": 117, "var": 0, "mean": 117}, "bpm_histogram_first_peak_spread": {"dmean2": 0, "median": 0.366024494171, "min": 0.366024494171, "dvar2": 0, "dvar": 0, "dmean": 0, "max": 0.366024494171, "var": 0, "mean": 0.366024494171}, "beats_loudness_band_ratio": {"dmean2": [0.434132456779, 0.251937627792, 0.228467553854, 0.187865644693, 0.0792833343148, 0.144063860178], "median": [0.304622232914, 0.168598398566, 0.121236890554, 0.135481968522, 0.0461647696793, 0.0505992732942], "min": [0.0127451671287, 7.31079053367e-05, 0.00396425835788, 0.0142585458234, 0.00326405325904, 0.00084703421453], "dvar2": [0.103565715253, 0.0473977550864, 0.0477899424732, 0.0296471659094, 0.00769335916266, 0.0135241700336], "dvar": [0.0302600152791, 0.0159759130329, 0.0176337528974, 0.0108012100682, 0.0027436860837, 0.00435605784878], "dmean": [0.234780132771, 0.140954062343, 0.130235880613, 0.106843024492, 0.0454573966563, 0.0749413520098], "max": [0.829508066177, 0.793822944164, 0.803551912308, 0.789352476597, 0.632083177567, 0.480389028788], "var": [0.0428142882884, 0.0242901761085, 0.0224526785314, 0.0161941032857, 0.0063446033746, 0.00472733005881], "mean": [0.337970107794, 0.206139877439, 0.173008322716, 0.176129698753, 0.0695196837187, 0.072206504643]}}, "lowlevel": {"barkbands_spread": {"dmean2": 7.44328069687, "median": 19.7648468018, "min": 1.76661527157, "dvar2": 90.3247146606, "dvar": 43.7324752808, "dmean": 5.01878499985, "max": 99.3526153564, "var": 154.195358276, "mean": 22.4199752808}, "melbands_spread": {"dmean2": 7.81423616409, "median": 22.1026191711, "min": 1.82801246643, "dvar2": 119.535179138, "dvar": 58.4037971497, "dmean": 5.0458445549, "max": 230.234680176, "var": 198.64906311, "mean": 24.1195335388}, "hfc": {"dmean2": 11.4743356705, "median": 19.4451618195, "min": 2.84589987132e-07, "dvar2": 471.25769043, "dvar": 212.693756104, "dmean": 7.9779047966, "max": 496.584777832, "var": 594.785705566, "mean": 25.9729728699}, "barkbands_kurtosis": {"dmean2": 2.08778905869, "median": 1.11260890961, "min": -1.84675598145, "dvar2": 8.13873100281, "dvar": 3.33398365974, "dmean": 1.33391177654, "max": 38.2645492554, "var": 10.5932016373, "mean": 1.99139916897}, "gfcc": {"mean": [18.0837497711, 88.1569671631, -117.983398438, 12.514087677, -55.5413970947, 18.6180934906, -38.1420783997, 5.98443126678, -30.815782547, 0.453135788441, -15.6006736755, 6.07325553894, -13.9015827179], "icov": [[0.000406681327149, 3.60869089491e-05, -0.000239393528318, -0.000428669038229, 0.000147465107148, -0.00012899551075, 0.000132881730678, -0.000131608918309, 0.000203011586564, -0.000243939721258, 0.000679990800563, -0.000335810676916, 0.000850087439176], [3.60869089491e-05, 0.00134961213917, -0.000602933287155, 2.36001651501e-05, -0.000803122646175, 0.000666704436298, -0.000705166370608, 0.0015312890755, -0.00135272659827, 0.00212304270826, -0.00176719133742, 0.00206516426988, -0.000716412789188], [-0.000239393528318, -0.000602933287155, 0.00170613999944, -2.99474254462e-06, -0.000343263178365, -0.000778563087806, 0.00109545362648, -5.72733006265e-06, 0.00142466637772, -0.00162826210726, 0.00136736372951, -0.0012644106755, 0.000906373432372], [-0.000428669038229, 2.36001651501e-05, -2.99474254462e-06, 0.00375210144557, -0.00037560032797, -0.0003156872408, 4.65807206638e-05, 0.000906309229322, -0.00105587195139, 0.00137470976915, -0.00145494285971, 0.000879086786881, -0.00219899741933], [0.000147465107148, -0.000803122646175, -0.000343263178365, -0.00037560032797, 0.00497402949259, -0.000321011437336, -0.000194775464479, -0.00149236340076, 0.000313013006235, -0.00166454701684, 0.0020633940585, -0.00183813762851, -0.000324259133777], [-0.00012899551075, 0.000666704436298, -0.000778563087806, -0.0003156872408, -0.000321011437336, 0.0064001083374, -0.00241630291566, -0.00027045616298, -0.000449079758255, -8.91044182936e-05, -0.00116459594574, 0.00223993812688, -0.0018303077668], [0.000132881730678, -0.000705166370608, 0.00109545362648, 4.65807206638e-05, -0.000194775464479, -0.00241630291566, 0.0079447068274, -0.00292466953397, 0.00016282038996, -0.000947190972511, 0.000855586142279, -0.00187706726138, 0.00130020035431], [-0.000131608918309, 0.0015312890755, -5.72733006265e-06, 0.000906309229322, -0.00149236340076, -0.00027045616298, -0.00292466953397, 0.00987590570003, -0.00401147082448, 0.00195964821614, -0.000997668947093, -0.000640387588646, 0.000583817192819], [0.000203011586564, -0.00135272659827, 0.00142466637772, -0.00105587195139, 0.000313013006235, -0.000449079758255, 0.00016282038996, -0.00401147082448, 0.0123623088002, -0.00430145254359, 0.00117082498036, 0.00132135127205, -0.000326085981214], [-0.000243939721258, 0.00212304270826, -0.00162826210726, 0.00137470976915, -0.00166454701684, -8.91044182936e-05, -0.000947190972511, 0.00195964821614, -0.00430145254359, 0.0139100672677, -0.0044934367761, 0.00157361919992, -0.000213002349483], [0.000679990800563, -0.00176719133742, 0.00136736372951, -0.00145494285971, 0.0020633940585, -0.00116459594574, 0.000855586142279, -0.000997668947093, 0.00117082498036, -0.0044934367761, 0.0147654404864, -0.0069607202895, 0.00340292416513], [-0.000335810676916, 0.00206516426988, -0.0012644106755, 0.000879086786881, -0.00183813762851, 0.00223993812688, -0.00187706726138, -0.000640387588646, 0.00132135127205, 0.00157361919992, -0.0069607202895, 0.0188053231686, -0.00689217494801], [0.000850087439176, -0.000716412789188, 0.000906373432372, -0.00219899741933, -0.000324259133777, -0.0018303077668, 0.00130020035431, 0.000583817192819, -0.000326085981214, -0.000213002349483, 0.00340292416513, -0.00689217494801, 0.0163011997938]], "cov": [[4636.98046875, -538.209411621, 1273.74511719, 223.680801392, 16.2478981018, 113.422294617, -199.315917969, -50.8842964172, -209.322860718, 138.659500122, -241.785171509, 16.4152355194, -220.297851562], [-538.209411621, 1982.47875977, 180.038742065, 177.792434692, 115.138137817, -130.117477417, -55.498966217, -272.57711792, 66.7653503418, -199.075561523, 70.888381958, -155.322235107, 49.3023452759], [1273.74511719, 180.038742065, 1340.8996582, 31.4563026428, 124.489326477, 47.8051567078, -182.012084961, -133.934082031, -159.389297485, 83.2966537476, -109.49861145, 11.1860218048, -76.178855896], [223.680801392, 177.792434692, 31.4563026428, 355.007537842, 15.7323694229, 16.2119731903, -22.914937973, -49.5440101624, 15.5646934509, -36.2707481384, 12.4239120483, -13.3097705841, 39.6416053772], [16.2478981018, 115.138137817, 124.489326477, 15.7323694229, 260.771728516, 21.8503017426, 20.5106601715, 24.6803359985, 8.5530796051, 18.8750839233, -22.0263462067, 16.8295993805, 16.6653709412], [113.422294617, -130.117477417, 47.8051567078, 16.2119731903, 21.8503017426, 207.693084717, 63.6188735962, 46.214176178, 11.6342058182, 30.0123405457, -3.27502727509, 2.17023944855, 7.14685916901], [-199.315917969, -55.498966217, -182.012084961, -22.914937973, 20.5106601715, 63.6188735962, 203.74230957, 92.1713638306, 44.8879508972, 7.79889440536, 17.8457164764, 14.3954124451, 6.34427309036], [-50.8842964172, -272.57711792, -133.934082031, -49.5440101624, 24.6803359985, 46.214176178, 92.1713638306, 198.054733276, 51.5308036804, 25.3786849976, 3.93730092049, 29.2871055603, -4.40407943726], [-209.322860718, 66.7653503418, -159.389297485, 15.5646934509, 8.5530796051, 11.6342058182, 44.8879508972, 51.5308036804, 131.983840942, 11.101348877, 16.8665122986, -15.8713102341, 13.4165773392], [138.659500122, -199.075561523, 83.2966537476, -36.2707481384, 18.8750839233, 30.0123405457, 7.79889440536, 25.3786849976, 11.101348877, 121.019454956, 7.35155296326, 17.6607437134, -15.5542507172], [-241.785171509, 70.888381958, -109.49861145, 12.4239120483, -22.0263462067, -3.27502727509, 17.8457164764, 3.93730092049, 16.8665122986, 7.35155296326, 110.213790894, 21.9732227325, 7.83453941345], [16.4152355194, -155.322235107, 11.1860218048, -13.3097705841, 16.8295993805, 2.17023944855, 14.3954124451, 29.2871055603, -15.8713102341, 17.6607437134, 21.9732227325, 91.693321228, 22.3761196136], [-220.297851562, 49.3023452759, -76.178855896, 39.6416053772, 16.6653709412, 7.14685916901, 6.34427309036, -4.40407943726, 13.4165773392, -15.5542507172, 7.83453941345, 22.3761196136, 93.2594146729]]}, "spectral_energyband_middle_low": {"dmean2": 0.00611860258505, "median": 0.0119922999293, "min": 4.3808056141e-12, "dvar2": 6.07733163633e-05, "dvar": 2.53093458014e-05, "dmean": 0.00383346714079, "max": 0.105222202837, "var": 0.000108181040559, "mean": 0.0142795825377}, "melbands_crest": {"dmean2": 4.06249380112, "median": 10.4248390198, "min": 3.55671691895, "dvar2": 15.7399206161, "dvar": 6.16121149063, "dmean": 2.50283932686, "max": 29.9628677368, "var": 15.9218330383, "mean": 11.2089548111}, "spectral_kurtosis": {"dmean2": 3.0492374897, "median": 5.13543128967, "min": -1.38302004337, "dvar2": 14.6209516525, "dvar": 5.82142400742, "dmean": 1.90828251839, "max": 61.0833892822, "var": 18.7119426727, "mean": 6.064204216}, "spectral_rms": {"dmean2": 0.000959635770414, "median": 0.00501153431833, "min": 3.35695602871e-07, "dvar2": 1.19252081276e-06, "dvar": 5.29295277829e-07, "dmean": 0.000621025799774, "max": 0.0118014868349, "var": 2.85586065729e-06, "mean": 0.00501618068665}, "zerocrossingrate": {"dmean2": 0.0128510501236, "median": 0.056640625, "min": 0.00830078125, "dvar2": 0.000230665347772, "dvar": 0.000201933566132, "dmean": 0.0111618200317, "max": 0.421875, "var": 0.00139934499748, "mean": 0.0665500983596}, "silence_rate_60dB": {"dmean2": 0.0164913274348, "median": 0, "min": 0, "dvar2": 0.0196328032762, "dvar": 0.00817767344415, "dmean": 0.00824507791549, "max": 1, "var": 0.045286025852, "mean": 0.0475479736924}, "erbbands_kurtosis": {"dmean2": 1.2167699337, "median": 0.33490395546, "min": -1.65896630287, "dvar2": 2.22046232224, "dvar": 0.966271519661, "dmean": 0.786884188652, "max": 24.9079685211, "var": 3.36358213425, "mean": 0.779909789562}, "erbbands": {"dmean2": [0.145277783275, 0.883406221867, 1.95738565922, 3.77719831467, 6.27747631073, 13.6676664352, 12.7723503113, 12.3264665604, 14.9499988556, 20.3123397827, 22.2634811401, 27.4478626251, 24.1028175354, 26.6386947632, 40.2623786926, 41.3795585632, 49.6371383667, 32.19008255, 25.783454895, 14.3624668121, 18.3523254395, 18.7121334076, 14.5075473785, 12.4830093384, 7.13545513153, 6.09300661087, 4.82030344009, 4.81263971329, 4.62833404541, 3.43934464455, 3.83289146423, 4.55058383942, 2.30915141106, 1.608304739, 1.5968515873, 1.00293707848, 0.306890010834, 0.07879691571, 0.00716350739822, 0.000113678186608], "median": [0.030438490212, 0.413669228554, 1.26457619667, 2.62611222267, 5.3559923172, 11.8741064072, 10.322271347, 9.9639005661, 7.70683288574, 12.4196710587, 10.0604867935, 14.0656747818, 16.8941726685, 21.7228469849, 32.9214477539, 30.2167129517, 28.7053337097, 19.3033008575, 14.6116905212, 9.32984447479, 9.68338871002, 10.9343442917, 10.1620998383, 8.5051908493, 4.41011142731, 3.4901137352, 2.57143688202, 2.11242389679, 1.84180855751, 1.4452829361, 1.11624085903, 0.906735181808, 0.462476164103, 0.279839426279, 0.192791238427, 0.0899576842785, 0.0200946629047, 0.002461287193, 0.000127950945171, 4.0991253627e-05], "min": [2.96152512236e-11, 1.84580795093e-10, 1.74040237777e-09, 3.51943318933e-09, 5.33956123761e-09, 6.08417671799e-09, 4.83629580827e-09, 2.12594608584e-09, 3.94204113796e-10, 1.43342238079e-09, 2.80374901074e-09, 7.19609394295e-09, 4.52899122649e-08, 1.32384627705e-07, 1.68046142335e-07, 2.03226150575e-07, 4.5035005769e-07, 2.77874647736e-07, 5.4750620393e-07, 1.46993534145e-06, 5.7551790178e-07, 2.26261093417e-07, 3.35725076184e-07, 3.34596535367e-07, 2.20328288947e-07, 4.52242716165e-07, 2.82749851976e-07, 3.07343469785e-07, 5.03172543631e-08, 3.61293110984e-08, 2.55905767688e-08, 3.04502130177e-08, 2.03733829807e-08, 3.63697338912e-09, 4.13509004815e-09, 1.53698243022e-09, 7.27027660297e-10, 3.37031402786e-10, 1.33620736004e-11, 9.15867750563e-13], "dvar2": [0.130292534828, 3.69112348557, 17.7162151337, 50.9202461243, 78.0100708008, 495.362731934, 616.38482666, 584.444213867, 1555.53991699, 2937.94970703, 7603.00146484, 6354.49267578, 2969.08569336, 2867.98046875, 5525.70898438, 10640.8730469, 15578.25, 4627.02636719, 3732.46069336, 937.235046387, 2189.77099609, 2775.93505859, 753.574645996, 585.408935547, 199.818984985, 228.161224365, 142.883651733, 104.930587769, 127.914756775, 73.1689147949, 461.852600098, 1530.66650391, 319.548797607, 55.0755615234, 19.4944229126, 8.0738286972, 0.786876559258, 0.0748917013407, 0.000612035393715, 1.22973688121e-07], "dvar": [0.0510526746511, 1.31443595886, 6.26215648651, 18.6697711945, 28.2079792023, 172.705337524, 251.013839722, 234.785766602, 707.751159668, 1435.71252441, 3677.45825195, 3204.03637695, 1550.6940918, 1302.6517334, 2313.98144531, 4653.90673828, 6724.96289062, 2048.35717773, 1717.82580566, 486.745483398, 1058.50561523, 1320.99682617, 329.11138916, 265.398193359, 83.4575119019, 86.1939163208, 54.5760421753, 46.843132019, 62.1466217041, 34.0275726318, 222.168060303, 660.076721191, 160.119995117, 25.814037323, 7.91882371902, 3.23061013222, 0.335984945297, 0.0302967708558, 0.000250808079727, 5.1111737065e-08], "dmean": [0.0875328928232, 0.501206219196, 1.12012243271, 2.25204563141, 3.78095698357, 8.14728736877, 7.79399681091, 7.63570165634, 9.53464221954, 13.7916564941, 15.7347183228, 20.1135807037, 17.2939605713, 17.9660491943, 26.4689693451, 27.9158592224, 33.2387199402, 21.532333374, 16.9522686005, 9.50932788849, 12.3378229141, 12.5850143433, 9.3023481369, 8.10876560211, 4.52401828766, 3.73281407356, 2.95226049423, 3.06785392761, 2.98032546043, 2.25552678108, 2.57524323463, 3.04971718788, 1.5913734436, 1.06843245029, 1.0362919569, 0.649086534977, 0.204269468784, 0.0507747381926, 0.00452879583463, 7.38743401598e-05], "max": [3.7708799839, 16.542804718, 45.4258499146, 116.774902344, 89.32371521, 240.999954224, 613.926635742, 424.592803955, 737.836303711, 1104.38537598, 2270.68359375, 1607.92126465, 1496.6151123, 1086.09094238, 1329.47436523, 3361.66870117, 2881.64135742, 1324.73608398, 1713.62658691, 909.654724121, 1413.45605469, 1982.63354492, 532.748535156, 603.684875488, 324.889770508, 388.664581299, 369.008911133, 333.374603271, 343.314544678, 229.252319336, 991.685058594, 1575.57568359, 910.10736084, 497.535766602, 80.3816375732, 46.1263275146, 18.8445339203, 5.10697937012, 0.420401096344, 0.00608176132664], "var": [0.0504069849849, 1.29761588573, 6.98557710648, 26.1731395721, 53.9779701233, 376.586517334, 801.061767578, 704.965026855, 2152.44482422, 4759.38574219, 14668.1298828, 13159.8115234, 8466.41992188, 5205.43554688, 6713.92626953, 12066.5810547, 23596.7597656, 5383.16894531, 3531.67529297, 1231.79919434, 2392.91674805, 1990.64111328, 718.571838379, 728.517333984, 169.431838989, 129.645446777, 78.7197494507, 125.38646698, 186.344116211, 71.0484161377, 367.84753418, 892.048583984, 287.195220947, 36.3919830322, 9.89302444458, 3.76676607132, 0.436902672052, 0.0315014645457, 0.000258469081018, 5.76265399843e-08], "mean": [0.105573579669, 0.786036431789, 2.07812786102, 4.22586917877, 7.51422023773, 17.7927207947, 17.9669456482, 18.7353420258, 20.8136310577, 31.9568939209, 39.9799957275, 50.4400291443, 45.653301239, 43.2027664185, 57.1514701843, 63.0939941406, 71.5536499023, 43.7509994507, 31.3087348938, 17.8117809296, 22.4411296844, 22.8182239532, 19.1231460571, 17.1349163055, 8.61162090302, 6.46900606155, 5.42007875443, 5.89764451981, 5.81854772568, 4.0664305687, 4.14013671875, 4.32493019104, 2.29050421715, 1.43894815445, 1.26429057121, 0.758814096451, 0.236024603248, 0.0524704046547, 0.00444069085643, 0.000104514125269]}, "spectral_strongpeak": {"dmean2": 1.11846482754, "median": 0.682356536388, "min": 0, "dvar2": 3.29675388336, "dvar": 1.34736347198, "dmean": 0.660399317741, "max": 32.0343437195, "var": 2.64005327225, "mean": 1.33599424362}, "spectral_energy": {"dmean2": 0.0113055706024, "median": 0.0257433615625, "min": 1.15508831666e-10, "dvar2": 0.000229063778534, "dvar": 9.59649405559e-05, "dmean": 0.00720813963562, "max": 0.142756968737, "var": 0.000318036327371, "mean": 0.0287182647735}, "average_loudness": 0.86163932085, "spectral_rolloff": {"dmean2": 673.392211914, "median": 1227.39257812, "min": 86.1328125, "dvar2": 2134721, "dvar": 934362.75, "dmean": 398.295593262, "max": 14965.5761719, "var": 1902980.25, "mean": 1551.09399414}, "spectral_centroid": {"dmean2": 261.590759277, "median": 1111.90600586, "min": 239.834014893, "dvar2": 83120.3828125, "dvar": 39171.8242188, "dmean": 170.153533936, "max": 4547.31835938, "var": 296461.3125, "mean": 1205.80700684}, "pitch_salience": {"dmean2": 0.0880292579532, "median": 0.578527092934, "min": 0.27315813303, "dvar2": 0.00592395057902, "dvar": 0.00230807578191, "dmean": 0.0548256859183, "max": 0.939083456993, "var": 0.00820180773735, "mean": 0.575808763504}, "spectral_energyband_middle_high": {"dmean2": 0.00314700114541, "median": 0.0059726536274, "min": 8.52107898131e-11, "dvar2": 2.24585746764e-05, "dvar": 9.81828088698e-06, "dmean": 0.00212940271012, "max": 0.100999578834, "var": 5.25283794559e-05, "mean": 0.00782767031342}, "spectral_contrast_coeffs": {"dmean2": [0.0782376378775, 0.0662884488702, 0.0563273355365, 0.0505190826952, 0.041427064687, 0.0294559746981], "median": [-0.624468803406, -0.686913847923, -0.725800931454, -0.72035574913, -0.751612782478, -0.77547955513], "min": [-0.924347817898, -0.94415396452, -0.957736611366, -0.937631070614, -0.930499434471, -0.895829200745], "dvar2": [0.00423407601193, 0.00294546503574, 0.00209228298627, 0.00171843450516, 0.00126968906261, 0.000708091189153], "dvar": [0.00167546258308, 0.00114868301898, 0.000879809609614, 0.0007122263778, 0.00056488160044, 0.0003109878744], "dmean": [0.0479616671801, 0.040794622153, 0.0356306731701, 0.0320130288601, 0.0264827478677, 0.0188157912344], "max": [-0.297538220882, -0.390205442905, -0.461947441101, -0.50174587965, -0.536095798016, -0.573093056679], "var": [0.00710085965693, 0.00558281550184, 0.00490956846625, 0.00375174707733, 0.00257782218978, 0.00155653408729], "mean": [-0.619440674782, -0.68507039547, -0.721269130707, -0.720031559467, -0.747940778732, -0.771173238754]}, "melbands_skewness": {"dmean2": 0.742739439011, "median": 1.71046304703, "min": -1.73811483383, "dvar2": 0.608484506607, "dvar": 0.249740049243, "dmean": 0.471199929714, "max": 9.41210746765, "var": 1.07439291477, "mean": 1.77841174603}, "spectral_spread": {"dmean2": 1107735.625, "median": 4366204, "min": 1085723.625, "dvar2": 2215966670850.0, "dvar": 1114298122240.0, "dmean": 820907.8125, "max": 16329465, "var": 3996225372160.0, "mean": 4856460.5}, "dissonance": {"dmean2": 0.0324864201248, "median": 0.461033701897, "min": 0, "dvar2": 0.000995592446998, "dvar": 0.000378348166123, "dmean": 0.0194048862904, "max": 0.5, "var": 0.00097534887027, "mean": 0.454838365316}, "spectral_skewness": {"dmean2": 0.369646787643, "median": 1.83320105076, "min": -0.0795666277409, "dvar2": 0.147949576378, "dvar": 0.0637681484222, "dmean": 0.235715389252, "max": 5.99816703796, "var": 0.298479259014, "mean": 1.90860509872}, "spectral_flux": {"dmean2": 0.0324836298823, "median": 0.0656722337008, "min": 4.49124418083e-05, "dvar2": 0.00126715528313, "dvar": 0.000621090643108, "dmean": 0.0213160086423, "max": 0.338807195425, "var": 0.00175241741817, "mean": 0.0753741040826}, "spectral_contrast_valleys": {"dmean2": [0.640969097614, 0.508270025253, 0.449642926455, 0.455601453781, 0.424037247896, 0.456863611937], "median": [-7.00888729095, -6.77732896805, -6.99994802475, -7.76749420166, -7.87873077393, -10.1205310822], "min": [-17.7970981598, -16.95054245, -15.7107467651, -15.421169281, -15.4581184387, -18.1634216309], "dvar2": [0.338850140572, 0.178363412619, 0.145138114691, 0.164623275399, 0.209659948945, 0.342407226562], "dvar": [0.161826744676, 0.0741015449166, 0.0631295964122, 0.074125610292, 0.100995548069, 0.180616468191], "dmean": [0.400132119656, 0.309830844402, 0.279503673315, 0.286215662956, 0.281709969044, 0.35539740324], "max": [-5.24518346786, -4.89314317703, -5.22530508041, -5.87384939194, -5.63950204849, -7.26947975159], "var": [1.80332875252, 0.542997598648, 0.30380743742, 0.341187000275, 0.497099876404, 0.979116201401], "mean": [-7.34303855896, -6.87561893463, -7.04929208755, -7.79990148544, -7.93085193634, -10.1380805969]}, "erbbands_flatness_db": {"dmean2": 0.0267365053296, "median": 0.159116357565, "min": 0.035474024713, "dvar2": 0.000798590714112, "dvar": 0.000427807797678, "dmean": 0.0198773257434, "max": 0.346882760525, "var": 0.00272220326588, "mean": 0.161538764834}, "spectral_energyband_high": {"dmean2": 0.000821124413051, "median": 0.000348249333911, "min": 1.9859797834e-11, "dvar2": 5.02640705236e-06, "dvar": 2.30609316532e-06, "dmean": 0.000567618291825, "max": 0.0624090395868, "var": 4.57071200799e-06, "mean": 0.000990172498859}, "spectral_entropy": {"dmean2": 0.250247895718, "median": 7.417304039, "min": 5.81405210495, "dvar2": 0.07737621665, "dvar": 0.0394608043134, "dmean": 0.177706316113, "max": 8.8157749176, "var": 0.185510933399, "mean": 7.41405439377}, "silence_rate_20dB": {"dmean2": 0, "medi