{"metadata": {"tags": {"album": ["Christmas Guitar, Vol. 1"], "albumartist": ["John Fahey"], "genre": ["Blues"], "artist": ["John Fahey"], "date": ["1990"], "tracknumber": ["16"], "title": ["Jesus, won't you come by here"], "file_name": "256313.mp3", "musicbrainz_recordingid": ["14e6e8e4-b9e2-4ff8-bcff-9504bec6f9ae"]}, "audio_properties": {"sample_rate": 44100, "downmix": "mix", "lossless": false, "analysis_sample_rate": 44100, "md5_encoded": "114c956cfe061ae28367ab6a6485ee50", "equal_loudness": 0, "replay_gain": 0.326854705811, "codec": "mp3", "bit_rate": 192000, "length": 208.169799805}, "version": {"extractor": "music 1.0", "essentia_build_sha": "70f2e5ece6736b2c40cc944ad0e695b16b925413", "essentia_git_sha": "v2.1_beta2", "essentia": "2.1-beta2"}}, "rhythm": {"beats_loudness_band_ratio": {"dvar2": [0.0883660763502, 0.125308781862, 0.0279712416232, 0.0703190937638, 0.00209264596924, 0.00216023833491], "var": [0.0420306324959, 0.043429736048, 0.0160594880581, 0.0484562814236, 0.000759269052651, 0.000688821775839], "min": [0.00879318173975, 0.00103869044688, 0.000537646061275, 9.2547685199e-05, 1.83777428902e-05, 2.06166605494e-05], "dmean": [0.14822652936, 0.236644759774, 0.119336627424, 0.184078931808, 0.0261109899729, 0.0243548937142], "mean": [0.196586444974, 0.316925257444, 0.210081279278, 0.266206890345, 0.033639293164, 0.0216061882675], "max": [0.99501824379, 0.926621377468, 0.577451407909, 0.916010022163, 0.242635294795, 0.176225811243], "dmean2": [0.26899048686, 0.434581786394, 0.205766886473, 0.302946746349, 0.0457853153348, 0.0440342575312], "median": [0.134895563126, 0.28360670805, 0.195834159851, 0.197322964668, 0.0283198170364, 0.0113099217415], "dvar": [0.0280910879374, 0.0370961725712, 0.0102583654225, 0.0293623283505, 0.000718482129741, 0.000794393417891]}, "bpm_histogram_first_peak_weight": {"dvar2": 0, "var": 0, "min": 0.330935239792, "dmean": 0, "mean": 0.330935239792, "max": 0.330935239792, "dmean2": 0, "median": 0.330935239792, "dvar": 0}, "bpm": 122.708251953, "beats_count": 418, "bpm_histogram_first_peak_spread": {"dvar2": 0, "var": 0, "min": 0.510638296604, "dmean": 0, "mean": 0.510638296604, "max": 0.510638296604, "dmean2": 0, "median": 0.510638296604, "dvar": 0}, "danceability": 0.996246159077, "bpm_histogram_first_peak_bpm": {"dvar2": 0, "var": 0, "min": 123, "dmean": 0, "mean": 123, "max": 123, "dmean2": 0, "median": 123, "dvar": 0}, "beats_position": [0.49922901392, 1.03328800201, 1.55573689938, 2.06657600403, 2.57741498947, 3.15791368484, 3.75002264977, 4.33052158356, 4.92263031006, 5.51473903656, 6.03718805313, 6.54802703857, 7.07047605515, 7.59292507172, 8.11537361145, 8.63782310486, 9.2067117691, 9.75238037109, 10.2980499268, 10.8437185287, 11.3893871307, 11.9350566864, 12.4691152573, 13.0031747818, 13.5256233215, 14.0480718613, 14.5821313858, 15.1045799255, 15.6270294189, 16.1494789124, 16.6603164673, 17.1827659607, 17.693605423, 18.2160549164, 18.7268924713, 19.2609519958, 19.7834014893, 20.2942390442, 20.7934684753, 21.3043079376, 21.8035373688, 22.3259868622, 22.825214386, 23.3360538483, 23.8468933105, 24.369342804, 24.89179039, 25.4026298523, 25.9250793457, 26.4475269318, 26.9815864563, 27.5040359497, 28.0264854431, 28.537322998, 29.0713825226, 29.593832016, 30.0930614471, 30.6038990021, 31.1147384644, 31.6255779266, 32.1364173889, 32.6472549438, 33.146484375, 33.6457138062, 34.1333312988, 34.6209526062, 35.1317901611, 35.6658477783, 36.1882972717, 36.6875267029, 37.1751480103, 37.6627655029, 38.1736030579, 38.6844444275, 39.1836738586, 39.6829032898, 40.1821289062, 40.6929702759, 41.2154197693, 41.7146492004, 42.2138786316, 42.7247161865, 43.2355537415, 43.7463951111, 44.257232666, 44.7564620972, 45.2556915283, 45.7665290833, 46.2657585144, 46.7649879456, 47.2642173767, 47.7634468079, 48.262676239, 48.7619056702, 49.2611312866, 49.7603607178, 50.2479820251, 50.7472114563, 51.2464370728, 51.7572784424, 52.2681159973, 52.7673454285, 53.2665748596, 53.7541923523, 54.2302017212, 54.7294311523, 55.2170524597, 55.7162818909, 56.2155075073, 56.726348877, 57.2255783081, 57.7248077393, 58.2124252319, 58.7000427246, 59.187664032, 59.6985015869, 60.1977310181, 60.6969604492, 61.2077980042, 61.7186393738, 62.2178688049, 62.7054862976, 63.2047157288, 63.7039451599, 64.2031707764, 64.6907958984, 65.1784133911, 65.6660308838, 66.1536483765, 66.6412658691, 67.1521072388, 67.6513366699, 68.1621780396, 68.6497955322, 69.1258010864, 69.6134262085, 70.1242599487, 70.6351013184, 71.122718811, 71.6335601807, 72.1211776733, 72.632019043, 73.1196365356, 73.6188659668, 74.1180953979, 74.6173248291, 75.1165542603, 75.6041717529, 76.1150131226, 76.6258468628, 77.1366882324, 77.6243057251, 78.1235351562, 78.6227645874, 79.1219940186, 79.6096115112, 80.0856246948, 80.5732421875, 81.0724716187, 81.5717010498, 82.0593185425, 82.5585479736, 83.0577774048, 83.5453948975, 84.0330123901, 84.5206298828, 85.0082550049, 85.4958724976, 85.9834899902, 86.4595031738, 86.9587249756, 87.4695663452, 87.9687957764, 88.4680252075, 88.9672546387, 89.4432601929, 89.9308853149, 90.4185028076, 90.9061203003, 91.4169616699, 91.9045791626, 92.4154205322, 92.9146499634, 93.4138793945, 93.8898849487, 94.3891143799, 94.8999557495, 95.3991851807, 95.8984146118, 96.4092483521, 96.9084777832, 97.4193191528, 97.918548584, 98.4061660767, 98.9053955078, 99.3930130005, 99.8922424316, 100.379859924, 100.867477417, 101.355102539, 101.842720032, 102.330337524, 102.829566956, 103.328796387, 103.828025818, 104.315643311, 104.814872742, 105.302490234, 105.778503418, 106.277732849, 106.753738403, 107.229751587, 107.71736908, 108.204986572, 108.692604065, 109.180221558, 109.66784668, 110.155464172, 110.654693604, 111.142311096, 111.641540527, 112.152381897, 112.651611328, 113.127616882, 113.615234375, 114.114463806, 114.613693237, 115.10131073, 115.600540161, 116.088157654, 116.575782776, 117.075012207, 117.5626297, 118.050247192, 118.526252747, 119.025482178, 119.5131073, 120.000724792, 120.488342285, 120.975959778, 121.463577271, 121.951202393, 122.438819885, 122.926437378, 123.414054871, 123.901672363, 124.389297485, 124.876914978, 125.352920532, 125.852149963, 126.339767456, 126.838996887, 127.326622009, 127.82585144, 128.313461304, 128.801086426, 129.288711548, 129.799545288, 130.29876709, 130.786392212, 131.262405396, 131.750015259, 132.237640381, 132.748474121, 133.236099243, 133.723709106, 134.211334229, 134.687347412, 135.174957275, 135.650970459, 136.126983643, 136.602996826, 137.102218628, 137.601455688, 138.089065552, 138.576690674, 139.052688599, 139.528701782, 140.004714966, 140.480728149, 140.945129395, 141.421127319, 141.92036438, 142.407974243, 142.907211304, 143.394821167, 143.870834351, 144.335235596, 144.822860718, 145.310470581, 145.786483765, 146.274108887, 146.750106812, 147.237731934, 147.713745117, 148.189743042, 148.677368164, 149.153381348, 149.640991211, 150.117004395, 150.593017578, 151.069015503, 151.545028687, 152.02104187, 152.508651733, 153.019500732, 153.518722534, 154.006347656, 154.48236084, 154.946762085, 155.434371948, 155.92199707, 156.409606934, 156.908843994, 157.396453857, 157.872467041, 158.348480225, 158.824493408, 159.288879395, 159.776504517, 160.264129639, 160.751739502, 161.216140747, 161.703765869, 162.191375732, 162.679000854, 163.166610718, 163.65423584, 164.1534729, 164.652694702, 165.140319824, 165.627929688, 166.11555481, 166.603164673, 167.090789795, 167.55519104, 168.054412842, 168.565261841, 169.064483643, 169.552108765, 170.039718628, 170.52734375, 171.014968872, 171.502578735, 171.990203857, 172.454605103, 172.919006348, 173.383392334, 173.871017456, 174.370239258, 174.834640503, 175.310653687, 175.775054932, 176.285888672, 176.773513794, 177.249526978, 177.725524902, 178.213150024, 178.700775146, 179.18838501, 179.676010132, 180.163619995, 180.651245117, 181.138870239, 181.626480103, 182.102493286, 182.57850647, 183.054504395, 183.530517578, 184.0181427, 184.505752563, 185.016601562, 185.504211426, 185.980224609, 186.456237793, 186.943847656, 187.431472778, 187.919082642, 188.383483887, 188.85949707, 189.335510254, 189.823120117, 190.310745239, 190.775146484, 191.239547729, 191.715545654, 192.191558838, 192.655960083, 193.131973267, 193.607971191, 194.083984375, 194.536773682, 195.024398804, 195.512008667, 195.999633789, 196.440811157, 196.881988525, 197.334777832, 197.7759552, 198.228744507, 198.669921875, 199.111114502, 199.482620239, 199.854141235, 200.225662231, 200.690063477, 201.154464722, 201.630477905, 202.222579956, 202.814697266, 203.406799316, 204.033737183, 204.660675049, 205.229568481, 205.798446655, 206.355728149, 206.913009644, 207.470291138], "beats_loudness": {"dvar2": 0.000378894648748, "var": 0.000278321211226, "min": 1.43277896214e-08, "dmean": 0.0117638176307, "mean": 0.0355297252536, "max": 0.139569237828, "dmean2": 0.0202409997582, "median": 0.033628679812, "dvar": 0.00014558887051}, "bpm_histogram_second_peak_weight": {"dvar2": 0, "var": 0, "min": 0.129496395588, "dmean": 0, "mean": 0.129496395588, "max": 0.129496395588, "dmean2": 0, "median": 0.129496395588, "dvar": 0}, "bpm_histogram_second_peak_spread": {"dvar2": 0, "var": 0, "min": 0.307692348957, "dmean": 0, "mean": 0.307692348957, "max": 0.307692348957, "dmean2": 0, "median": 0.307692348957, "dvar": 0}, "bpm_histogram_second_peak_bpm": {"dvar2": 0, "var": 0, "min": 117, "dmean": 0, "mean": 117, "max": 117, "dmean2": 0, "median": 117, "dvar": 0}, "onset_rate": 3.17498278618}, "lowlevel": {"spectral_energyband_high": {"dvar2": 6.95688868291e-07, "var": 3.01959971694e-07, "min": 7.33866965418e-21, "dmean": 0.000125190766994, "mean": 0.000264270900516, "max": 0.0241817459464, "dmean2": 0.000190423743334, "median": 9.88423198578e-05, "dvar": 2.61845968907e-07}, "spectral_energyband_middle_low": {"dvar2": 0.000127289735246, "var": 9.25407512113e-05, "min": 2.33170521867e-22, "dmean": 0.00417363410816, "mean": 0.0162208341062, "max": 0.130521714687, "dmean2": 0.00677193049341, "median": 0.0147983273491, "dvar": 4.91987375426e-05}, "spectral_energy": {"dvar2": 0.00016821778263, "var": 0.000275237602182, "min": 1.03535644646e-20, "dmean": 0.00547577720135, "mean": 0.0283915884793, "max": 0.152512326837, "dmean2": 0.00883621070534, "median": 0.025295862928, "dvar": 6.71196175972e-05}, "spectral_spread": {"dvar2": 1118397136900.0, "var": 3541365424130.0, "min": 584170.4375, "dmean": 428908.625, "mean": 3187646.5, "max": 41301408, "dmean2": 661333.4375, "median": 2863117.5, "dvar": 535533092864}, "spectral_energyband_low": {"dvar2": 2.76171249425e-06, "var": 2.07352968573e-06, "min": 3.65515450327e-23, "dmean": 0.000650703907013, "mean": 0.00136804615613, "max": 0.0150512140244, "dmean2": 0.00111154001206, "median": 0.000959632801823, "dvar": 1.00220700006e-06}, "spectral_rolloff": {"dvar2": 371310.65625, "var": 490216.625, "min": 21.533203125, "dmean": 119.133613586, "mean": 917.350036621, "max": 19250.6835938, "dmean2": 205.177841187, "median": 882.861328125, "dvar": 164253.84375}, "barkbands": {"dvar2": [8.06789302032e-09, 1.18632881296e-09, 8.33614762996e-07, 7.71196300775e-06, 8.27914918773e-05, 1.98100747184e-06, 9.5979373782e-07, 2.17914703171e-06, 4.64326603833e-06, 2.79894175037e-05, 2.91141532216e-07, 1.86421084436e-06, 8.75374865927e-08, 6.48073097409e-08, 2.05285942911e-07, 2.53427333519e-06, 4.64443949966e-08, 6.01248428822e-09, 2.30525838418e-08, 1.82179050512e-07, 1.59963519764e-07, 1.74703558287e-08, 4.23122656912e-08, 5.53748158438e-09, 3.9218583936e-08, 1.85869597491e-09, 3.04922713056e-15], "var": [1.7780877215e-08, 5.12722031498e-10, 4.01828401664e-07, 9.38735320233e-06, 5.23467715539e-05, 4.04280990551e-06, 2.48350420406e-06, 8.14312716102e-06, 4.72127430839e-06, 0.000195035710931, 3.6868107145e-07, 2.12806230593e-06, 3.84581511526e-07, 1.06391247812e-07, 4.61242365191e-07, 9.67732376012e-07, 2.74364282404e-08, 4.62941063262e-09, 2.88059851528e-08, 8.72416308084e-08, 4.88385296649e-08, 1.71397953608e-08, 1.10529887465e-08, 2.1637813763e-09, 1.73191683217e-08, 6.45356212914e-10, 6.8400287477e-16], "min": [9.29351510415e-24, 2.24111170656e-23, 1.18279220609e-24, 2.03316493483e-24, 2.22255848693e-23, 1.79541618139e-23, 1.78897323883e-23, 2.60937722067e-23, 2.41719666243e-23, 2.95981337391e-23, 3.65104327578e-23, 4.29751226325e-23, 5.19805157574e-23, 8.20778532991e-23, 7.74238011502e-23, 9.09204413103e-23, 1.23476295418e-22, 1.48726773739e-22, 1.22003902315e-22, 3.1879817982e-22, 3.79899281327e-22, 4.21482903809e-22, 4.85806142394e-22, 7.14036097831e-22, 1.18156550688e-21, 1.55671523971e-21, 2.0515626116e-21], "dmean": [5.8964935306e-05, 1.24458138089e-05, 0.000295645004371, 0.000808228622191, 0.00287726800889, 0.000724268087652, 0.000435328751337, 0.000761220988352, 0.000689711421728, 0.00190149317496, 0.00015171150153, 0.000262649205979, 0.000109949054604, 8.7114458438e-05, 0.000152762018843, 0.000137740658829, 4.67179743282e-05, 1.94236763491e-05, 4.75876113342e-05, 7.2358729085e-05, 3.17045887641e-05, 2.93234443234e-05, 1.89110305655e-05, 1.19495216495e-05, 2.68724670605e-05, 6.63772925691e-06, 5.17283593737e-09], "mean": [0.000470595055958, 1.88527628779e-05, 0.000518339977134, 0.00141897145659, 0.00644393684343, 0.0023828484118, 0.00123427994549, 0.00286252307706, 0.00182268267963, 0.00841394718736, 0.000327136833221, 0.000570014002733, 0.000336563913152, 0.000212263708818, 0.000451548839919, 0.0003053607943, 0.000101547550003, 4.05014507123e-05, 0.000114588910947, 0.000135090012918, 5.17263033544e-05, 7.11441898602e-05, 2.94423280138e-05, 1.65705641848e-05, 3.33478965331e-05, 7.77744480729e-06, 4.27865742836e-09], "max": [0.00135731324553, 0.000370203342754, 0.00687029585242, 0.041831497103, 0.099443629384, 0.0125849358737, 0.014640650712, 0.0274929832667, 0.0294674839824, 0.143481016159, 0.0107764899731, 0.0346255078912, 0.0091856867075, 0.00501576298848, 0.00948630459607, 0.0590680129826, 0.00829065777361, 0.0012175377924, 0.00468125427142, 0.00966330245137, 0.0135524403304, 0.00248703104444, 0.00525838835165, 0.00149865960702, 0.00378616456874, 0.000718335795682, 1.38681787121e-06], "dmean2": [0.000100585530163, 2.16547505261e-05, 0.000522636575624, 0.0013211456826, 0.00480256043375, 0.00110027554911, 0.000653081689961, 0.00111967977136, 0.00102755962871, 0.00278210663237, 0.000236283318372, 0.000406134087825, 0.000144925361383, 0.000119414638903, 0.000226473523071, 0.000220715053729, 7.43659693399e-05, 3.11742624035e-05, 7.288245979e-05, 0.000114114605822, 5.13372360729e-05, 4.4215717935e-05, 3.17932644975e-05, 1.88657686522e-05, 4.06540966651e-05, 1.05578901639e-05, 9.09996700216e-09], "median": [0.00049059081357, 1.12754469228e-05, 0.000307453068672, 0.000642446160782, 0.00440429616719, 0.00189330102876, 0.000677540665492, 0.00199224287644, 0.00111876812298, 0.00201567006297, 0.000132472923724, 0.000199629517738, 0.000148125123815, 9.71475237748e-05, 0.000240121109528, 0.000134180692839, 5.48005446035e-05, 1.87356108654e-05, 6.32743904134e-05, 3.96814139094e-05, 1.52942047862e-05, 2.45143346547e-05, 7.3673040788e-06, 3.56305940841e-06, 2.91240667138e-06, 6.34103059838e-07, 8.30493729342e-10], "dvar": [2.79195577768e-09, 4.09511313748e-10, 2.38019580934e-07, 3.66851190847e-06, 3.13073578582e-05, 8.45907493385e-07, 4.4484255568e-07, 1.10309599677e-06, 1.87302282484e-06, 1.33339244712e-05, 1.22148080095e-07, 8.53353355978e-07, 5.13962099546e-08, 3.08973007179e-08, 9.42248163938e-08, 9.42536757975e-07, 1.84029644856e-08, 2.38357356075e-09, 1.14469136392e-08, 6.96114170751e-08, 5.76835255117e-08, 7.41254702064e-09, 1.47310839083e-08, 2.22124918459e-09, 1.62345425991e-08, 7.07762348728e-10, 1.0844642233e-15]}, "melbands_skewness": {"dvar2": 0.658433735371, "var": 2.17503237724, "min": -2.59228134155, "dmean": 0.415620267391, "mean": 1.46595346928, "max": 18.1399879456, "dmean2": 0.644585072994, "median": 1.37713813782, "dvar": 0.262703537941}, "barkbands_skewness": {"dvar2": 0.3720523417, "var": 2.67426037788, "min": -2.19495344162, "dmean": 0.342524409294, "mean": 1.16363215446, "max": 39.2691345215, "dmean2": 0.52300798893, "median": 1.06261765957, "dvar": 0.174061343074}, "erbbands": {"dvar2": [2.87093683937e-07, 0.00025854393607, 0.322518318892, 21.2040405273, 810.57208252, 853.993225098, 463.793334961, 41.4738845825, 124.635398865, 663.213989258, 1568.30163574, 3168.50708008, 1002.70843506, 41472.0039062, 1078.38671875, 1454.41442871, 188.864181519, 96.4176559448, 471.957214355, 543.970214844, 10457.3388672, 138.696899414, 37.6188735962, 32.7623825073, 198.864868164, 244.282455444, 1005.93896484, 23.2839241028, 26.433429718, 23.2297306061, 19.0915756226, 5.25717067719, 1.44815444946, 0.679148316383, 5.01516437531, 0.167986631393, 0.00339013105258, 0.0004742181045, 1.44416816283e-07, 4.46780112906e-10], "var": [2.37005579606e-07, 0.000189942278666, 0.206940993667, 23.8003120422, 496.736968994, 687.308776855, 844.006103516, 65.2898101807, 74.7752685547, 2060.42993164, 5369.70703125, 2297.22753906, 4959.55810547, 298639.625, 1556.66906738, 1445.4654541, 992.306762695, 299.681396484, 538.94708252, 1264.38635254, 3629.38085938, 101.416786194, 26.211523056, 35.8821334839, 157.939147949, 140.929718018, 254.243927002, 34.5606231689, 27.6548805237, 7.13491868973, 5.73506212234, 2.36988854408, 0.499094456434, 0.325159221888, 2.15493249893, 0.0695237368345, 0.00124702218454, 0.000112948997412, 3.5622207406e-08, 4.80842865525e-10], "min": [5.01588510182e-22, 2.73425015961e-21, 3.23493151761e-21, 1.33725394402e-20, 2.54035647947e-20, 7.71650685563e-20, 5.31912644477e-20, 1.06917973246e-19, 3.25390053813e-19, 2.47200832261e-19, 7.0565278792e-19, 5.13668613843e-19, 1.1672801607e-18, 1.75963339974e-18, 1.98474915588e-18, 1.57212354899e-18, 2.92771272031e-18, 2.23002226957e-18, 5.15483365389e-18, 5.52837477003e-18, 6.11801516685e-18, 6.44828563798e-18, 8.29283636542e-18, 7.30255558841e-18, 6.59109175329e-18, 1.32971326604e-17, 1.2950165135e-17, 1.27318440472e-17, 1.488283045e-17, 1.28336162139e-17, 1.55318677915e-17, 1.50606196878e-17, 1.25063479948e-17, 1.13985339517e-17, 7.52448980112e-18, 5.00542126061e-18, 2.97182047212e-18, 1.23228456273e-18, 2.74438519814e-19, 2.7284106603e-20], "dmean": [0.000295363512123, 0.00596107915044, 0.197085902095, 1.68429374695, 7.45411396027, 9.65428543091, 9.12674999237, 2.92770171165, 3.74208903313, 10.1475801468, 19.5500812531, 15.5977334976, 14.2198448181, 74.1290740967, 9.94023990631, 8.19788837433, 4.87994718552, 4.45896625519, 6.56241846085, 7.46222352982, 7.40372467041, 2.61176753044, 1.5333968401, 1.47333562374, 3.48757600784, 2.95436882973, 1.77117264271, 1.0290402174, 1.22230863571, 0.467119604349, 0.503724396229, 0.350105971098, 0.163678765297, 0.142911538482, 0.273065954447, 0.0570750646293, 0.00952584389597, 0.00218583014794, 4.16416187363e-05, 7.56488634579e-06], "mean": [0.00136609538458, 0.0128932315856, 0.408767551184, 3.21180009842, 12.4000740051, 23.21534729, 32.0249595642, 8.54364109039, 9.19053268433, 31.8779335022, 74.111366272, 44.1480331421, 61.3243331909, 327.744018555, 33.3360061646, 19.6507377625, 15.9762830734, 12.7529754639, 16.433095932, 25.7859134674, 12.6460905075, 5.84968852997, 3.42622303963, 3.40814113617, 7.98310565948, 6.26017999649, 2.59798431396, 2.42217755318, 2.86267232895, 0.918661832809, 0.823775112629, 0.509082257748, 0.228437706828, 0.201117068529, 0.324758201838, 0.0659182667732, 0.0109835667536, 0.00216810079291, 5.53385980311e-05, 3.48809553543e-05], "max": [0.0070627219975, 0.150832056999, 4.85434150696, 55.4754562378, 413.142425537, 280.208190918, 222.519500732, 88.1690750122, 107.084831238, 502.011169434, 521.887451172, 769.544921875, 661.047241211, 5679.81152344, 711.680786133, 938.213623047, 491.544403076, 236.089279175, 365.010284424, 555.101318359, 3657.61230469, 387.925842285, 144.378631592, 113.700286865, 282.794281006, 391.593048096, 1135.54968262, 207.511230469, 84.4280395508, 127.70879364, 109.576416016, 54.6771011353, 23.2647686005, 12.4230060577, 43.9970703125, 7.17039680481, 0.947431206703, 0.600774526596, 0.0106129376218, 0.000276232720353], "dmean2": [0.000516300846357, 0.010271561332, 0.341828227043, 2.79667043686, 12.5683870316, 15.8269453049, 14.1304426193, 4.43321990967, 6.07498264313, 15.1316452026, 28.6841945648, 24.1181964874, 20.2686862946, 108.213905334, 14.9632472992, 12.5939540863, 6.34918689728, 5.76670885086, 10.0621042252, 10.3343906403, 12.4232244492, 4.12286186218, 2.43599200249, 2.13754200935, 5.47418308258, 4.45421218872, 2.89591884613, 1.5306674242, 1.88377022743, 0.760361671448, 0.831191718578, 0.562551856041, 0.258758127689, 0.222968354821, 0.413203597069, 0.087631367147, 0.0150171387941, 0.00366978929378, 6.88758445904e-05, 1.22001683849e-05], "median": [0.00135770253837, 0.00819784402847, 0.26174017787, 1.96326291561, 5.32512903214, 14.9193601608, 23.0771923065, 6.43164396286, 6.9686384201, 14.7342472076, 49.6033210754, 32.0074653625, 34.3099861145, 75.9830169678, 20.450674057, 10.0047264099, 7.05080842972, 6.40370798111, 8.74248123169, 12.7278394699, 5.10745239258, 3.12002444267, 1.92655348778, 1.73749220371, 3.9361679554, 2.01157426834, 0.684781730175, 0.871631920338, 0.948221623898, 0.329205513, 0.217695698142, 0.102683350444, 0.0450645759702, 0.0301551036537, 0.0175835173577, 0.00436832616106, 0.000806460506283, 0.000110548033263, 1.86758825294e-05, 3.04111890728e-05], "dvar": [9.8711510077e-08, 8.70083458722e-05, 0.0965962409973, 9.6435585022, 314.257598877, 324.545379639, 171.074478149, 19.8890132904, 46.8728866577, 327.281951904, 745.825866699, 1206.15698242, 462.69241333, 20519.1152344, 481.41973877, 640.591369629, 114.32497406, 60.965473175, 187.521530151, 241.141708374, 3871.51806641, 58.3343811035, 14.4060201645, 16.8303165436, 83.9554977417, 95.1118011475, 357.767822266, 10.7076950073, 11.2790184021, 8.13258075714, 6.77949380875, 2.20346188545, 0.550021767616, 0.27369710803, 2.07429385185, 0.0681230723858, 0.00131606694777, 0.000168782149558, 5.16288984898e-08, 1.77673528667e-10]}, "silence_rate_30dB": {"dvar2": 0.00400293711573, "var": 0.00233658775687, "min": 0, "dmean": 0.00178451929241, "mean": 0.997658073902, "max": 1, "dmean2": 0.00356943672523, "median": 1, "dvar": 0.00178120424971}, "melbands_spread": {"dvar2": 43.382434845, "var": 62.5088157654, "min": 0.518089652061, "dmean": 2.57812833786, "mean": 14.2252702713, "max": 159.212005615, "dmean2": 3.94239544868, "median": 13.1109876633, "dvar": 18.0328235626}, "melbands_crest": {"dvar2": 15.6986541748, "var": 41.5501327515, "min": 1.83284449577, "dmean": 2.47977280617, "mean": 15.9399852753, "max": 39.468952179, "dmean2": 3.94308018684, "median": 14.4757938385, "dvar": 6.39319610596}, "zerocrossingrate": {"dvar2": 0.000104472623207, "var": 0.000470710336231, "min": 0, "dmean": 0.00473070796579, "mean": 0.0397752374411, "max": 0.51123046875, "dmean2": 0.00573889771476, "median": 0.03955078125, "dvar": 6.74467155477e-05}, "barkbands_kurtosis": {"dvar2": 146.835388184, "var": 2510.27758789, "min": -1.58398413658, "dmean": 2.11300039291, "mean": 6.56326341629, "max": 1970.85046387, "dmean2": 3.0625705719, "median": 2.92190361023, "dvar": 122.57119751}, "spectral_flux": {"dvar2": 0.00133142562117, "var": 0.00104856339749, "min": 6.7019105543e-11, "dmean": 0.0178163796663, "mean": 0.0477745309472, "max": 0.288001984358, "dmean2": 0.0280599948019, "median": 0.039515491575, "dvar": 0.000597594014835}, "barkbands_crest": {"dvar2": 8.40535068512, "var": 26.1313610077, "min": 3.53010010719, "dmean": 1.77738428116, "mean": 11.8227415085, "max": 26.885011673, "dmean2": 2.78730797768, "median": 10.3731822968, "dvar": 3.5290324688}, "barkbands_flatness_db": {"dvar2": 0.000845643575303, "var": 0.00327125610784, "min": 0.0439768470824, "dmean": 0.0176536813378, "mean": 0.199932053685, "max": 0.512725949287, "dmean2": 0.0263928733766, "median": 0.195469424129, "dvar": 0.000425186532084}, "spectral_entropy": {"dvar2": 0.108920000494, "var": 0.321036875248, "min": 4.65140295029, "dmean": 0.168506890535, "mean": 6.62501049042, "max": 9.80949878693, "dmean2": 0.257225126028, "median": 6.58971691132, "dvar": 0.047467391938}, "pitch_salience": {"dvar2": 0.00466039031744, "var": 0.015374368988, "min": 0.0218719132245, "dmean": 0.0447229668498, "mean": 0.509983301163, "max": 0.967422604561, "dmean2": 0.0698465034366, "median": 0.523164510727, "dvar": 0.00193308806047}, "erbbands_spread": {"dvar2": 89.1833343506, "var": 189.588424683, "min": 1.30339372158, "dmean": 3.97382593155, "mean": 20.9022254944, "max": 111.302314758, "dmean2": 6.02334403992, "median": 18.4798583984, "dvar": 36.936920166}, "dynamic_complexity": 2.28637337685, "spectral_contrast_valleys": {"dvar2": [0.346753895283, 0.201833203435, 0.197507843375, 0.199618801475, 0.278078019619, 0.617279410362], "var": [2.27080130577, 2.64366650581, 2.47640228271, 2.22817468643, 1.94325959682, 1.56224036217], "min": [-27.341627121, -28.0644168854, -27.3585624695, -27.3502540588, -27.4989738464, -27.2997760773], "dmean": [0.415510118008, 0.302646428347, 0.311970174313, 0.291561305523, 0.30843269825, 0.436380714178], "mean": [-9.20462417603, -6.96892023087, -7.8264131546, -8.74980926514, -9.1824798584, -12.2342863083], "max": [-7.15546512604, -5.10208749771, -5.62668085098, -6.39431619644, -6.50908279419, -8.3546037674], "dmean2": [0.707612276077, 0.498752534389, 0.508982300758, 0.469363391399, 0.469105154276, 0.640959441662], "median": [-8.88301753998, -6.67481803894, -7.57457351685, -8.51099681854, -8.99936676025, -12.251666069], "dvar": [0.136688247323, 0.0867536589503, 0.0896146595478, 0.0947214215994, 0.13916516304, 0.299048453569]}, "hfc": {"dvar2": 110.984207153, "var": 221.373794556, "min": 1.11675523684e-16, "dmean": 3.73651862144, "mean": 19.4751815796, "max": 189.659957886, "dmean2": 5.84812259674, "median": 15.8239440918, "dvar": 46.7830848694}, "spectral_kurtosis": {"dvar2": 137.491424561, "var": 223.192276001, "min": -1.23428881168, "dmean": 5.3961186409, "mean": 13.4564266205, "max": 154.62322998, "dmean2": 9.18182468414, "median": 8.73062992096, "dvar": 51.7511444092}, "mfcc": {"mean": [-690.215209961, 162.372512817, -12.6139221191, 5.43943166733, -21.3366680145, -5.69094228745, -10.9493293762, -3.35045218468, -1.82210969925, -0.997227489948, -12.6328201294, -19.4179477692, -5.98893594742], "cov": [[10410.015625, 677.551330566, -415.266876221, -14.8222084045, -447.48324585, 61.0048713684, -70.4399414062, -23.3769111633, 34.1235961914, 25.3066387177, -365.682739258, -490.116821289, -119.746894836], [677.551330566, 2347.28686523, -259.565917969, 89.9445877075, -41.1391448975, -115.722747803, -161.361724854, -34.2907409668, -77.1762161255, -59.3759117126, 21.538061142, 10.036447525, -61.6211929321], [-415.266876221, -259.565917969, 369.997039795, -70.6615066528, -2.8521258831, -9.99176025391, 46.891078949, -5.48726701736, -31.7461662292, -9.87972927094, 23.4768543243, 17.5774898529, -14.1180877686], [-14.8222084045, 89.9445877075, -70.6615066528, 202.988815308, 41.8998641968, 3.67395281792, -57.2602005005, -36.4257621765, 16.2438335419, -6.50228977203, -22.251537323, 23.8051185608, 19.3204269409], [-447.48324585, -41.1391448975, -2.8521258831, 41.8998641968, 156.532592773, 13.4426279068, -23.4418125153, -48.4057006836, -4.39791584015, -20.6310539246, 17.5089626312, 49.4825325012, 10.7358942032], [61.0048713684, -115.722747803, -9.99176025391, 3.67395281792, 13.4426279068, 124.53061676, -0.368601024151, -27.8136081696, -23.3780612946, 3.76829695702, 18.0557537079, -5.36584663391, -7.7588224411], [-70.4399414062, -161.361724854, 46.891078949, -57.2602005005, -23.4418125153, -0.368601024151, 114.223114014, 31.5926208496, -14.4134492874, -4.62408733368, 6.29124546051, -20.2101821899, -23.0755329132], [-23.3769111633, -34.2907409668, -5.48726701736, -36.4257621765, -48.4057006836, -27.8136081696, 31.5926208496, 129.684417725, 9.95121192932, -5.41444730759, -12.9030122757, -33.8490982056, -22.1805591583], [34.1235961914, -77.1762161255, -31.7461662292, 16.2438335419, -4.39791584015, -23.3780612946, -14.4134492874, 9.95121192932, 111.706192017, 11.5883245468, -44.5433349609, -15.063873291, 18.5691432953], [25.3066387177, -59.3759117126, -9.87972927094, -6.50228977203, -20.6310539246, 3.76829695702, -4.62408733368, -5.41444730759, 11.5883245468, 87.115852356, -12.8511219025, -21.7623653412, 12.3685216904], [-365.682739258, 21.538061142, 23.4768543243, -22.251537323, 17.5089626312, 18.0557537079, 6.29124546051, -12.9030122757, -44.5433349609, -12.8511219025, 124.953201294, 24.6588611603, -24.4542999268], [-490.116821289, 10.036447525, 17.5774898529, 23.8051185608, 49.4825325012, -5.36584663391, -20.2101821899, -33.8490982056, -15.063873291, -21.7623653412, 24.6588611603, 160.181015015, 9.69671440125], [-119.746894836, -61.6211929321, -14.1180877686, 19.3204269409, 10.7358942032, -7.7588224411, -23.0755329132, -22.1805591583, 18.5691432953, 12.3685216904, -24.4542999268, 9.69671440125, 93.4540863037]], "icov": [[0.000161182149895, 7.55982091505e-06, 0.000165267425473, 7.25129139028e-05, 0.000426170037827, -3.50847949449e-05, 0.000203168732696, 0.000362991064321, 0.000167243590113, 0.000217239678022, 0.000496927066706, 0.000381810765248, 0.000334371841745], [7.55982091505e-06, 0.000648857327178, 0.000465842807898, 1.03553593362e-05, 0.000384105340345, 0.000850571959745, 0.000972214271314, 0.000400091026677, 0.000741418043617, 0.000473569729365, 5.59023683309e-05, 0.000132482586196, 0.000658154720441], [0.000165267425473, 0.000465842807898, 0.00358616188169, 0.000978467287496, 0.000664429098833, 0.00101726269349, -5.6949647842e-05, 0.00122539699078, 0.00124480074737, 0.000737161375582, 0.000469489285024, 0.000107986845251, 0.000910053262487], [7.25129139028e-05, 1.03553593362e-05, 0.000978467287496, 0.00650525372475, -0.000812613929156, -2.90093084914e-05, 0.00237301480956, 0.00115185405593, -8.11685313238e-05, 0.000736964575481, 0.00142011104617, -0.000196071254322, 0.000163488351973], [0.000426170037827, 0.000384105340345, 0.000664429098833, -0.000812613929156, 0.00956140272319, -9.98114264803e-05, 0.00137574435212, 0.003330769483, 0.000422081531724, 0.00247262907214, 0.000537584302947, -0.000511851336341, 0.00087391451234], [-3.50847949449e-05, 0.000850571959745, 0.00101726269349, -2.90093084914e-05, -9.98114264803e-05, 0.0101900119334, 0.000932245748118, 0.00243807234801, 0.00252088857815, 2.94566980301e-05, -0.000688789819833, 0.000990079715848, 0.00155411835294], [0.000203168732696, 0.000972214271314, -5.6949647842e-05, 0.00237301480956, 0.00137574435212, 0.000932245748118, 0.0130443247035, -0.000650231260806, 0.00220678607002, 0.0015148964012, 0.0010357957799, 0.00140888232272, 0.00287397461943], [0.000362991064321, 0.000400091026677, 0.00122539699078, 0.00115185405593, 0.003330769483, 0.00243807234801, -0.000650231260806, 0.0114802205935, 0.000165794815985, 0.00207565864548, 0.00183546624612, 0.00200859457254, 0.00302410474978], [0.000167243590113, 0.000741418043617, 0.00124480074737, -8.11685313238e-05, 0.000422081531724, 0.00252088857815, 0.00220678607002, 0.000165794815985, 0.0122338570654, -8.75488840393e-05, 0.00373552925885, 0.00116634881124, 9.02569663594e-05], [0.000217239678022, 0.000473569729365, 0.000737161375582, 0.000736964575481, 0.00247262907214, 2.94566980301e-05, 0.0015148964012, 0.00207565864548, -8.75488840393e-05, 0.0134254069999, 0.00119272072334, 0.00197500106879, -0.000517549167853], [0.000496927066706, 5.59023683309e-05, 0.000469489285024, 0.00142011104617, 0.000537584302947, -0.000688789819833, 0.0010357957799, 0.00183546624612, 0.00373552925885, 0.00119272072334, 0.0118414126337, 7.97192551545e-05, 0.00321357394569], [0.000381810765248, 0.000132482586196, 0.000107986845251, -0.000196071254322, -0.000511851336341, 0.000990079715848, 0.00140888232272, 0.00200859457254, 0.00116634881124, 0.00197500106879, 7.97192551545e-05, 0.00856500398368, 0.000238060994889], [0.000334371841745, 0.000658154720441, 0.000910053262487, 0.000163488351973, 0.00087391451234, 0.00155411835294, 0.00287397461943, 0.00302410474978, 9.02569663594e-05, -0.000517549167853, 0.00321357394569, 0.000238060994889, 0.0139893200248]]}, "silence_rate_20dB": {"dvar2": 0, "var": 0, "min": 1, "dmean": 0, "mean": 1, "max": 1, "dmean2": 0, "median": 1, "dvar": 0}, "melbands_kurtosis": {"dvar2": 101.98299408, "var": 306.806060791, "min": -1.6083240509, "dmean": 2.83428883553, "mean": 6.62656736374, "max": 574.486694336, "dmean2": 4.5047621727, "median": 3.65583658218, "dvar": 43.5540008545}, "barkbands_spread": {"dvar2": 29.2969493866, "var": 44.7617263794, "min": 0.186825156212, "dmean": 2.09083676338, "mean": 10.9194889069, "max": 89.6826553345, "dmean2": 3.15097045898, "median": 9.27815437317, "dvar": 12.0589227676}, "erbbands_skewness": {"dvar2": 0.186942577362, "var": 0.541565001011, "min": -2.13985419273, "dmean": 0.254494965076, "mean": 0.736598551273, "max": 7.52647638321, "dmean2": 0.3816614151, "median": 0.698604345322, "dvar": 0.084086894989}, "average_loudness": 0.843875050545, "spectral_centroid": {"dvar2": 124452.164062, "var": 307757.25, "min": 230.181610107, "dmean": 117.641998291, "mean": 892.511901855, "max": 11356.9091797, "dmean2": 177.066299438, "median": 805.184448242, "dvar": 53402.6445312}, "dissonance": {"dvar2": 0.00229351990856, "var": 0.00298586301506, "min": 0.1520049721, "dmean": 0.0313812829554, "mean": 0.407941192389, "max": 0.49992826581, "dmean2": 0.0530409999192, "median": 0.416701763868, "dvar": 0.000840056105517}, "erbbands_flatness_db": {"dvar2": 0.000895908859093, "var": 0.00411413563415, "min": 0.0295074488968, "dmean": 0.0171221997589, "mean": 0.238425418735, "max": 0.42680683732, "dmean2": 0.0243878886104, "median": 0.239587262273, "dvar": 0.000457345333416}, "spectral_strongpeak": {"dvar2": 1.5267881155, "var": 5.05978870392, "min": 0, "dmean": 0.577135026455, "mean": 2.26744937897, "max": 14.1347484589, "dmean2": 0.952105641365, "median": 1.24805676937, "dvar": 0.66875064373}, "spectral_rms": {"dvar2": 9.97540155367e-07, "var": 2.71104704552e-06, "min": 3.17821311803e-12, "dmean": 0.000481715833303, "mean": 0.00499880360439, "max": 0.0121980542317, "dmean2": 0.000770406564698, "median": 0.00496778544039, "dvar": 4.10123675465e-07}, "silence_rate_60dB": {"dvar2": 0.0031165422406, "var": 0.0401736758649, "min": 0, "dmean": 0.00133838946931, "mean": 0.0419315248728, "max": 1, "dmean2": 0.00267707742751, "median": 0, "dvar": 0.00133671320509}, "melbands": {"dvar2": [6.29228127935e-11, 4.94746039692e-08, 1.71401939042e-06, 5.80416372031e-06, 4.84497832076e-07, 2.70797677615e-08, 3.08647329916e-08, 7.20902093576e-08, 1.22846699924e-07, 1.0157961583e-07, 3.37549650453e-08, 7.97769359906e-07, 5.9420779408e-09, 3.91218364371e-08, 6.34780061848e-10, 9.54334611336e-10, 2.82152468056e-10, 1.35944189239e-09, 1.55720025763e-09, 3.69716124382e-09, 1.50737680116e-08, 1.04603326001e-10, 1.51073001331e-10, 1.75594538909e-11, 2.83410985652e-11, 4.28975015232e-11, 4.15959267031e-10, 9.46591346973e-11, 7.13265113639e-10, 3.0963290959e-11, 9.92443193598e-12, 1.6024842911e-11, 1.64514788511e-12, 2.18124598245e-11, 1.40777658628e-11, 8.30755603198e-12, 6.95283349124e-13, 7.41052726995e-13, 9.61487400114e-13, 3.77712347076e-13], "var": [5.99169672211e-11, 2.85051005022e-08, 1.56885766955e-06, 4.05433866035e-06, 6.60307307498e-07, 4.22530739286e-08, 2.65459814131e-08, 2.06193277563e-07, 3.27016721258e-07, 8.62454427875e-08, 1.37514831522e-07, 5.71348255107e-06, 9.14622244608e-09, 4.44620305018e-08, 2.51048981603e-09, 3.05115732679e-09, 8.38696223582e-10, 1.17563325741e-09, 4.25453405839e-09, 2.2026394042e-09, 5.20155341022e-09, 7.94166954421e-11, 8.49735282138e-11, 1.13831288145e-11, 2.88820738159e-11, 4.65533930849e-11, 2.18836573862e-10, 4.82638061461e-11, 1.76726036583e-10, 1.27269930705e-11, 1.4177616546e-11, 1.48876900391e-11, 1.94983612589e-12, 5.13541466296e-12, 3.51118569983e-12, 3.48488056988e-12, 3.32026506983e-13, 2.42193716254e-13, 4.09808932665e-13, 1.77826788125e-13], "min": [7.94320453774e-24, 3.08822221935e-24, 2.26329557962e-24, 3.86494709119e-24, 2.22251206247e-24, 2.88217510357e-24, 5.3710139046e-24, 3.3961345494e-24, 5.46055987253e-24, 3.21993595811e-24, 6.41352593415e-24, 6.92844857914e-24, 5.14612701546e-24, 4.98247269308e-24, 5.47827177201e-24, 4.85000993089e-24, 4.22856029811e-24, 7.15196837233e-24, 6.48564083709e-24, 5.56641632854e-24, 6.73774618847e-24, 6.67737387453e-24, 6.74483173712e-24, 7.84405655487e-24, 5.69972080532e-24, 3.82870445462e-24, 6.30880780442e-24, 7.04910722118e-24, 7.31924948273e-24, 6.13994700006e-24, 6.387047029e-24, 7.60510269807e-24, 8.43089018226e-24, 6.11744710932e-24, 8.72129670274e-24, 9.61997335686e-24, 8.07247044111e-24, 7.70360697044e-24, 8.45454654309e-24, 9.93417586655e-24], "dmean": [4.57396981801e-06, 7.35222856747e-05, 0.00039438897511, 0.000724166515283, 0.000286857859464, 8.01371061243e-05, 6.47659835522e-05, 0.000107139727334, 0.000168327140273, 9.35286225285e-05, 7.53866552259e-05, 0.000323694286635, 2.66139541054e-05, 3.58838260581e-05, 9.63772072282e-06, 1.21140728879e-05, 7.59220210966e-06, 9.78851585387e-06, 1.24678008433e-05, 7.79489982961e-06, 9.16676253837e-06, 2.40938061324e-06, 2.63453375737e-06, 9.89453042166e-07, 1.28151793888e-06, 2.04593129638e-06, 3.6680348785e-06, 1.59239391451e-06, 1.32440948164e-06, 5.50743266103e-07, 6.77527964399e-07, 8.87997600785e-07, 3.23521106793e-07, 2.8625842674e-07, 3.04146567487e-07, 3.78483946406e-07, 1.46344689256e-07, 1.05739978551e-07, 1.43326460034e-07, 1.05627080416e-07], "mean": [2.39323853748e-05, 0.000139223513543, 0.000689656939358, 0.00147271715105, 0.00100756587926, 0.000238612832618, 0.000165300065419, 0.000355527183274, 0.000596654659603, 0.000247763557127, 0.000312978110742, 0.00142892170697, 7.90585181676e-05, 7.65081204008e-05, 2.84743418888e-05, 3.61943057214e-05, 2.03710733331e-05, 2.15084928641e-05, 3.88028638554e-05, 2.39664605033e-05, 1.29574664243e-05, 5.07594359078e-06, 5.22808386449e-06, 1.97934764401e-06, 2.61341460828e-06, 4.74845683129e-06, 6.78365495332e-06, 3.36979610438e-06, 1.72077511706e-06, 8.79114168129e-07, 1.59646310749e-06, 1.98245788852e-06, 7.011933576e-07, 4.46141058319e-07, 4.65281516426e-07, 5.10671782195e-07, 2.19535564838e-07, 1.43373327433e-07, 1.90156228541e-07, 1.45984941469e-07], "max": [9.60681136348e-05, 0.0018321890384, 0.018343128264, 0.0269490294158, 0.00652933493257, 0.00204796739854, 0.00170598807745, 0.00632059806958, 0.00405078241602, 0.00429115211591, 0.00337568158284, 0.0247346963733, 0.00176536070649, 0.00506028626114, 0.000742337026168, 0.000683883263264, 0.00038894827594, 0.000653130351566, 0.000997412367724, 0.00249012256972, 0.00391345284879, 0.000359189260053, 0.000420584139647, 6.92290632287e-05, 0.000106292041892, 0.00019633230113, 0.000383275473723, 0.00031527178362, 0.000959402066655, 0.000151398649905, 0.00012435921235, 7.0654823503e-05, 2.3791768399e-05, 0.000121738608868, 0.000100482240668, 7.07359067746e-05, 1.53066212079e-05, 1.62030355568e-05, 1.56130281539e-05, 1.15360717245e-05], "dmean2": [8.02088288765e-06, 0.000129067964735, 0.000654749514069, 0.00120408448856, 0.000451379688457, 0.000121646211483, 0.000102391582914, 0.000160994371981, 0.000250473385677, 0.000141091353726, 0.000109083775897, 0.000472739018733, 3.99707860197e-05, 5.56436316401e-05, 1.35302052513e-05, 1.56219703058e-05, 9.90933040157e-06, 1.5106437786e-05, 1.80851911864e-05, 1.13071546366e-05, 1.55059533427e-05, 3.79451421395e-06, 4.20419110014e-06, 1.60943966421e-06, 1.854080665e-06, 3.16211253448e-06, 5.92141577727e-06, 2.2795059067e-06, 2.18274840336e-06, 9.02506201328e-07, 9.92798959487e-07, 1.37740505579e-06, 4.90768400141e-07, 4.87461534249e-07, 5.09698168116e-07, 6.29264661711e-07, 2.27543452525e-07, 1.68079097307e-07, 2.30643806276e-07, 1.65444618005e-07], "median": [2.43863305514e-05, 8.306466043e-05, 0.000364641164197, 0.000802547845524, 0.0008056446095, 0.000188836158486, 0.000118425959954, 0.000211272912566, 0.000412811787101, 0.000156058726134, 0.000168820042745, 0.000327851070324, 4.8657773732e-05, 2.31028188864e-05, 1.33987