{"tonal": {"thpcp": [1, 0.697227180004, 0.422818243504, 0.513331830502, 0.451860070229, 0.385667264462, 0.49820625782, 0.497968047857, 0.607974588871, 0.888475418091, 0.758501172066, 0.401992022991, 0.2909925282, 0.446282804012, 0.840919196606, 0.988982081413, 0.603265047073, 0.347306519747, 0.405667066574, 0.37651720643, 0.470390319824, 0.664300024509, 0.514881491661, 0.430518448353, 0.610867917538, 0.488863497972, 0.28371539712, 0.281913369894, 0.245582655072, 0.42803144455, 0.751118242741, 0.568283081055, 0.274145841599, 0.277412503958, 0.275259584188, 0.62309128046], "hpcp": {"dmean2": [0.131753221154, 0.122218511999, 0.115363292396, 0.156976237893, 0.215658396482, 0.177772730589, 0.124653764069, 0.124547407031, 0.130474835634, 0.188732758164, 0.23758456111, 0.214127019048, 0.16986553371, 0.181136116385, 0.174158200622, 0.176839336753, 0.21397306025, 0.232646927238, 0.25571039319, 0.295892447233, 0.303453892469, 0.220776736736, 0.168380007148, 0.229313060641, 0.347654670477, 0.311092823744, 0.217292577028, 0.177322551608, 0.176563099027, 0.156537130475, 0.180027097464, 0.210289046168, 0.187752842903, 0.184378802776, 0.208526358008, 0.177357852459], "median": [0.0155488168821, 0.0128394830972, 0.012603324838, 0.0249356832355, 0.0335896536708, 0.0252416115254, 0.0164519734681, 0.0127975894138, 0.0151944942772, 0.0431475155056, 0.0702926442027, 0.0521342307329, 0.0198959838599, 0.0129433358088, 0.0132143041119, 0.019814575091, 0.023214334622, 0.0225321277976, 0.0368713326752, 0.0614469982684, 0.0440010912716, 0.0158930532634, 0.00889792945236, 0.0143704675138, 0.0413222238421, 0.0571730136871, 0.0316432490945, 0.01522720512, 0.0106393992901, 0.0106689445674, 0.0204694084823, 0.0256872922182, 0.0218594092876, 0.0290184449404, 0.0325375385582, 0.0231421664357], "min": [0, 0, 0, 0, 0, 0, 0, 0, 0, 0, 0, 0, 0, 0, 0, 0, 0, 0, 0, 0, 0, 0, 0, 0, 0, 0, 0, 0, 0, 0, 0, 0, 0, 0, 0, 0], "dvar2": [0.0656413212419, 0.0661914199591, 0.0594877302647, 0.0685988515615, 0.109158150852, 0.082881629467, 0.0650627538562, 0.0669064149261, 0.0683974102139, 0.0860336944461, 0.118688523769, 0.0994379371405, 0.0930268168449, 0.104509152472, 0.0985289812088, 0.0984715297818, 0.125892564654, 0.139713898301, 0.13763435185, 0.145548656583, 0.162667959929, 0.122906498611, 0.109634228051, 0.122626118362, 0.224227160215, 0.146575152874, 0.110025525093, 0.0944183543324, 0.102681003511, 0.0797318965197, 0.098500482738, 0.126415133476, 0.107594914734, 0.0964155569673, 0.108549676836, 0.0958546847105], "dvar": [0.0240159202367, 0.0251943264157, 0.0219061691314, 0.026977064088, 0.0494475252926, 0.0350099951029, 0.023831769824, 0.0254001896828, 0.0253288540989, 0.0318010151386, 0.0508054792881, 0.0390724018216, 0.0337565131485, 0.0420694500208, 0.0388436876237, 0.036110162735, 0.0479389503598, 0.0526691712439, 0.0512580052018, 0.0583828128874, 0.0631257072091, 0.0445399656892, 0.0396047309041, 0.0451003611088, 0.0820381939411, 0.0614311508834, 0.0433342605829, 0.0343677774072, 0.0400655642152, 0.0308065321296, 0.0365238822997, 0.0505820736289, 0.0410423092544, 0.0346650704741, 0.0448768474162, 0.0381647571921], "dmean": [0.07374766469, 0.0686751529574, 0.0644224584103, 0.0911918729544, 0.127582266927, 0.104809448123, 0.0700198039412, 0.0699200928211, 0.0723694115877, 0.108400732279, 0.138378188014, 0.124873653054, 0.0966553390026, 0.10326423496, 0.0997454598546, 0.0989314764738, 0.11893761158, 0.128365814686, 0.144197806716, 0.171838521957, 0.172764882445, 0.12115701288, 0.0909663513303, 0.125619202852, 0.191712468863, 0.1771042943, 0.125276818871, 0.0977894514799, 0.098487444222, 0.0890213176608, 0.102449260652, 0.119587808847, 0.106666967273, 0.103969760239, 0.119022428989, 0.101652577519], "max": [1, 1, 1, 1, 1, 1, 1, 1, 1, 1, 1, 1, 1, 1, 1, 1, 1, 1, 1, 1, 1, 1, 1, 1, 1, 1, 1, 1, 1, 1, 1, 1, 1, 1, 1, 1], "var": [0.0206395555288, 0.0258921850473, 0.0185457784683, 0.0324585884809, 0.08653139323, 0.0563304051757, 0.0208887048066, 0.0252557173371, 0.023500751704, 0.0469275787473, 0.108625933528, 0.0525932721794, 0.0380082502961, 0.0601356737316, 0.0477863587439, 0.0321733653545, 0.0518192909658, 0.0518189817667, 0.0522028617561, 0.0867582038045, 0.0728037580848, 0.0358239077032, 0.0312098581344, 0.0415124483407, 0.0879703760147, 0.10309305042, 0.053522426635, 0.0291241388768, 0.046603102237, 0.0378550700843, 0.0415641032159, 0.0808273106813, 0.0532144717872, 0.0321403667331, 0.0655061900616, 0.0501025505364], "mean": [0.0661052912474, 0.0656854212284, 0.0572204142809, 0.0997307226062, 0.175009489059, 0.132409155369, 0.063875593245, 0.0646367222071, 0.0641350969672, 0.145179390907, 0.232998594642, 0.162452951074, 0.0985160544515, 0.119605593383, 0.105282761157, 0.0898599326611, 0.116081357002, 0.116025857627, 0.141657218337, 0.207013517618, 0.17672970891, 0.0936635732651, 0.0678008496761, 0.103983268142, 0.195932984352, 0.230431437492, 0.140559911728, 0.0809219330549, 0.0945198535919, 0.0877279788256, 0.109600283206, 0.154780969024, 0.119966670871, 0.100310191512, 0.142331361771, 0.113904505968]}, "tuning_equal_tempered_deviation": 0.368905454874, "chords_changes_rate": 0.0845549181104, "key_key": "G#", "tuning_diatonic_strength": 0.45323574543, "key_scale": "major", "chords_number_rate": 0.00297429366037, "tuning_frequency": 434.193115234, "tuning_nontempered_energy_ratio": 0.975585997105, "chords_histogram": [14.8502235413, 10.941151619, 6.20352649689, 5.14127874374, 6.0548119545, 0.318674325943, 9.64520931244, 0, 4.22774600983, 0.106224775314, 1.0410027504, 0.212449550629, 0.212449550629, 0.0637348666787, 0.254939466715, 0.169959634542, 0.0212449543178, 0.807308256626, 1.18971741199, 4.84384965897, 3.18674325943, 8.60420608521, 13.5967712402, 8.30677700043], "key_strength": 0.612651526928, "chords_key": "G#", "chords_strength": {"dmean2": 0.0136071788147, "median": 0.459649145603, "min": -1, "dvar2": 0.00106086209416, "dvar": 0.000536237494089, "dmean": 0.012388904579, "max": 0.77014029026, "var": 0.0140123711899, "mean": 0.463048815727}, "chords_scale": "major", "hpcp_entropy": {"dmean2": 1.07728493214, "median": 1.76336812973, "min": 0, "dvar2": 0.779426574707, "dvar": 0.293217986822, "dmean": 0.64508998394, "max": 4.55854701996, "var": 0.571733474731, "mean": 1.73266339302}}, "metadata": {"audio_properties": {"equal_loudness": 0, "codec": "aac", "downmix": "mix", "sample_rate": 44100, "analysis_sample_rate": 44100, "bit_rate": 278323, "md5_encoded": "7fd5d73136b068e6f39c0fa7e483f2f3", "length": 218.546218872, "replay_gain": -13.5693683624, "lossless": false}, "version": {"essentia_build_sha": "2d9f1f26377add8aeb1075a9c2973f962c4f09fd", "essentia": "2.1-beta2", "extractor": "music 1.0", "essentia_git_sha": "v2.1_beta2-1-ge3940c0"}, "tags": {"title": ["Hold Me Tighter in the Rain"], "barcode": ["5051275043426"], "media": ["CD"], "language": ["English"], "musicbrainz_recordingid": ["14e7abc5-4cd2-455f-b710-3e8202a809dd"], "musicbrainz_albumartistid": ["89ad4ac3-39f7-470e-963a-56509c546377"], "discnumber": ["3/3"], "bpm": ["0"], "catalognumber": ["MOSCD265"], "file_name": "3-12 Hold Me Tighter in the Rain.m4a", "compilation": ["1"], "date": ["2011-07-24T07:00:00Z"], "genre": ["R&B/Soul"], "album": ["80s Groove, Volume II"], "musicbrainz_artistid": ["b66335d8-6be3-4a77-b269-4613e511d342"], "asin": ["B0055BJE2Y"], "musicbrainz_albumid": ["7e7dad24-08bc-4bd8-bf68-8c5335a633ef"], "copyright": ["\u2117 2011 Ministry of Sound Recordings Limited"], "artist": ["Billy Griffin"], "artistsort": ["Griffin, Billy"], "tracknumber": ["12/17"], "label": ["Ministry of Sound"], "albumartistsort": ["Ministry of Sound"], "script": ["Latin"], "musicbrainz_releasegroupid": ["9302761d-5f41-4768-af58-5cbd1ca2b474"]}}, "rhythm": {"bpm_histogram_first_peak_bpm": {"dmean2": 0, "median": 103, "min": 103, "dvar2": 0, "dvar": 0, "dmean": 0, "max": 103, "var": 0, "mean": 103}, "bpm": 103.412391663, "bpm_histogram_second_peak_spread": {"dmean2": 0, "median": 0.599999964237, "min": 0.599999964237, "dvar2": 0, "dvar": 0, "dmean": 0, "max": 0.599999964237, "var": 0, "mean": 0.599999964237}, "bpm_histogram_first_peak_weight": {"dmean2": 0, "median": 0.820855617523, "min": 0.820855617523, "dvar2": 0, "dvar": 0, "dmean": 0, "max": 0.820855617523, "var": 0, "mean": 0.820855617523}, "onset_rate": 3.80219745636, "beats_position": [0.603718817234, 1.21904754639, 1.84598636627, 2.46131515503, 3.09986400604, 3.73841261864, 4.34213161469, 4.94585037231, 5.52634906769, 6.09523820877, 6.67573690414, 7.24462556839, 7.8251247406, 8.39401340485, 8.98612213135, 9.56662082672, 10.1471195221, 10.7276191711, 11.3081178665, 11.8886165619, 12.4691152573, 13.0496139526, 13.6301136017, 14.2106122971, 14.7911109924, 15.3716096878, 15.9521083832, 16.5326080322, 17.1131057739, 17.693605423, 18.2741031647, 18.8546028137, 19.4351024628, 20.0039901733, 20.5728797913, 21.153377533, 21.733877182, 22.3143768311, 22.9064846039, 23.4869842529, 24.0674819946, 24.6363716125, 25.2168693542, 25.7973690033, 26.3778686523, 26.958366394, 27.5388660431, 28.1193637848, 28.6998634338, 29.2803630829, 29.8608608246, 30.4413604736, 31.0218582153, 31.6023578644, 32.1828575134, 32.7633552551, 33.3438529968, 33.9243545532, 34.5048522949, 35.0853500366, 35.6658477783, 36.2463493347, 36.8268470764, 37.3957366943, 37.9646263123, 38.5567321777, 39.1372337341, 39.7177314758, 40.2982292175, 40.8787307739, 41.4708366394, 42.0513381958, 42.6318359375, 43.2123336792, 43.7928352356, 44.3733329773, 44.953830719, 45.5343284607, 46.1148300171, 46.6953277588, 47.2758255005, 47.8447151184, 48.4136047363, 48.994102478, 49.5746040344, 50.1551017761, 50.7355995178, 51.3160972595, 51.8965988159, 52.4770965576, 53.0575942993, 53.6380958557, 54.2185935974, 54.7990913391, 55.3795890808, 55.9600906372, 56.5405883789, 57.1210861206, 57.701587677, 58.2820854187, 58.8625831604, 59.4430847168, 60.0235824585, 60.5808601379, 61.1613578796, 61.741859436, 62.3223571777, 62.9028549194, 63.4833564758, 64.0638504028, 64.6443557739, 65.2248535156, 65.8053512573, 66.385848999, 66.9663467407, 67.5468444824, 68.1273422241, 68.7078475952, 69.2883453369, 69.8688430786, 70.4493408203, 71.029838562, 71.6103363037, 72.1908340454, 72.7713394165, 73.3634490967, 73.9555511475, 74.5360565186, 75.1165542603, 75.6854400635, 76.2543258667, 76.8348312378, 77.4153289795, 77.9958267212, 78.5763244629, 79.1568222046, 79.7373199463, 80.3178253174, 80.8983230591, 81.4788208008, 82.0593185425, 82.6398162842, 83.2203140259, 83.8008117676, 84.3813171387, 84.9618148804, 85.5307006836, 86.0995864868, 86.6800918579, 87.2605895996, 87.8410873413, 88.421585083, 89.0136947632, 89.6058044434, 90.1863021851, 90.7667999268, 91.3472976685, 91.9277954102, 92.5083007813, 93.0887985229, 93.6692962646, 94.2497940063, 94.830291748, 95.3991851807, 95.9680709839, 96.5485687256, 97.1290664673, 97.709564209, 98.2900695801, 98.8705673218, 99.4510650635, 100.031562805, 100.612060547, 101.204170227, 101.796279907, 102.376777649, 102.957275391, 103.537773132, 104.106666565, 104.675552368, 105.25605011, 105.836547852, 106.417053223, 106.997550964, 107.578048706, 108.158546448, 108.739044189, 109.319541931, 109.900039673, 110.480545044, 111.061042786, 111.641540527, 112.222038269, 112.802536011, 113.383033752, 113.963539124, 114.544036865, 115.124534607, 115.705032349, 116.28553009, 116.866027832, 117.446525574, 118.027030945, 118.607528687, 119.188026428, 119.76852417, 120.349021912, 120.929519653, 121.510017395, 122.090522766, 122.671020508, 123.25151825, 123.832015991, 124.400901794, 124.969795227, 125.53868103, 126.119178772, 126.711288452, 127.291786194, 127.872291565, 128.452789307, 129.033279419, 129.61378479, 130.194290161, 130.774780273, 131.355285645, 131.935775757, 132.516281128, 133.09677124, 133.677276611, 134.257781982, 134.838272095, 135.418777466, 135.999267578, 136.579772949, 137.160263062, 137.740768433, 138.321273804, 138.901763916, 139.482269287, 140.062759399, 140.643264771, 141.223754883, 141.804260254, 142.384765625, 142.965255737, 143.545761108, 144.103042603, 144.671920776, 145.264038086, 145.856140137, 146.436645508, 147.01713562, 147.597640991, 148.166534424, 148.747024536, 149.327529907, 149.90802002, 150.488525391, 151.069015503, 151.649520874, 152.230026245, 152.810516357, 153.391021729, 153.971511841, 154.552017212, 155.132507324, 155.713012695, 156.293518066, 156.874008179, 157.45451355, 158.035003662, 158.615509033, 159.195999146, 159.776504517, 160.357009888, 160.9375, 161.52961731, 162.110107422, 162.679000854, 163.259490967, 163.839996338, 164.420501709, 165.000991821, 165.581497192, 166.161987305, 166.742492676, 167.322982788, 167.903488159, 168.48399353, 169.064483643, 169.644989014, 170.225479126, 170.805984497, 171.386474609, 171.96697998, 172.547485352, 173.127975464, 173.708480835, 174.288970947, 174.869476318, 175.449981689, 176.030471802, 176.599365234, 177.191467285, 177.771972656, 178.352462769, 178.93296814, 179.513473511, 180.093963623, 180.674468994, 181.254959106, 181.835464478, 182.40435791, 182.973236084, 183.553741455, 184.134231567, 184.714736938, 185.29524231, 185.875732422, 186.467849731, 187.059951782, 187.640457153, 188.220947266, 188.801452637, 189.381942749, 189.96244812, 190.531341553, 191.100219727, 191.680725098, 192.26121521, 192.841720581, 193.422225952, 194.002716064, 194.583221436, 195.175323486, 195.767440796, 196.347930908, 196.916824341, 197.485717773, 198.066207886, 198.646713257, 199.227203369, 199.80770874, 200.388198853, 200.968704224, 201.549209595, 202.129699707, 202.710205078, 203.29069519, 203.871200562, 204.451690674, 205.043807983, 205.635910034, 206.216415405, 206.796905518, 207.377410889, 207.95791626, 208.538406372, 209.107299805, 209.676193237, 210.25668335, 210.837188721, 211.417678833, 211.998184204, 212.578674316, 213.159179688, 213.739685059, 214.331787109, 214.92388916, 215.504394531, 216.084899902, 216.665390015, 217.257507324, 217.849609375], "beats_loudness": {"dmean2": 0.0516528375447, "median": 0.0627574920654, "min": 4.34987112996e-09, "dvar2": 0.00161003880203, "dvar": 0.000512065947987, "dmean": 0.0285279639065, "max": 0.130599364638, "var": 0.00110105564818, "mean": 0.062213294208}, "danceability": 1.37460052967, "bpm_histogram_second_peak_weight": {"dmean2": 0, "median": 0.00534759368747, "min": 0.00534759368747, "dvar2": 0, "dvar": 0, "dmean": 0, "max": 0.00534759368747, "var": 0, "mean": 0.00534759368747}, "beats_count": 375, "bpm_histogram_second_peak_bpm": {"dmean2": 0, "median": 94, "min": 94, "dvar2": 0, "dvar": 0, "dmean": 0, "max": 94, "var": 0, "mean": 94}, "bpm_histogram_first_peak_spread": {"dmean2": 0, "median": 0.16348773241, "min": 0.16348773241, "dvar2": 0, "dvar": 0, "dmean": 0, "max": 0.16348773241, "var": 0, "mean": 0.16348773241}, "beats_loudness_band_ratio": {"dmean2": [0.33317181468, 0.104624308646, 0.156754851341, 0.240082070231, 0.0418835617602, 0.0832123458385], "median": [0.705140352249, 0.0395724400878, 0.0534329153597, 0.0523157939315, 0.0170084275305, 0.0529278255999], "min": [0.00636557675898, 0.000329491478624, 0.000555488164537, 0.000193475003471, 0.000402480771299, 4.27332488471e-05], "dvar2": [0.0689058229327, 0.015718402341, 0.0277481283993, 0.0677376165986, 0.00345938815735, 0.00314876856282], "dvar": [0.0262972973287, 0.00597844738513, 0.00979213695973, 0.0250929668546, 0.0013022669591, 0.0012214804301], "dmean": [0.191368892789, 0.0584809444845, 0.0883064568043, 0.130119502544, 0.0236503556371, 0.0452922061086], "max": [0.965896725655, 0.656961202621, 0.584608137608, 0.856688559055, 0.372023791075, 0.455812633038], "var": [0.0387527830899, 0.00705451797694, 0.00955568999052, 0.0228920131922, 0.00117286422756, 0.00200988003053], "mean": [0.663143634796, 0.0636888220906, 0.0884860232472, 0.11709972471, 0.0263971295208, 0.0573734045029]}}, "lowlevel": {"barkbands_spread": {"dmean2": 9.78834152222, "median": 18.639169693, "min": 0.495252132416, "dvar2": 148.126586914, "dvar": 68.0967178345, "dmean": 6.2465171814, "max": 166.843185425, "var": 263.917388916, "mean": 21.9843482971}, "melbands_spread": {"dmean2": 11.547162056, "median": 18.8360176086, "min": 0.579509437084, "dvar2": 290.519714355, "dvar": 147.707427979, "dmean": 7.5239739418, "max": 213.463821411, "var": 434.729095459, "mean": 23.3870544434}, "hfc": {"dmean2": 10.758228302, "median": 11.3122968674, "min": 1.10564315718e-16, "dvar2": 365.074371338, "dvar": 202.221939087, "dmean": 8.08604431152, "max": 297.880004883, "var": 723.289672852, "mean": 21.7264480591}, "barkbands_kurtosis": {"dmean2": 4.84646463394, "median": 2.23591160774, "min": -1.98860383034, "dvar2": 84.719619751, "dvar": 34.3203926086, "dmean": 2.96906590462, "max": 195.127716064, "var": 106.63433075, "mean": 4.9472413063}, "gfcc": {"mean": [-34.7773323059, 82.4759521484, -110.547172546, 23.21966362, -65.4090576172, 18.8118133545, -23.0498943329, 4.90294837952, -24.4623794556, 0.632419228554, -12.7909536362, 1.47736644745, -8.73386764526], "icov": [[0.000122674493468, -0.000154883557116, 0.000144241552334, -0.000206521333894, 0.000174233864527, -0.000254603102803, 0.000240779685555, -0.000377205869881, 0.000480126938783, -0.000594566692598, 0.000604937318712, -0.00047859508777, 0.000349573674612], [-0.000154883557116, 0.00117017992307, -0.000137047769385, 0.000266906572506, -0.000677004922181, 0.000717380782589, -0.000985852326266, 0.001313493005, -0.00125704950187, 0.00180711504072, -0.0014037367655, 0.00158808461856, -0.00100259948522], [0.000144241552334, -0.000137047769385, 0.001430420205, -0.000453174579889, -0.000665372936055, -0.000225399227929, -0.000206950717256, -0.000202875598916, 0.000708911800757, -0.00145637581591, 0.002218055306, -0.00148514728062, 0.000494909239933], [-0.000206521333894, 0.000266906572506, -0.000453174579889, 0.00251551507972, -0.000158784576342, -0.000121447490528, -3.93917107431e-05, -0.000372221227735, -0.00132417643908, 0.00109423603863, -0.00111549685244, 0.00090317678405, -0.000851609162055], [0.000174233864527, -0.000677004922181, -0.000665372936055, -0.000158784576342, 0.00341144995764, -0.000901954830624, -0.000237173604546, -0.000675740709994, -0.000355132768163, -0.000406585313613, 0.000468175188871, -0.000322402687743, 0.00138216896448], [-0.000254603102803, 0.000717380782589, -0.000225399227929, -0.000121447490528, -0.000901954830624, 0.00541939632967, -0.00348154921085, 0.000111891931738, 0.000718039344065, 0.000199064743356, -0.00166385388002, 0.00115978647955, -0.000605596986134], [0.000240779685555, -0.000985852326266, -0.000206950717256, -3.93917107431e-05, -0.000237173604546, -0.00348154921085, 0.00839638710022, -0.00242949207313, -0.000113032780064, -0.000358602963388, -0.000772689643782, -0.00156119605526, 0.00059207045706], [-0.000377205869881, 0.001313493005, -0.000202875598916, -0.000372221227735, -0.000675740709994, 0.000111891931738, -0.00242949207313, 0.00949342548847, -0.00552574777976, 0.00137059693225, -0.000277550454484, -0.000348704023054, -0.000461732968688], [0.000480126938783, -0.00125704950187, 0.000708911800757, -0.00132417643908, -0.000355132768163, 0.000718039344065, -0.000113032780064, -0.00552574777976, 0.0149916596711, -0.00668155215681, 0.00181859033182, 0.000105359329609, -0.000666636507958], [-0.000594566692598, 0.00180711504072, -0.00145637581591, 0.00109423603863, -0.000406585313613, 0.000199064743356, -0.000358602963388, 0.00137059693225, -0.00668155215681, 0.0146527346224, -0.00762367760763, 0.00309048849158, -0.00101382192224], [0.000604937318712, -0.0014037367655, 0.002218055306, -0.00111549685244, 0.000468175188871, -0.00166385388002, -0.000772689643782, -0.000277550454484, 0.00181859033182, -0.00762367760763, 0.0168747119606, -0.0084231486544, 0.00258747395128], [-0.00047859508777, 0.00158808461856, -0.00148514728062, 0.00090317678405, -0.000322402687743, 0.00115978647955, -0.00156119605526, -0.000348704023054, 0.000105359329609, 0.00309048849158, -0.0084231486544, 0.0185505952686, -0.0067319185473], [0.000349573674612, -0.00100259948522, 0.000494909239933, -0.000851609162055, 0.00138216896448, -0.000605596986134, 0.00059207045706, -0.000461732968688, -0.000666636507958, -0.00101382192224, 0.00258747395128, -0.0067319185473, 0.0125591997057]], "cov": [[19994.3535156, -1124.04382324, -969.807189941, 1141.60986328, -950.012329102, 632.76574707, -252.685882568, 647.207092285, -201.919281006, 427.430908203, -179.227920532, 190.78263855, -196.888153076], [-1124.04382324, 1842.57580566, -14.717965126, -149.911865234, 293.611663818, -142.550811768, 107.604019165, -210.41986084, 35.7222251892, -178.244674683, 20.3966636658, -107.292472839, 42.5941581726], [-969.807189941, -14.717965126, 1270.1295166, 148.941894531, 395.587341309, 135.350524902, 153.806503296, 82.701965332, 52.5218505859, 61.4065361023, -70.6298675537, 35.9916687012, -13.7636346817], [1141.60986328, -149.911865234, 148.941894531, 573.264892578, 39.7516746521, 119.58505249, 54.9068641663, 138.988327026, 64.8028411865, 54.2395401001, 8.9938993454, 26.2135887146, 13.1883897781], [-950.012329102, 293.611663818, 395.587341309, 39.7516746521, 543.387695313, 110.334037781, 146.505172729, 42.2329788208, 66.4561080933, 9.75002288818, 7.36928081512, -12.6292476654, -26.8193397522], [632.76574707, -142.550811768, 135.350524902, 119.58505249, 110.334037781, 365.013824463, 166.978530884, 102.352241516, 18.3960876465, 63.2496795654, 42.8456916809, 34.0271263123, -9.37365722656], [-252.685882568, 107.604019165, 153.806503296, 54.9068641663, 146.505172729, 166.978530884, 250.487243652, 80.0979766846, 49.2475128174, 29.9289798737, 47.4030036926, 27.0860843658, 6.13253211975], [647.207092285, -210.41986084, 82.701965332, 138.988327026, 42.2329788208, 102.352241516, 80.0979766846, 227.318084717, 77.868522644, 65.0888366699, 12.0139751434, 34.7157783508, 1.74250745773], [-201.919281006, 35.7222251892, 52.5218505859, 64.8028411865, 66.4561080933, 18.3960876465, 49.2475128174, 77.868522644, 131.484603882, 54.4590263367, 20.9543933868, 3.02191281319, 13.5889177322], [427.430908203, -178.244674683, 61.4065361023, 54.2395401001, 9.75002288818, 63.2496795654, 29.9289798737, 65.0888366699, 54.4590263367, 147.723724365, 46.9638900757, 23.3880577087, -4.23327684402], [-179.227920532, 20.3966636658, -70.6298675537, 8.9938993454, 7.36928081512, 42.8456916809, 47.4030036926, 12.0139751434, 20.9543933868, 46.9638900757, 120.978271484, 40.1778755188, 10.9870624542], [190.78263855, -107.292472839, 35.9916687012, 26.2135887146, -12.6292476654, 34.0271263123, 27.0860843658, 34.7157783508, 3.02191281319, 23.3880577087, 40.1778755188, 97.41746521, 35.5018844604], [-196.888153076, 42.5941581726, -13.7636346817, 13.1883897781, -26.8193397522, -9.37365722656, 6.13253211975, 1.74250745773, 13.5889177322, -4.23327684402, 10.9870624542, 35.5018844604, 109.360069275]]}, "spectral_energyband_middle_low": {"dmean2": 0.00652104616165, "median": 0.00508209504187, "min": 1.60744583692e-22, "dvar2": 0.000131452208734, "dvar": 5.97455327807e-05, "dmean": 0.00433483347297, "max": 0.0940799042583, "var": 0.000120194221381, "mean": 0.00911012105644}, "melbands_crest": {"dmean2": 5.14181470871, "median": 13.8748703003, "min": 1.81033706665, "dvar2": 25.9977283478, "dvar": 10.7550859451, "dmean": 3.21520137787, "max": 39.1904907227, "var": 28.8975219727, "mean": 14.654873848}, "spectral_kurtosis": {"dmean2": 2.77223873138, "median": 2.8600859642, "min": -1.2483561039, "dvar2": 36.5786361694, "dvar": 15.6252851486, "dmean": 1.77865147591, "max": 114.767326355, "var": 106.043251038, "mean": 5.15759754181}, "spectral_rms": {"dmean2": 0.00126582849771, "median": 0.00385071337223, "min": 3.14910163918e-12, "dvar2": 2.92285244541e-06, "dvar": 1.50684468281e-06, "dmean": 0.000863414723426, "max": 0.0125741492957, "var": 5.74825799049e-06, "mean": 0.00428303470835}, "zerocrossingrate": {"dmean2": 0.0126870628446, "median": 0.0546875, "min": 0.0029296875, "dvar2": 0.000270669028396, "dvar": 0.000242176276515, "dmean": 0.0110922120512, "max": 0.8388671875, "var": 0.00249435030855, "mean": 0.0635490268469}, "silence_rate_60dB": {"dmean2": 0.0501540750265, "median": 0, "min": 0, "dvar2": 0.0580435693264, "dvar": 0.0244431365281, "dmean": 0.0250743739307, "max": 1, "var": 0.0890405476093, "mean": 0.098799534142}, "erbbands_kurtosis": {"dmean2": 2.12384271622, "median": 0.370690703392, "min": -1.77668094635, "dvar2": 9.07042503357, "dvar": 4.19253253937, "dmean": 1.39527630806, "max": 39.8861541748, "var": 12.2400817871, "mean": 1.48591816425}, "erbbands": {"dmean2": [0.249080061913, 2.15048909187, 3.01244592667, 5.12913799286, 5.09565496445, 4.69988203049, 10.6325845718, 12.6730270386, 15.4243574142, 20.2965316772, 25.7870044708, 33.1704406738, 44.7195243835, 38.8044891357, 48.6231079102, 48.3039512634, 29.9513206482, 19.2832126617, 16.4611492157, 12.6766672134, 12.0640096664, 9.42077255249, 10.0216398239, 10.5711107254, 10.8203678131, 11.3744459152, 9.12955379486, 9.17219924927, 9.33516597748, 6.877409935, 5.25312185287, 2.97633171082, 2.17960453033, 1.32793092728, 0.64883261919, 0.298726677895, 0.107604563236, 0.0332980751991, 0.00379161047749, 0.000147678438225], "median": [0.0298130437732, 0.56518381834, 1.12581920624, 1.11210000515, 1.06073248386, 1.78957331181, 2.6770837307, 3.18372249603, 3.70612454414, 4.39814710617, 5.1757144928, 8.01412582397, 10.5307092667, 12.3585128784, 12.3028783798, 10.855846405, 7.38301324844, 5.0902094841, 4.14012718201, 3.38387274742, 3.39642572403, 3.19808506966, 3.25911855698, 3.43784952164, 4.00394058228, 4.41357374191, 3.51001930237, 3.04079055786, 2.68821167946, 1.7814412117, 1.17580962181, 0.616300463676, 0.400293946266, 0.220254406333, 0.0793093591928, 0.0214458536357, 0.00537312636152, 0.000963468919508, 8.04125593277e-05, 2.5493091016e-05], "min": [1.00285482433e-22, 1.50075079652e-21, 2.88548345368e-21, 1.15575791605e-20, 1.8562616339e-20, 3.47067633621e-20, 4.13737809382e-20, 1.62755708359e-19, 5.659264082e-20, 1.81798608057e-19, 2.32862509372e-19, 5.12989446861e-19, 6.26025900614e-19, 7.6704416843e-19, 1.04678248613e-18, 1.3849143784e-18, 1.76737270834e-18, 2.05681333764e-18, 3.11138879572e-18, 3.88253598678e-18, 4.60784144868e-18, 5.01785047649e-18, 6.23510713205e-18, 8.46949402012e-18, 7.1906223351e-18, 7.22319670762e-18, 9.35259700517e-18, 1.10551439825e-17, 1.40102756722e-17, 1.17576130556e-17, 1.25806197148e-17, 1.26733896749e-17, 1.06569781131e-17, 7.68189896297e-18, 6.27116558931e-18, 4.55572079828e-18, 2.16505426349e-18, 1.16368595755e-18, 2.39608606707e-19, 2.56095133802e-20], "dvar2": [0.387177377939, 29.7216815948, 73.2311096191, 225.237091064, 178.273895264, 97.5673294067, 585.924194336, 750.758605957, 1800.59191895, 4609.87109375, 8067.86181641, 9156.51855469, 16459.9824219, 18435.1757813, 19981.03125, 22970.765625, 11564.5273438, 3284.15014648, 3028.93457031, 2476.4128418, 1127.52294922, 1080.59387207, 618.557189941, 502.878540039, 621.830871582, 667.478393555, 448.32131958, 611.946166992, 656.00567627, 543.65838623, 369.358032227, 104.429885864, 42.3967781067, 10.827173233, 2.06651353836, 0.519945561886, 0.073116697371, 0.00853806547821, 0.000121517790831, 1.71428936824e-07], "dvar": [0.158191308379, 10.2978515625, 26.3230800629, 96.7955322266, 76.2408981323, 40.2457275391, 253.778335571, 322.242370605, 857.237243652, 1848.6776123, 3353.1550293, 3847.34130859, 7635.01416016, 9404.88964844, 11140.0712891, 11621.7441406, 5054.37890625, 1503.61816406, 1316.62683105, 1062.61865234, 457.235168457, 408.962860107, 257.155731201, 215.746826172, 267.710266113, 281.143676758, 202.342727661, 313.407501221, 315.180206299, 283.803100586, 195.548355103, 53.8346176147, 22.939540863, 5.85597229004, 1.16223430634, 0.27602866292, 0.037851691246, 0.00411105621606, 5.63596040593e-05, 8.02584878556e-08], "dmean": [0.14898018539, 1.21178162098, 1.73505437374, 3.22342991829, 3.14387321472, 2.86880421638, 6.77344083786, 8.08680534363, 9.86023521423, 12.7439031601, 16.3957920074, 21.6030197144, 29.8571014404, 27.301574707, 33.4866256714, 33.2058296204, 19.6122684479, 12.4998817444, 10.4149894714, 8.09289646149, 7.56170558929, 5.78785848618, 6.24237680435, 6.62947130203, 6.83535575867, 7.17431020737, 5.94323062897, 6.13289451599, 6.28040647507, 4.81859970093, 3.6431479454, 2.16018867493, 1.5997954607, 1.0033711195, 0.492207884789, 0.220221355557, 0.0791465267539, 0.0237500611693, 0.00266092270613, 0.000105971463199], "max": [3.4277484417, 25.8405990601, 49.3555793762, 134.942306519, 161.11416626, 228.426071167, 332.858062744, 308.810638428, 1179.7097168, 1162.5748291, 1417.23791504, 1771.25634766, 3182.29589844, 3546.62182617, 4555.15039063, 3663.74267578, 2632.9777832, 1241.48596191, 1202.01403809, 1271.40197754, 682.010314941, 797.672912598, 461.925689697, 357.386810303, 622.690429688, 641.565673828, 437.074371338, 791.875732422, 586.71282959, 528.756958008, 545.374145508, 375.795684814, 143.71484375, 62.7854804993, 18.5540714264, 9.72089195251, 2.76294946671, 1.04722929001, 0.135929435492, 0.00540654268116], "var": [0.189975008368, 8.44048976898, 19.0376586914, 111.456962585, 88.2828140259, 78.1409378052, 437.58303833, 739.848083496, 1941.68347168, 3794.00024414, 5460.9296875, 6666.06005859, 14190.9794922, 20910.6171875, 39648.9960938, 25940.9355469, 9382.8125, 3409.75683594, 1872.76538086, 1455.2121582, 746.71282959, 530.176696777, 405.016998291, 404.752532959, 517.575927734, 525.400512695, 413.797821045, 609.422607422, 662.948730469, 665.995727539, 476.738647461, 120.716972351, 50.2842712402, 12.733168602, 2.5605404377, 0.521604180336, 0.0633342564106, 0.00548089994118, 6.88115105731e-05, 1.04625776487e-07], "mean": [0.191892758012, 1.3694589138, 2.18680667877, 3.98673510551, 4.17225503922, 4.56478452682, 10.2319602966, 13.6009988785, 17.0036373138, 22.154542923, 25.0312213898, 33.0560112, 45.0981483459, 46.927532196, 62.6361618042, 54.7872581482, 31.0693225861, 20.1208496094, 15.3611440659, 12.2723283768, 11.7247610092, 8.98550987244, 9.84621620178, 10.7292966843, 11.4455842972, 12.0126008987, 10.3940639496, 10.1858024597, 10.6725826263, 8.34476566315, 6.29520559311, 3.75766849518, 2.6818253994, 1.61739432812, 0.740773141384, 0.296564042568, 0.0972134768963, 0.0260188281536, 0.00276939454488, 0.000131787222927]}, "spectral_strongpeak": {"dmean2": 0.987736463547, "median": 0.399728834629, "min": 0, "dvar2": 2.46767663956, "dvar": 1.07432496548, "dmean": 0.599221408367, "max": 13.8655052185, "var": 2.45299100876, "mean": 1.10406076908}, "spectral_energy": {"dmean2": 0.0157581623644, "median": 0.0151986936107, "min": 1.01647612975e-20, "dvar2": 0.000683717662469, "dvar": 0.000312291173032, "dmean": 0.0103070912883, "max": 0.162061959505, "var": 0.000706724182237, "mean": 0.0246949028224}, "average_loudness": 0.74641084671, "spectral_rolloff": {"dmean2": 839.306335449, "median": 1012.06054688, "min": 64.599609375, "dvar2": 2120129.5, "dvar": 1006811.3125, "dmean": 499.749359131, "max": 21576.2695313, "var": 4604990, "mean": 1506.00952148}, "spectral_centroid": {"dmean2": 405.017944336, "median": 1233.83483887, "min": 135.982666016, "dvar2": 239038.640625, "dvar": 119541.882813, "dmean": 266.016143799, "max": 11583.7070313, "var": 782234.75, "mean": 1359.06933594}, "pitch_salience": {"dmean2": 0.116923853755, "median": 0.513747811317, "min": 0.0972808748484, "dvar2": 0.0125810783356, "dvar": 0.00481945183128, "dmean": 0.0713061466813, "max": 0.835204720497, "var": 0.0127877714112, "mean": 0.507417798042}, "spectral_energyband_middle_high": {"dmean2": 0.00355907902122, "median": 0.00246480107307, "min": 1.20755646684e-21, "dvar2": 5.00939786434e-05, "dvar": 2.70953987638e-05, "dmean": 0.00251768622547, "max": 0.147853419185, "var": 0.000109392654849, "mean": 0.00624998705462}, "spectral_contrast_coeffs": {"dmean2": [0.0780546665192, 0.0784262046218, 0.0671724528074, 0.0575182586908, 0.0382581017911, 0.0304878558964], "median": [-0.669988036156, -0.732509732246, -0.725656449795, -0.773725569248, -0.799341976643, -0.757237792015], "min": [-0.977714538574, -0.972911179066, -0.975575387478, -0.969405949116, -0.964056372643, -0.963334798813], "dvar2": [0.00439443532377, 0.00431903172284, 0.0031107631512, 0.00225782813504, 0.00107600085903, 0.000713281217031], "dvar": [0.00185742625035, 0.00177822145633, 0.00139615149237, 0.00103298632894, 0.000488904828671, 0.000325418019202], "dmean": [0.0487259104848, 0.0488131381571, 0.0432328395545, 0.0368363410234, 0.0244390759617, 0.0198186226189], "max": [-0.236523807049, -0.391213685274, -0.392354667187, -0.454831361771, -0.591264903545, -0.585918307304], "var": [0.0118974661455, 0.00813575834036, 0.00701395375654, 0.00488928100094, 0.00231502763927, 0.00215414399281], "mean": [-0.656068980694, -0.723701775074, -0.719895124435, -0.764810442924, -0.795174658298, -0.760521650314]}, "melbands_skewness": {"dmean2": 1.21884703636, "median": 2.1470746994, "min": -2.27173352242, "dvar2": 2.18802475929, "dvar": 0.951590716839, "dmean": 0.803078651428, "max": 18.4209709167, "var": 3.51501655579, "mean": 2.48975276947}, "spectral_spread": {"dmean2": 856924.125, "median": 4780697, "min": 807968.8125, "dvar2": 1366428876800.0, "dvar": 763473887232, "dmean": 652263.0625, "max": 42506208, "var": 7982134329340.0, "mean": 5230044}, "dissonance": {"dmean2": 0.0421785451472, "median": 0.459953963757, "min": 0.13182644546, "dvar2": 0.00163845543284, "dvar": 0.000630680238828, "dmean": 0.0252992995083, "max": 0.499998539686, "var": 0.0017327509122, "mean": 0.449709892273}, "spectral_skewness": {"dmean2": 0.355237394571, "median": 1.37484419346, "min": -0.357227623463, "dvar2": 0.211920768023, "dvar": 0.103255212307, "dmean": 0.239081606269, "max": 8.97336196899, "var": 0.856140851974, "mean": 1.55727529526}, "spectral_flux": {"dmean2": 0.0461202524602, "median": 0.0606814026833, "min": 6.35494504242e-11, "dvar2": 0.00313286134042, "dvar": 0.00149575644173, "dmean": 0.0295390319079, "max": 0.355309635401, "var": 0.0042179133743, "mean": 0.080183789134}, "spectral_contrast_valleys": {"dmean2": [0.729168117046, 0.624931812286, 0.562608718872, 0.553954660892, 0.500292062759, 0.475477188826], "median": [-7.40073013306, -6.95275878906, -7.41743898392, -8.0580739975, -7.78878545761, -10.1428670883], "min": [-27.9117069244, -27.8871021271, -27.5870704651, -27.5780239105, -27.4844779968, -27.3349266052], "dvar2": [0.487437456846, 0.347628325224, 0.305270433426, 0.337380439043, 0.376814514399, 0.390600919724], "dvar": [0.265797406435, 0.154351249337, 0.143797814846, 0.165405288339, 0.189025506377, 0.236733525991], "dmean": [0.471164017916, 0.384349942207, 0.357763409615, 0.363629698753, 0.349988937378, 0.383803397417], "max": [-5.24657058716, -4.49948549271, -5.32403039932, -5.96088075638, -5.46262788773, -7.34511423111], "var": [3.55342841148, 2.67053222656, 2.64234876633, 2.73413109779, 3.09183692932, 3.27853083611], "mean": [-7.9045085907, -7.22915029526, -7.68070411682, -8.35841846466, -8.13735771179, -10.3964796066]}, "erbbands_flatness_db": {"dmean2": 0.0305452719331, "median": 0.157236501575, "min": 0.0229329187423, "dvar2": 0.000883422559127, "dvar": 0.000505860080011, "dmean": 0.0222999732941, "max": 0.389432966709, "var": 0.003252414288, "mean": 0.160448148847}, "spectral_energyband_high": {"dmean2": 0.000825684051961, "median": 0.000353655224899, "min": 7.08553138411e-21, "dvar2": 4.06038770961e-06, "dvar": 2.3207819595e-06, "dmean": 0.00062226614682, "max": 0.0474681854248, "var": 6.71749648973e-06, "mean": 0.00126730953343}, "spectral_entropy": {"dmean2": 0.264572292566, "median": 7.61552476883, "min": 4.6192483902, "dvar2": 0.0873694196343, "dvar": 0.0455760136247, "dmean": 0.187012016773, "max": 9.81756877899, "var": 0.37960973382, "mean": 7.54744005203}, "silence_rate_20dB": {"dmean2": 0, "median": 1, "min": 1, "dvar2": 0, "dvar": 0, "dmean": 0, "max": 1, "var": 0, "mean": 1}, "melbands_flatness_db": {"dmean2": 0.0435232780874, "median": 0.192437946796, "min": 0.00340108433738, "dvar2": 0.00227535911836, "dvar": 0.000942768761888, "dmean": 0.0285699032247, "max": 0.605151712894, "var": 0.00714097125456, "mean": 0.20726776123}, "barkbands": {"dmean2": [0.000453781511169, 0.0092214345932, 0.00239850440994, 0.00219036336057, 0.00142999086529, 0.00158546061721, 0.00121817400213, 0.00116245285608, 0.00169802876189, 0.00121682917234, 0.00122764625121, 0.00138781371061, 0.000699128431734, 0.000400677265134, 0.000260011351202, 0.000249750068178, 0.00017952946655, 0.000184262651601, 0.000222397546167, 0.000250302342465, 0.000220119021833, 0.000249650562182, 0.00019271360361, 0.000128743180539, 0.000101023499155, 6.10776405665e-05, 2.34554572671e-05], "median": [4.16261445935e-06, 0.00255923648365, 0.000891275820322, 0.000290113559458, 0.000596674683038, 0.000348319998011, 0.000224245741265, 0.000196102890186, 0.000310601259116, 0.000281141401501, 0.000266766699497, 0.000251000397839, 0.000124765268993, 7.70902697695e-05, 5.46889059478e-05, 5.8005876781e-05, 5.29622666363e-05, 5.30852194061e-05, 7.36364600016e-05, 9.4261878985e-05, 7.68679310568e-05, 7.31565305614e-05, 4.38229108113e-05, 2.55087234109e-05, 1.57508366101e-05, 3.40863402926e-06, 4.49195454166e-07], "min": [1.71454993167e-24, 5.82880724284e-24, 1.82193717227e-24, 9.71649246076e-25, 1.17346877738e-23, 1.32181485947e-23, 3.68679666081e-24, 4.64010706021e-24, 2.42879859754e-23, 8.45941618145e-24, 1.6507083258e-23, 2.4379302936e-23, 3.96049416069e-23, 3.59514427649e-23, 4.3437616004e-23, 6.06109853821e-23, 8.62323797901e-23, 1.12813294116e-22, 1.52509658391e-22, 1.51081075468e-22, 2.81940351652e-22, 3.28618677674e-22, 4.23953187024e-22, 6.87644219821e-22, 7.9093289572e-22, 1.24945904156e-21, 1.92371049843e-21], "dvar2": [1.50282153299e-06, 0.000489605474286, 5.06708129251e-05, 4.07922161685e-05, 8.96128949535e-06, 1.16322589747e-05, 1.18280240713e-05, 1.62005089805e-05, 2.20483361772e-05, 1.62027663464e-05, 1.67314592545e-05, 1.8690361685e-05, 6.72216947351e-06, 1.55579027705e-06, 9.037350992e-07, 4.91667094593e-07, 4.75005094813e-07, 2.0442833204e-07, 2.23487433004e-07, 3.57599503786e-07, 3.09423484168e-07, 5.18196145549e-07, 4.65015972395e-07, 1.7053221768e-07, 5.18286640272e-08, 2.26378435997e-08, 4.6656212227e-09], "dvar": [7.56582608119e-07, 0.00017307633243, 1.74703600351e-05, 1.89634920389e-05, 3.56572900273e-06, 4.86160388391e-06, 5.1145816542e-06, 6.84199494572e-06, 9.4366596386e-06, 7.69959751779e-06, 9.71942972683e-06, 9.44203384279e-06, 2.975880534e-06, 6.8653633889e-07, 3.89029025882e-07, 2.01311991077e-07, 1.75572438366e-07, 8.43675067586e-08, 9.54426937483e-08, 1.50838985746e-07, 1.51729238951e-07, 2.58975859424e-07, 2.45035323587e-07, 9.2242984806e-08, 2.97046582887e-08, 1.2038188224e-08, 2.1623138835e-09], "dmean": [0.000312154705171, 0.00523725198582, 0.00132549239788, 0.00138916878495, 0.000869255803991, 0.00101445231121, 0.000770518614445, 0.000727799488232, 0.00108762446325, 0.000838594627567, 0.000863179739099, 0.000950857647695, 0.000444519537268, 0.000253906007856, 0.000163053147844, 0.000155340909259, 0.000108903142973, 0.00011372006702, 0.000139595096698, 0.00015810347395, 0.000145949103171, 0.000171104009496, 0.000132426735945, 9.53531489358e-05, 7.76996312197e-05, 4.55154840893e-05, 1.64213488461e-05], "max": [0.00734473764896, 0.101308494806, 0.0410053916276, 0.0572612136602, 0.0486783310771, 0.0487682372332, 0.0655239969492, 0.0696203038096, 0.0679053589702, 0.0959919020534, 0.135640636086, 0.0910848602653, 0.0587770752609, 0.024758990854, 0.0197011046112, 0.0113899242133, 0.0160685256124, 0.00928393471986, 0.00790980830789, 0.0185773596168, 0.0151754757389, 0.0163398906589, 0.0200211759657, 0.0133233340457, 0.00403928617015, 0.0017692578258, 0.000867789844051], "var": [9.03252498574e-07, 0.000172722735442, 1.09399697976e-05, 2.41089383053e-05, 5.85450743529e-06, 9.17281886359e-06, 1.24286589198e-05, 1.3097334886e-05, 1.64277771546e-05, 1.50284886331e-05, 2.92948279821e-05, 2.43087870331e-05, 5.00642181578e-06, 1.36419237151e-06, 5.23240601069e-07, 3.7114827478e-07, 1.91815885842e-07, 1.31598412167e-07, 1.73557452854e-07, 2.80654802509e-07, 2.95829266861e-07, 