{"tonal": {"thpcp": [1, 0.734460949898, 0.421907842159, 0.387099415064, 0.274366796017, 0.232510074973, 0.256459087133, 0.24377579987, 0.298235148191, 0.367431551218, 0.29551550746, 0.243427678943, 0.269074827433, 0.326738864183, 0.552008867264, 0.630753397942, 0.398538649082, 0.241924747825, 0.221392944455, 0.36167538166, 0.577204227448, 0.498148411512, 0.313128918409, 0.376285433769, 0.432197272778, 0.325932443142, 0.286142975092, 0.313615649939, 0.33775678277, 0.464194327593, 0.544297099113, 0.430773049593, 0.327553242445, 0.311996340752, 0.349063128233, 0.664104640484], "hpcp": {"dmean2": [0.260402619839, 0.243124082685, 0.257824063301, 0.339960515499, 0.379093110561, 0.326614439487, 0.242949724197, 0.184091672301, 0.17835304141, 0.156007528305, 0.163145512342, 0.162767723203, 0.171623140574, 0.188339024782, 0.174190074205, 0.171179503202, 0.199904084206, 0.236634984612, 0.296363323927, 0.288110852242, 0.24562650919, 0.185788139701, 0.178228825331, 0.253192335367, 0.350143820047, 0.277855694294, 0.210963472724, 0.216821327806, 0.213208824396, 0.202478244901, 0.219801545143, 0.236132070422, 0.259077250957, 0.29954200983, 0.300143003464, 0.286172151566], "median": [0.0307325292379, 0.0292421393096, 0.0403592921793, 0.106537416577, 0.172730103135, 0.13456723094, 0.0578193664551, 0.0363898128271, 0.034149184823, 0.0359520539641, 0.0379680804908, 0.0351967848837, 0.0388346202672, 0.0391338467598, 0.0380538739264, 0.0334924459457, 0.0341118350625, 0.0420623235404, 0.0695115625858, 0.0760643705726, 0.0578907132149, 0.0298037901521, 0.0248614605516, 0.045134883374, 0.08788716048, 0.0810938552022, 0.0441541597247, 0.0294219814241, 0.0281036477536, 0.0298053510487, 0.030593842268, 0.0326686948538, 0.0359080396593, 0.0468145124614, 0.045563198626, 0.0394272767007], "min": [0, 0, 0, 0, 0, 0, 0, 0, 0, 0, 0, 0, 0, 0, 0, 0, 0, 0, 0, 0, 0, 0, 0, 0, 0, 0, 0, 0, 0, 0, 0, 0, 0, 0, 0, 0], "dvar2": [0.148209139705, 0.134058699012, 0.130031421781, 0.148992359638, 0.161417707801, 0.1259136796, 0.102520830929, 0.0854183509946, 0.0792562291026, 0.0626650378108, 0.0699467808008, 0.0744533091784, 0.0728670209646, 0.0856657996774, 0.079888522625, 0.0851574391127, 0.10698030889, 0.118205137551, 0.143570527434, 0.141453459859, 0.114689536393, 0.0973801836371, 0.10215523839, 0.122267529368, 0.18514457345, 0.122456163168, 0.104933857918, 0.11348734051, 0.12227537483, 0.102438271046, 0.121105015278, 0.135903835297, 0.142829492688, 0.172197818756, 0.166895657778, 0.155485674739], "dvar": [0.053444404155, 0.0485560111701, 0.0461553446949, 0.0547778382897, 0.0734197497368, 0.0481626130641, 0.0368653051555, 0.0320200137794, 0.0280927158892, 0.0222561620176, 0.0256450735033, 0.0270649194717, 0.026482373476, 0.0321975164115, 0.0286125894636, 0.0306646563113, 0.037848085165, 0.041352968663, 0.054091271013, 0.0564139150083, 0.0409839935601, 0.0346913561225, 0.0360864028335, 0.0448903217912, 0.0697138309479, 0.0449246130884, 0.0376062840223, 0.0416947007179, 0.0472814030945, 0.0372272059321, 0.0427355505526, 0.0488395690918, 0.0508253648877, 0.0622068606317, 0.0644142255187, 0.0572714246809], "dmean": [0.144145622849, 0.134863108397, 0.144380554557, 0.194895625114, 0.219664663076, 0.188181981444, 0.134946405888, 0.104147657752, 0.100220218301, 0.087523072958, 0.0923690795898, 0.0915839970112, 0.0972435548902, 0.107801042497, 0.09877679497, 0.0952530577779, 0.110918730497, 0.131898760796, 0.169972449541, 0.166375175118, 0.138452589512, 0.102364629507, 0.0979042947292, 0.141932189465, 0.19809576869, 0.158562272787, 0.117402881384, 0.123075909913, 0.120786145329, 0.113966308534, 0.120434120297, 0.130093097687, 0.142391711473, 0.167789369822, 0.167593821883, 0.16047732532], "max": [1, 1, 1, 1, 1, 1, 1, 1, 1, 1, 1, 1, 1, 1, 1, 1, 1, 1, 1, 1, 1, 1, 1, 1, 1, 1, 1, 1, 1, 1, 1, 1, 1, 1, 1, 1], "var": [0.0452537983656, 0.0420112721622, 0.042154096067, 0.0810174643993, 0.145758241415, 0.089248649776, 0.0494239963591, 0.0633519813418, 0.0277415793389, 0.0194310750812, 0.0250791516155, 0.0245790462941, 0.0305355302989, 0.0511676259339, 0.0310031902045, 0.0261650141329, 0.032004725188, 0.0381404981017, 0.0758889317513, 0.0956435650587, 0.0426042377949, 0.0274024885148, 0.0264719463885, 0.0412747934461, 0.0816910117865, 0.0557391829789, 0.0351001545787, 0.0581509247422, 0.0825937911868, 0.0434774197638, 0.0350026972592, 0.0414911396801, 0.0447410941124, 0.0675932392478, 0.0946801155806, 0.0625201240182], "mean": [0.120277866721, 0.114565357566, 0.128176316619, 0.243859872222, 0.36720097065, 0.269694775343, 0.154924973845, 0.142143279314, 0.100747749209, 0.0853779241443, 0.0941720232368, 0.0895147100091, 0.109512232244, 0.134921222925, 0.108513586223, 0.0893868803978, 0.0988045334816, 0.119978822768, 0.202698200941, 0.231613263488, 0.146343782544, 0.0888350009918, 0.0812957063317, 0.132807552814, 0.211949959397, 0.182920575142, 0.114981241524, 0.138172373176, 0.158703252673, 0.119682714343, 0.105071976781, 0.115159966052, 0.124024614692, 0.170452609658, 0.19986641407, 0.15818028152]}, "tuning_equal_tempered_deviation": 0.287828594446, "chords_changes_rate": 0.0729648247361, "key_key": "D#", "tuning_diatonic_strength": 0.566543281078, "key_scale": "minor", "chords_number_rate": 0.00281407032162, "tuning_frequency": 434.193115234, "tuning_nontempered_energy_ratio": 0.936207354069, "chords_histogram": [7.899497509, 11.0753765106, 9.5678396225, 5.46733665466, 2.23115587234, 10.7537689209, 0.261306524277, 24.5226135254, 1.86934673786, 13.1256284714, 0.0804020091891, 1.72864317894, 0, 0, 0.0201005022973, 0.221105530858, 0.0201005022973, 0, 2.83417081833, 0.0603015087545, 1.08542716503, 0.422110557556, 4.18090438843, 2.57286429405], "key_strength": 0.779992938042, "chords_key": "D#", "chords_strength": {"dmean2": 0.0135267004371, "median": 0.515827476978, "min": 0.257769525051, "dvar2": 0.000146763879457, "dvar": 0.000103010235762, "dmean": 0.0113697713241, "max": 0.783192694187, "var": 0.00947145186365, "mean": 0.518466591835}, "chords_scale": "major", "hpcp_entropy": {"dmean2": 1.13971829414, "median": 2.41453957558, "min": 0, "dvar2": 0.80938988924, "dvar": 0.30694258213, "dmean": 0.679700911045, "max": 4.73092126846, "var": 0.720411598682, "mean": 2.46199631691}}, "metadata": {"audio_properties": {"equal_loudness": 0, "codec": "mp3", "downmix": "mix", "sample_rate": 44100, "analysis_sample_rate": 44100, "bit_rate": 215068, "md5_encoded": "672eb3dd5b8a63cffe39b6531ca085c6", "length": 230.974700928, "replay_gain": -15.9375982285, "lossless": false}, "version": {"essentia_build_sha": "70f2e5ece6736b2c40cc944ad0e695b16b925413", "essentia": "2.1-beta2", "extractor": "music 1.0", "essentia_git_sha": "v2.1_beta2"}, "tags": {"title": ["Apology"], "artist": ["Chronic Future"], "albumartist": ["Chronic Future"], "date": ["2004"], "genre": ["Other"], "album": ["Lines in My Face"], "tracknumber": ["11"], "musicbrainz_recordingid": ["14e9601e-885a-44ae-8eb6-9dd06e05f057"], "file_name": "351808.mp3"}}, "rhythm": {"bpm_histogram_first_peak_bpm": {"dmean2": 0, "median": 152, "min": 152, "dvar2": 0, "dvar": 0, "dmean": 0, "max": 152, "var": 0, "mean": 152}, "bpm": 150.4269104, "bpm_histogram_second_peak_spread": {"dmean2": 0, "median": 0.595744669437, "min": 0.595744669437, "dvar2": 0, "dvar": 0, "dmean": 0, "max": 0.595744669437, "var": 0, "mean": 0.595744669437}, "bpm_histogram_first_peak_weight": {"dmean2": 0, "median": 0.467289716005, "min": 0.467289716005, "dvar2": 0, "dvar": 0, "dmean": 0, "max": 0.467289716005, "var": 0, "mean": 0.467289716005}, "onset_rate": 2.74035334587, "beats_position": [0.336689323187, 0.719818592072, 1.11455774307, 1.50929701328, 1.90403628349, 2.29877543449, 2.69351458549, 3.08825397491, 3.48299312592, 3.87773227692, 4.28408145905, 4.69043064117, 5.0967798233, 5.50312900543, 5.89786815643, 6.29260778427, 6.68734693527, 7.08208608627, 7.4884352684, 7.8831744194, 8.27791404724, 8.68426322937, 9.07900238037, 9.47374153137, 9.8800907135, 10.2864398956, 10.6927890778, 11.0991382599, 11.4938774109, 11.8886165619, 12.294965744, 12.689704895, 13.0728340149, 13.479183197, 13.8855323792, 14.2802715302, 14.6750106812, 15.0697498322, 15.4760990143, 15.8824491501, 16.2771873474, 16.6719264984, 17.0782756805, 17.4846248627, 17.8793640137, 18.2741031647, 18.6804523468, 19.0751914978, 19.4699325562, 19.8646717072, 20.2710208893, 20.6657600403, 21.0604991913, 21.4668483734, 21.8731975555, 22.2679367065, 22.6626758575, 23.0690250397, 23.4753742218, 23.8701133728, 24.2648525238, 24.6595916748, 25.0543308258, 25.4606800079, 25.8670291901, 26.2617683411, 26.6565074921, 27.0512466431, 27.4459857941, 27.8523349762, 28.2586841583, 28.6650333405, 29.0713825226, 29.4661216736, 29.8608608246, 30.2555999756, 30.6503391266, 31.0450782776, 31.4398174286, 31.8461666107, 32.2525177002, 32.6472549438, 33.0419960022, 33.4367332458, 33.8314743042, 34.2378234863, 34.6441726685, 35.0505218506, 35.4568710327, 35.8516082764, 36.2463493347, 36.6410865784, 37.0358276367, 37.4421768188, 37.848526001, 38.2664833069, 38.6612243652, 39.0559616089, 39.4507026672, 39.8454399109, 40.2401809692, 40.6349182129, 41.0296592712, 41.4243965149, 41.830745697, 42.2370948792, 42.6318359375, 43.0265769958, 43.4213142395, 43.8160552979, 44.22240448, 44.6287536621, 45.0234909058, 45.4182319641, 45.8129692078, 46.2309303284, 46.625667572, 47.0204086304, 47.4267578125, 47.8331069946, 48.2278442383, 48.6225852966, 49.0173225403, 49.4120635986, 49.8068008423, 50.2131500244, 50.6194992065, 51.0142402649, 51.420589447, 51.8153266907, 52.210067749, 52.6164169312, 53.0111541748, 53.4058952332, 53.8122444153, 54.2185935974, 54.6133308411, 55.0080718994, 55.4144210815, 55.8207702637, 56.2155075073, 56.6102485657, 57.0049858093, 57.3997268677, 57.8060760498, 58.2008171082, 58.5955543518, 59.0019035339, 59.3966445923, 59.7913818359, 60.1977310181, 60.6040802002, 60.9988212585, 61.3935585022, 61.7882995605, 62.1830368042, 62.5777778625, 62.9841270447, 63.3788642883, 63.7852134705, 64.1799545288, 64.5746917725, 64.9694290161, 65.3757781982, 65.7705230713, 66.1768722534, 66.5716094971, 66.9663467407, 67.3726959229, 67.779045105, 68.1853942871, 68.5801315308, 68.9864807129, 69.3812255859, 69.7759628296, 70.1707000732, 70.5654373169, 70.9601821899, 71.3665313721, 71.7728805542, 72.1792297363, 72.5855789185, 72.9803161621, 73.3750534058, 73.7697982788, 74.1645355225, 74.5592727661, 74.9656219482, 75.3719711304, 75.766708374, 76.1614532471, 76.5561904907, 76.9509277344, 77.345664978, 77.7404098511, 78.1467590332, 78.5531082153, 78.947845459, 79.3425827026, 79.7489318848, 80.1552810669, 80.5500183105, 80.9447631836, 81.3511123657, 81.7574615479, 82.1521987915, 82.5585479736, 82.9532852173, 83.3596343994, 83.77759552, 84.1723327637, 84.5670700073, 84.9618148804, 85.356552124, 85.7512893677, 86.1460266113, 86.5407714844, 86.9471206665, 87.3534698486, 87.7598190308, 88.1661682129, 88.5609054565, 88.9556427002, 89.3503875732, 89.7335128784, 90.1282501221, 90.5345993042, 90.9293441772, 91.3356933594, 91.7420425415, 92.1367797852, 92.5315170288, 92.9262542725, 93.3326034546, 93.7389526367, 94.1336975098, 94.5284347534, 94.9231719971, 95.3295211792, 95.7358703613, 96.130607605, 96.525352478, 96.9200897217, 97.3264389038, 97.7327880859, 98.1275253296, 98.5222625732, 98.9170074463, 99.3233566284, 99.7297058105, 100.124443054, 100.519180298, 100.913917542, 101.308662415, 101.715011597, 102.121360779, 102.516098022, 102.910835266, 103.317184448, 103.72353363, 104.118278503, 104.513015747, 104.907752991, 105.314102173, 105.708839417, 106.10358429, 106.509933472, 106.904670715, 107.311019897, 107.71736908, 108.112106323, 108.506843567, 108.913192749, 109.307937622, 109.714286804, 110.109024048, 110.503761292, 110.898498535, 111.304847717, 111.711196899, 112.105941772, 112.500679016, 112.89541626, 113.290153503, 113.696502686, 114.091247559, 114.497596741, 114.892333984, 115.298683167, 115.69342041, 116.088157654, 116.494506836, 116.889251709, 117.283988953, 117.678726196, 118.07346344, 118.468208313, 118.862945557, 119.2576828, 119.652427673, 120.047164917, 120.441902161, 120.848251343, 121.254600525, 121.649337769, 122.044082642, 122.438819885, 122.833557129, 123.228294373, 123.634643555, 124.040992737, 124.447341919, 124.853691101, 125.248435974, 125.643173218, 126.0495224, 126.455871582, 126.862220764, 127.268569946, 127.686531067, 128.092880249, 128.499221802, 128.893966675, 129.288711548, 129.683441162, 130.078186035, 130.484527588, 130.890884399, 131.285614014, 131.668746948, 132.063491821, 132.446624756, 132.864578247, 133.282531738, 133.677276611, 134.072021484, 134.466751099, 134.861495972, 135.256240845, 135.650970459, 136.057327271, 136.463668823, 136.858413696, 137.253143311, 137.647888184, 138.042633057, 138.437362671, 138.832107544, 139.238449097, 139.644805908, 140.039550781, 140.434280396, 140.829025269, 141.223754883, 141.630111694, 142.036453247, 142.43119812, 142.825942993, 143.220672607, 143.638641357, 144.04498291, 144.451339722, 144.846069336, 145.240814209, 145.647155762, 146.053512573, 146.448257446, 146.842987061, 147.237731934, 147.632461548, 148.038818359, 148.445159912, 148.839904785, 149.246261597, 149.652603149, 150.047348022, 150.442077637, 150.83682251, 151.231567383, 151.626296997, 152.02104187, 152.415786743, 152.810516357, 153.216873169, 153.623214722, 154.017959595, 154.412689209, 154.819046021, 155.225387573, 155.620132446, 156.014877319, 156.409606934, 156.815963745, 157.222305298, 157.617050171, 158.011795044, 158.418136597, 158.81288147, 159.207611084, 159.613967896, 160.020309448, 160.42666626, 160.821395874, 161.216140747, 161.61088562, 162.005615234, 162.400360107, 162.80670166, 163.213058472, 163.607803345, 164.014144897, 164.420501709, 164.815231323, 165.221588135, 165.627929688, 166.034286499, 166.487075806, 166.939865112, 167.38104248, 167.833831787, 168.356277466, 168.878723145, 169.389572144, 169.900405884, 170.411239624, 170.933700562, 171.444534302, 171.943756104, 172.454605103, 172.965438843, 173.476272583, 173.987121582, 174.497955322, 175.008789062, 175.519638062, 176.018859863, 176.518096924, 177.017318726, 177.516555786, 178.004165649, 178.480178833, 178.991012573, 179.490249634, 179.989471436, 180.488708496, 180.999542236, 181.510375977, 182.009613037, 182.4972229, 182.996459961, 183.495681763, 184.0181427, 184.52897644, 185.051422119, 185.573867798, 186.06149292, 186.549118042, 187.036727905, 187.524353027, 188.011962891, 188.476364136, 188.963989258, 189.428390503, 189.904388428, 190.39201355, 190.868026733, 191.355636597, 191.854873657, 192.365707397, 192.864944458, 193.340942383, 193.828567505, 194.29296875, 194.768981934, 195.256591797, 195.744216919, 196.231826782, 196.719451904, 197.207077026, 197.69468689, 198.182312012, 198.669921875, 199.192382812, 199.714828491, 200.225662231, 200.73651123, 201.235733032, 201.734954834, 202.315460205, 202.907577515, 203.499679565, 204.091781616, 204.683898926, 205.392105103, 206.100311279, 206.808517456, 207.516723633, 208.21333313, 208.921539307, 209.629745483, 210.326339722, 211.022949219, 211.707931519, 212.392913818, 213.066299438, 213.739685059, 214.296951294, 214.854232788, 215.411514282, 215.968795776, 216.526077271, 217.083358765, 217.640625, 218.209518433, 218.731964111, 219.254425049, 219.776870728, 220.299316406, 220.821762085, 221.332611084, 221.878265381, 222.435546875, 222.992828369, 223.538497925, 224.095779419, 224.653060913, 225.210342407, 225.756011963, 226.30166626, 226.858947754, 227.416229248, 227.973510742, 228.530792236, 229.08807373, 229.633743286, 230.179412842], "beats_loudness": {"dmean2": 0.0140939513221, "median": 0.0323597975075, "min": 3.91307094105e-06, "dvar2": 0.000164635333931, "dvar": 5.85978559684e-05, "dmean": 0.00806177873164, "max": 0.0663930848241, "var": 0.000276808423223, "mean": 0.0288112647831}, "danceability": 1.06958961487, "bpm_histogram_second_peak_weight": {"dmean2": 0, "median": 0.0355140194297, "min": 0.0355140194297, "dvar2": 0, "dvar": 0, "dmean": 0, "max": 0.0355140194297, "var": 0, "mean": 0.0355140194297}, "beats_count": 536, "bpm_histogram_second_peak_bpm": {"dmean2": 0, "median": 117, "min": 117, "dvar2": 0, "dvar": 0, "dmean": 0, "max": 117, "var": 0, "mean": 117}, "bpm_histogram_first_peak_spread": {"dmean2": 0, "median": 0.379652559757, "min": 0.379652559757, "dvar2": 0, "dvar": 0, "dmean": 0, "max": 0.379652559757, "var": 0, "mean": 0.379652559757}, "beats_loudness_band_ratio": {"dmean2": [0.418551445007, 0.340320378542, 0.13184005022, 0.13063699007, 0.134980201721, 0.0927611142397], "median": [0.50260913372, 0.133056521416, 0.05733717978, 0.0489684678614, 0.086688876152, 0.0646721348166], "min": [0.00726130930707, 0.000865920970682, 4.60664068669e-06, 1.27074224565e-06, 1.21930897876e-05, 8.93922515388e-06], "dvar2": [0.0852921679616, 0.0637665167451, 0.0229222159833, 0.0181237291545, 0.0197057835758, 0.0217281933874], "dvar": [0.0272986479104, 0.0213172081858, 0.0081816567108, 0.0064339581877, 0.00676516443491, 0.00719107687473], "dmean": [0.229122385383, 0.181635841727, 0.0737735629082, 0.0728805661201, 0.0756463184953, 0.0496983751655], "max": [0.999434351921, 0.842282295227, 0.735795199871, 0.567753851414, 0.647965252399, 0.951972424984], "var": [0.0600920654833, 0.031435649842, 0.0135910911486, 0.00698128016666, 0.00868980959058, 0.00621655350551], "mean": [0.503246486187, 0.198934823275, 0.0955627039075, 0.077487885952, 0.105043329298, 0.0748593732715]}}, "lowlevel": {"barkbands_spread": {"dmean2": 12.3719415665, "median": 28.9404163361, "min": 0.241048246622, "dvar2": 229.062561035, "dvar": 93.1107788086, "dmean": 7.64520406723, "max": 95.4907455444, "var": 370.980072021, "mean": 27.7319355011}, "melbands_spread": {"dmean2": 16.0711803436, "median": 24.2224178314, "min": 0.0638156682253, "dvar2": 369.899139404, "dvar": 158.497528076, "dmean": 10.1541967392, "max": 177.426452637, "var": 498.894348145, "mean": 27.1790409088}, "hfc": {"dmean2": 9.55205535889, "median": 22.4969139099, "min": 1.12024196855e-16, "dvar2": 192.684906006, "dvar": 84.1955184937, "dmean": 6.14711427689, "max": 171.426818848, "var": 486.629821777, "mean": 23.8601818085}, "barkbands_kurtosis": {"dmean2": 9.71706962585, "median": 0.649084568024, "min": -1.96231973171, "dvar2": 568.034423828, "dvar": 221.771743774, "dmean": 5.82053232193, "max": 550.24017334, "var": 1349.58435059, "mean": 9.69560718536}, "gfcc": {"mean": [-64.6126174927, 103.940849304, -111.556045532, 48.8787078857, -37.100856781, 1.44209372997, -30.1659488678, 0.116321802139, -22.3322563171, -2.97760677338, -17.7241172791, -3.77617835999, -10.2310247421], "icov": [[0.000187902813195, 6.43749299343e-05, 0.00017051427858, -0.000223424576689, 0.00012169751426, -0.000453754124464, 0.000381863646908, -0.000293669087114, 0.000548395444639, -0.000228964025155, 0.000474474363727, -0.000175841312739, 0.000282802735455], [6.43749299343e-05, 0.00229747337289, -0.000166767349583, 0.00153701356612, -0.000809126417153, 0.00100968417246, -0.00111488206312, 0.00145741098095, -0.00164556363598, 0.00257854955271, -0.00227582477964, 0.00187752768397, -0.00182242481969], [0.00017051427858, -0.000166767349583, 0.00120633176994, -0.000637116376311, -4.19724419771e-05, -0.000259769352851, -0.000127349048853, -0.00061348703457, 0.0014599164715, -0.000703591096681, 0.00133210676722, -0.00113418721594, 0.000855479040183], [-0.000223424576689, 0.00153701356612, -0.000637116376311, 0.00270008761436, -0.0010083548259, 0.000733454362489, -0.000998320174403, 0.00120457238518, -0.00245240773074, 0.00223812879995, -0.00222477759235, 0.00176547421142, -0.00215534470044], [0.00012169751426, -0.000809126417153, -4.19724419771e-05, -0.0010083548259, 0.00344576966017, -0.000308814836899, 0.00011579546117, -0.000657469267026, 0.000545699498616, -0.00147033843677, 0.000787587370723, -0.000497297383845, -0.000113602480269], [-0.000453754124464, 0.00100968417246, -0.000259769352851, 0.000733454362489, -0.000308814836899, 0.00490813562647, -0.00183020764962, -0.000136451461003, -0.00128032639623, 0.000789618585259, -0.00154805369675, 0.000445041339844, -0.000757467292715], [0.000381863646908, -0.00111488206312, -0.000127349048853, -0.000998320174403, 0.00011579546117, -0.00183020764962, 0.00613393075764, -0.0010769177461, 0.00117554049939, -0.00067709950963, 0.000976965762675, -0.000235859391978, 0.000717345275916], [-0.000293669087114, 0.00145741098095, -0.00061348703457, 0.00120457238518, -0.000657469267026, -0.000136451461003, -0.0010769177461, 0.0073718209751, -0.00389651954174, 0.000823701790068, -0.00122854660731, -0.000306363421259, -0.00014580959396], [0.000548395444639, -0.00164556363598, 0.0014599164715, -0.00245240773074, 0.000545699498616, -0.00128032639623, 0.00117554049939, -0.00389651954174, 0.0105725517496, -0.00439261645079, 0.0051061892882, -0.00156852824148, 0.00229621725157], [-0.000228964025155, 0.00257854955271, -0.000703591096681, 0.00223812879995, -0.00147033843677, 0.000789618585259, -0.00067709950963, 0.000823701790068, -0.00439261645079, 0.0119061777368, -0.00676009291783, 0.00130278884899, -0.00122961157467], [0.000474474363727, -0.00227582477964, 0.00133210676722, -0.00222477759235, 0.000787587370723, -0.00154805369675, 0.000976965762675, -0.00122854660731, 0.0051061892882, -0.00676009291783, 0.01753311418, -0.00586907472461, 0.00329467072152], [-0.000175841312739, 0.00187752768397, -0.00113418721594, 0.00176547421142, -0.000497297383845, 0.000445041339844, -0.000235859391978, -0.000306363421259, -0.00156852824148, 0.00130278884899, -0.00586907472461, 0.0142357805744, -0.00383888161741], [0.000282802735455, -0.00182242481969, 0.000855479040183, -0.00215534470044, -0.000113602480269, -0.000757467292715, 0.000717345275916, -0.00014580959396, 0.00229621725157, -0.00122961157467, 0.00329467072152, -0.00383888161741, 0.0170645564795]], "cov": [[33581.1875, -10224.8935547, -415.358581543, 2979.93432617, -1174.24816895, 3618.97558594, -1645.25427246, 2330.359375, -114.236167908, 1278.82507324, -277.757476807, 805.40246582, -667.069152832], [-10224.8935547, 4319.38378906, -228.533752441, -1301.49255371, 381.785705566, -1267.51086426, 542.183776855, -925.401977539, -30.406337738, -571.524902344, 85.8916778564, -356.389465332, 259.548095703], [-415.358581543, -228.533752441, 1268.12475586, 252.183731079, 104.521881104, 43.3148384094, 101.855445862, 72.6721878052, -78.0057983398, 28.5325450897, -22.1231803894, 75.5500869751, -16.4668426514], [2979.93432617, -1301.49255371, 252.183731079, 1086.38183594, 42.0112457275, 354.186767578, -84.5360336304, 242.012283325, 75.7008361816, 109.499534607, -33.0605964661, 66.4739303589, -23.1417694092], [-1174.24816895, 381.785705566, 104.521881104, 42.0112457275, 394.171539307, -110.517631531, 86.4190826416, -57.6261253357, 24.7204036713, -19.2278232574, 12.0669908524, -23.6670742035, 41.5270881653], [3618.97558594, -1267.51086426, 43.3148384094, 354.186767578, -110.517631531, 658.655090332, -111.284507751, 317.658660889, 19.0824985504, 171.686279297, -16.8996391296, 110.04107666, -79.0618133545], [-1645.25427246, 542.183776855, 101.855445862, -84.5360336304, 86.4190826416, -111.284507751, 285.283569336, -92.5586929321, 3.66730237007, -70.4954910278, 11.101395607, -43.179775238, 34.8073425293], [2330.359375, -925.401977539, 72.6721878052, 242.012283325, -57.6261253357, 317.658660889, -92.5586929321, 386.245117188, 71.0477752686, 143.256332397, -17.8370285034, 91.3171920776, -64.8678588867], [-114.236167908, -30.406337738, -78.0057983398, 75.7008361816, 24.7204036713, 19.0824985504, 3.66730237007, 71.0477752686, 175.172912598, 37.6338806152, -16.7426357269, -3.49558329582, -4.8310379982], [1278.82507324, -571.524902344, 28.5325450897, 109.499534607, -19.2278232574, 171.686279297, -70.4954910278, 143.256332397, 37.6338806152, 205.527542114, 29.6583766937, 62.5027313232, -40.0693969727], [-277.757476807, 85.8916778564, -22.1231803894, -33.0605964661, 12.0669908524, -16.8996391296, 11.101395607, -17.8370285034, -16.7426357269, 29.6583766937, 92.8943634033, 22.3086967468, 0.893859684467], [805.40246582, -356.389465332, 75.5500869751, 66.4739303589, -23.6670742035, 110.04107666, -43.179775238, 91.3171920776, -3.49558329582, 62.5027313232, 22.3086967468, 121.981994629, -11.3692588806], [-667.069152832, 259.548095703, -16.4668426514, -23.1417694092, 41.5270881653, -79.0618133545, 34.8073425293, -64.8678588867, -4.8310379982, -40.0693969727, 0.893859684467, -11.3692588806, 85.0594100952]]}, "spectral_energyband_middle_low": {"dmean2": 0.00575759587809, "median": 0.00495527265593, "min": 2.96506636712e-22, "dvar2": 0.000105475075543, "dvar": 3.98786396545e-05, "dmean": 0.00346904993057, "max": 0.0753825604916, "var": 5.86461355851e-05, "mean": 0.00686230044812}, "melbands_crest": {"dmean2": 5.69361305237, "median": 15.4471549988, "min": 1.90499460697, "dvar2": 25.2260036469, "dvar": 9.67928504944, "dmean": 3.48746061325, "max": 39.1701431274, "var": 32.1517677307, "mean": 15.924665451}, "spectral_kurtosis": {"dmean2": 7.33310222626, "median": 3.49948787689, "min": -1.27233994007, "dvar2": 240.282928467, "dvar": 90.8555450439, "dmean": 4.37683486938, "max": 180.526046753, "var": 366.783752441, "mean": 10.0883922577}, "spectral_rms": {"dmean2": 0.0015994864516, "median": 0.00492639094591, "min": 3.20047417388e-12, "dvar2": 5.6747517192e-06, "dvar": 2.09373411053e-06, "dmean": 0.000954001676291, "max": 0.0125214280561, "var": 6.57677310301e-06, "mean": 0.00440438138321}, "zerocrossingrate": {"dmean2": 0.0127193657681, "median": 0.06298828125, "min": 0.0009765625, "dvar2": 0.000227993135923, "dvar": 0.00017860152002, "dmean": 0.0105597935617, "max": 0.51318359375, "var": 0.00155894365162, "mean": 0.0627153590322}, "silence_rate_60dB": {"dmean2": 0.0522770695388, "median": 0, "min": 0, "dvar2": 0.0577912069857, "dvar": 0.0254547055811, "dmean": 0.0261359065771, "max": 1, "var": 0.160136416554, "mean": 0.200221121311}, "erbbands_kurtosis": {"dmean2": 2.476739645, "median": 0.348939418793, "min": -1.92650830746, "dvar2": 18.3301239014, "dvar": 8.94947814941, "dmean": 1.59331679344, "max": 90.053352356, "var": 46.5336990356, "mean": 2.07186722755}, "erbbands": {"dmean2": [0.367731034756, 3.48116922379, 7.54706287384, 5.722615242, 9.47807502747, 12.4472522736, 8.18693256378, 10.0948343277, 8.85081100464, 12.2310037613, 15.1328639984, 13.9461832047, 15.5551929474, 16.4685745239, 18.6407432556, 19.6812362671, 19.9904937744, 31.1050949097, 39.8878746033, 35.9527359009, 33.1870956421, 35.6093063354, 26.5582675934, 20.0360431671, 20.0739974976, 15.9508695602, 16.0684585571, 10.7117052078, 7.60976552963, 5.70217132568, 3.72509264946, 2.70565414429, 1.76020944118, 1.05693244934, 0.508179843426, 0.208068579435, 0.0628349259496, 0.0133168119937, 0.00134814868215, 3.91712928831e-05], "median": [0.0627647042274, 0.71049374342, 3.54915308952, 4.04499816895, 4.00228738785, 4.24293708801, 3.41920781136, 2.965726614, 2.3714184761, 2.63840270042, 2.4035820961, 2.44907641411, 2.8760061264, 2.85506248474, 3.22618818283, 3.72322201729, 4.47241258621, 7.87718343735, 9.49138355255, 12.4267902374, 20.5294532776, 27.948884964, 23.9387130737, 19.3331394196, 20.4718093872, 17.3064498901, 13.9000253677, 8.28894233704, 5.65590620041, 3.83939170837, 2.17480230331, 1.42546510696, 0.860575020313, 0.420244961977, 0.171062961221, 0.0624991953373, 0.0155666954815, 0.0025344453752, 9.98648247332e-05, 4.40870644525e-05], "min": [1.39842607078e-21, 2.9056213434e-21, 2.90160967899e-20, 2.71323124983e-20, 6.41698737249e-20, 1.19525155746e-19, 3.18051514213e-19, 6.58194592745e-19, 4.83504283734e-19, 5.97176218993e-19, 9.54615023747e-19, 7.05848157641e-19, 1.31032109191e-18, 2.11900739354e-18, 4.35402438644e-18, 3.22906371645e-18, 4.49913337258e-18, 3.63267077992e-18, 3.82621491323e-18, 4.63267258349e-18, 5.76608828011e-18, 8.88206275834e-18, 1.23524526962e-17, 1.30627526882e-17, 1.13343637613e-17, 1.1092939519e-17, 1.50883203122e-17, 1.52233906344e-17, 1.91577594127e-17, 1.81889737511e-17, 1.51470666793e-17, 1.55868207083e-17, 1.34005244467e-17, 1.19494205233e-17, 8.78737125772e-18, 5.08983214699e-18, 3.13657644537e-18, 1.24059410897e-18, 2.70431553529e-19, 3.8968601442e-20], "dvar2": [0.583801925182, 56.2962265015, 236.658370972, 102.345176697, 444.123596191, 898.38885498, 291.907745361, 606.616149902, 491.227600098, 1455.39282227, 2105.86376953, 3119.78735352, 2647.55322266, 3518.98828125, 3027.31103516, 3403.72924805, 3223.31445312, 6787.66113281, 9810.50488281, 8422.01953125, 5206.27832031, 4026.05004883, 2118.44091797, 1083.51489258, 1013.00299072, 665.659912109, 746.427368164, 381.410217285, 188.614974976, 150.507629395, 85.0199279785, 36.574672699, 17.7171440125, 10.494307518, 2.01596212387, 0.2869605124, 0.0284344237298, 0.000972613750491, 1.17495155791e-05, 4.69153738081e-09], "dvar": [0.215338140726, 19.6955375671, 81.2332305908, 34.9475822449, 161.631225586, 330.529296875, 114.952575684, 237.137191772, 197.348693848, 612.095825195, 923.307495117, 1285.35974121, 1150.53356934, 1411.08105469, 1293.30541992, 1515.33422852, 1412.25427246, 2809.3684082, 4219.48925781, 3803.96191406, 2270.87060547, 1579.31213379, 868.929016113, 421.373382568, 379.051208496, 244.436416626, 269.288360596, 137.296279907, 75.3652267456, 72.9380187988, 42.4690971375, 17.1407623291, 8.55393695831, 4.82481813431, 0.985019743443, 0.13801279664, 0.0129381399602, 0.000440664152848, 5.02945204062e-06, 2.01547090128e-09], "dmean": [0.208562925458, 1.89320957661, 4.15510797501, 3.25258970261, 5.50752401352, 7.24639081955, 5.01430702209, 6.11832237244, 5.35596084595, 7.63060331345, 9.76858615875, 9.00374412537, 9.98166179657, 10.4152030945, 11.9050540924, 12.7828569412, 12.9868307114, 19.8174610138, 25.5257129669, 23.3533115387, 20.8445415497, 21.7190990448, 16.2694072723, 12.0680522919, 11.9800157547, 9.48898983002, 9.28783798218, 6.20447444916, 4.62765932083, 3.6603372097, 2.44862389565, 1.73923838139, 1.15298712254, 0.697732031345, 0.335128456354, 0.13533090055, 0.0416540428996, 0.00880723260343, 0.000889978196938, 2.5315934181e-05], "max": [3.31148529053, 27.8389625549, 75.9148330688, 71.217628479, 174.550918579, 231.141235352, 233.429336548, 367.901611328, 286.854766846, 1217.36743164, 781.302062988, 1931.5645752, 866.634155273, 1194.02478027, 909.422668457, 808.570007324, 841.442321777, 1869.37463379, 1221.97375488, 1324.07519531, 924.709960938, 1128.49267578, 745.421081543, 393.517883301, 317.095916748, 310.973083496, 260.137939453, 201.244689941, 162.869934082, 246.253997803, 174.121902466, 92.2616271973, 71.5449905396, 67.5187759399, 22.5299892426, 10.2563285828, 4.03558206558, 0.519750118256, 0.0682434663177, 0.00124575279187], "var": [0.172768637538, 13.3914461136, 62.4043731689, 32.4219017029, 136.785888672, 279.45135498, 166.467041016, 302.484375, 287.913269043, 958.777893066, 1751.43896484, 1909.62512207, 1862.3626709, 2183.18823242, 2319.81884766, 2661.96069336, 2628.84179688, 6622.20019531, 7371.4609375, 6912.75341797, 3647.60400391, 3182.27075195, 1815.02416992, 1013.20776367, 948.717529297, 631.370300293, 514.315856934, 237.072021484, 154.149429321, 169.065872192, 100.751029968, 44.403011322, 21.2461719513, 9.23627567291, 1.91077125072, 0.279110789299, 0.0254643671215, 0.000991208129562, 9.95371465251e-06, 5.31808508342e-09], "mean": [0.19688513875, 1.76270151138, 5.44134426117, 5.12115478516, 7.12727642059, 9.07068157196, 7.46814632416, 8.23815631866, 7.22851705551, 10.9104042053, 13.7531490326, 12.7066755295, 13.6543178558, 14.5229988098, 17.2909450531, 18.6920509338, 20.3153190613, 32.1798706055, 37.7891464233, 36.4580345154, 35.4540481567, 41.485496521, 33.3925819397, 26.6023464203, 26.8648834229, 22.181678772, 19.3758468628, 12.3192873001, 9.22889041901, 7.44553804398, 4.99188613892, 3.73256897926, 2.42690563202, 1.32752490044, 0.59762609005, 0.24404206872, 0.0756667926908, 0.0160222593695, 0.001535350224, 6.18227568339e-05]}, "spectral_strongpeak": {"dmean2": 0.794415235519, "median": 0.275472581387, "min": 0, "dvar2": 2.83034992218, "dvar": 1.0795198679, "dmean": 0.452161848545, "max": 12.6172523499, "var": 1.18812716007, "mean": 0.579168796539}, "spectral_energy": {"dmean2": 0.0220720693469, "median": 0.0248760599643, "min": 1.04991102861e-20, "dvar2": 0.00153204740491, "dvar": 0.000549539981876, "dmean": 0.0126514546573, "max": 0.160705819726, "var": 0.000669384317007, "mean": 0.0266245584935}, "average_loudness": 0.888444066048, "spectral_rolloff": {"dmean2": 1110.296875, "median": 1571.92382812, "min": 43.06640625, "dvar2": 2299188, "dvar": 1007211.875, "dmean": 657.36895752, "max": 18970.7519531, "var": 2305293.25, "mean": 1712.0065918}, "spectral_centroid": {"dmean2": 447.487945557, "median": 1773.02941895, "min": 136.658096313, "dvar2": 273400.6875, "dvar": 122413.609375, "dmean": 280.92276001, "max": 11190.109375, "var": 775446.875, "mean": 1591.26721191}, "pitch_salience": {"dmean2": 0.138809293509, "median": 0.553483963013, "min": 0.0571787953377, "dvar2": 0.0161063168198, "dvar": 0.00604546815157, "dmean": 0.0840783789754, "max": 0.874567270279, "var": 0.0177626796067, "mean": 0.541741907597}, "spectral_energyband_middle_high": {"dmean2": 0.00294443685561, "median": 0.00406494829804, "min": 1.54318328382e-21, "dvar2": 1.86237903108e-05, "dvar": 8.68309507496e-06, "dmean": 0.00196618470363, "max": 0.0580563284457, "var": 4.40044823335e-05, "mean": 0.00582170672715}, "spectral_contrast_coeffs": {"dmean2": [0.0845403000712, 0.0774573907256, 0.0620283484459, 0.0540399029851, 0.0355100892484, 0.0404689237475], "median": [-0.655168294907, -0.757319569588, -0.810121655464, -0.795414745808, -0.806943714619, -0.73582303524], "min": [-0.971904277802, -0.968793511391, -0.978900432587, -0.959546267986, -0.958865761757, -0.960462510586], "dvar2": [0.00505771394819, 0.00403455412015, 0.00258186226711, 0.00206763646565, 0.000964840583038, 0.00165519467555], "dvar": [0.00184352335054, 0.00158174429089, 0.00114245107397, 0.000950300891418, 0.000439675408415, 0.000655974843539], "dmean": [0.0508967526257, 0.0474739931524, 0.0391065962613, 0.0344530828297, 0.022326471284, 0.0250297877938], "max": [-0.318110525608, -0.434501886368, -0.48484814167, -0.491389930248, -0.607188224792, -0.401837706566], "var": [0.00822750106454, 0.00588526437059, 0.00550362141803, 0.00458489824086, 0.00222729844972, 0.00258337357081], "mean": [-0.641650617123, -0.751991629601, -0.795092999935, -0.790507733822, -0.807971179485, -0.737036883831]}, "melbands_skewness": {"dmean2": 2.01298618317, "median": 2.52805972099, "min": -2.55029702187, "dvar2": 7.11291408539, "dvar": 2.88602256775, "dmean": 1.24655723572, "max": 50.5182228088, "var": 9.6174249649, "mean": 3.28548765182}, "spectral_spread": {"dmean2": 700932.8125, "median": 4003200, "min": 366390.71875, "dvar2": 943195357184, "dvar": 677251317760, "dmean": 475633.90625, "max": 50569380, "var": 3328084541440.0, "mean": 3853355}, "dissonance": {"dmean2": 0.0270901750773, "median": 0.482049763203, "min": 0.149871200323, "dvar2": 0.00127880612854, "dvar": 0.000466510013212, "dmean": 0.0162673611194, "max": 0.500000119209, "var": 0.00212559034117, "mean": 0.465104460716}, "spectral_skewness": {"dmean2": 0.640298426151, "median": 1.24876856804, "min": -0.825527906418, "dvar2": 0.9222407341, "dvar": 0.35951629281, "dmean": 0.391105473042, "max": 10.9594497681, "var": 2.14033007622, "mean": 1.73220312595}, "spectral_flux": {"dmean2": 0.0456490553916, "median": 0.0845494866371, "min": 1.02465168295e-10, "dvar2": 0.0031005970668, "dvar": 0.00170306547079, "dmean": 0.0285696927458, "max": 0.363804787397, "var": 0.00476621231064, "mean": 0.0884359031916}, "spectral_contrast_valleys": {"dmean2": [0.670120894909, 0.624270200729, 0.559009969234, 0.506674170494, 0.411209523678, 0.493328005075], "median": [-6.77890300751, -7.05827045441, -7.61777877808, -7.41868114471, -6.67849731445, -9.66996765137], "min": [-26.6341266632, -27.5082244873, -27.3967018127, -27.2021617889, -27.422334671, -27.3069877625], "dvar2": [0.316673010588, 0.287804454565, 0.251126468182, 0.262060314417, 0.283550828695, 0.439265012741], "dvar": [0.144473910332, 0.150132238865, 0.142502889037, 0.154358848929, 0.167909100652, 0.219250231981], "dmean": [0.402270078659, 0.390029788017, 0.356542080641, 0.329851895571, 0.277256011963, 0.333789229393], "max": [-5.08624696732, -4.91907405853, -5.17711305618, -5.68942308426, -5.35995912552, -7.58351516724], "var": [2.31847429276, 1.66660022736, 1.90168631077, 2.77212691307, 4.05904531479, 7.50520133972], "mean": [-7.47384786606, -7.46825933456, -8.07120990753, -8.14686965942, -7.78969049454, -11.1671447754]}, "erbbands_flatness_db": {"dmean2": 0.0256614778191, "median": 0.148208096623, "min": 0.0495062805712, "dvar2": 0.000627638830338, "dvar": 0.00031452163239, "dmean": 0.0171913765371, "max": 0.490015655756, "var": 0.00746014434844, "mean": 0.180623725057}, "spectral_energyband_high": {"dmean2": 0.000786813267041, "median": 0.000982534140348, "min": 7.70972559019e-21, "dvar2": 1.77250092293e-06, "dvar": 7.83596703968e-07, "dmean": 0.000494983745739, "max": 0.0204394385219, "var": 2.67404902843e-06, "mean": 0.00136307789944}, "spectral_entropy": {"dmean2": 0.240828767419, "median": 7.81412267685, "min": 4.1433429718, "dvar2": 0.0960792526603, "dvar": 0.0482058934867, "dmean": 0.161285087466, "max": 9.81855010986, "var": 0.850628912449, "mean": 7.39687776566}, "silence_rate_20dB": {"dmean2": 0, "median": 1, "min": 1, "dvar2": 0, "dvar": 0, "dmean": 0, "max": 1, "var": 0, "mean": 1}, "melbands_flatness_db": {"dmean2": 0.0572735927999, "median": 0.200372159481, "min": 0.00471366615966, "dvar2": 0.0037887361832, "dvar": 0.00157782121096, "dmean": 0.0362211763859, "max": 0.767415106297, "var": 0.0203030128032, "mean": 0.247313722968}, "barkbands": {"dmean2": [0.000659932440612, 0.0143908867612, 0.00613076798618, 0.00165429350454, 0.00345654296689, 0.00115453382023, 0.000638373137917, 0.000739215756766, 0.000649325898848, 0.000544393551536, 0.000454818073194, 0.0005435749772, 0.000483394716866, 0.000763288000599, 0.000768778962083, 0.000693021400366, 0.000638407364022, 0.000469866965432, 0.000396307383198, 0.000348399102222, 0.00034549285192, 0.000201712202397, 0.000138299539685, 0.000110753710032, 7.8430173744e-05, 3.67748689314e-05, 7.20307116353e-06], "median": [6.07354704698e-05, 0.00289438758045, 0.00316876079887, 0.00096675590612, 0.00135671719909, 0.000391505658627, 0.000149323954247, 9.97021998046e-05, 9.80586846708e-05, 7.42236661608e-05, 6.94636983098e-05, 7.72771672928e-05, 8.77650236362e-05, 0.000162677402841, 0.000154058754561, 0.0003365240118, 0.000454319466371, 0.000386802130379, 0.000381374644348, 0.000366288557416, 0.000273770157946, 0.000157686910825, 8.25305178296e-05, 5.98846600042e-05, 3.10055147565e-05, 1.02887006506e-05, 6.08408583957e-07], "min": [5.04968861203e-23, 2.11361884696e-23, 3.57435589837e-23, 6.21846784799e-24, 3.11549191811e-23, 6.9380550117e-23, 3.35373359129e-23, 3.5465018509e-23, 2.24558454789e-23, 4.52281377768e-23, 6.78901836078e-23, 7.49486522413e-23, 8.2361786427e-23, 6.58716526344e-23, 6.68440909386e-23, 1.01897352454e-22, 1.48268401377e-22, 2.70812970024e-22, 2.08352516026e-22, 2.44312317562e-22, 3.60002745171e-22, 5.66925024822e-22, 5.61717937002e-22, 7.14584236253e-22, 1.17966083062e-21, 1.54488247759e-21, 2.42573077427e-21], "dvar2": [1.61350499184e-06, 0.000948384287767, 0.000148318635183, 7.03809155311e-06, 6.96680654073e-05, 6.38325855107e-06, 2.84862812805e-06, 4.45776095148e-06, 5.59596628591e-06, 4.14762962464e-06, 1.87921023098e-06, 2.87839088742e-06, 1.76419007403e-06, 3.96321092921e-06, 3.74624960386e-06, 2.65203289018e-06, 1.34122979034e-06, 6.40526650386e-07, 3.97487667669e-07, 2.97175802189e-07, 3.47737568518e-07, 1.37925582067e-07, 1.14008088303e-07, 6.14893878037e-08, 5.14568405663e-08, 8.75459349459e-09, 3.18719856063e-10], "dvar": [5.7415337551e-07, 0.000337608013069, 5.06294854858e-05, 2.42741975853e-06, 2.5770479624e-05, 2.48901187661e-06, 1.22275162084e-06, 1.83877045856e-06, 2.30467344409e-06, 1.71593239884e-06, 7