{"tonal": {"thpcp": [1, 0.789080739021, 0.501446902752, 0.315045297146, 0.233529999852, 0.230811089277, 0.236955776811, 0.218242064118, 0.227691367269, 0.22167763114, 0.192108422518, 0.15364857018, 0.123374819756, 0.120933480561, 0.121916525066, 0.133571118116, 0.175053969026, 0.248969972134, 0.276456028223, 0.196301907301, 0.126855328679, 0.115657739341, 0.10570640862, 0.443989276886, 0.771637201309, 0.421524107456, 0.0830293521285, 0.0700597241521, 0.0582341812551, 0.0706370100379, 0.178112536669, 0.308799803257, 0.398709535599, 0.5012627244, 0.627000212669, 0.877606451511], "hpcp": {"dmean2": [0.410489857197, 0.389485806227, 0.306512862444, 0.207269430161, 0.151411473751, 0.144044905901, 0.142036288977, 0.131869971752, 0.130923718214, 0.121221452951, 0.10440518707, 0.091225810349, 0.0704027116299, 0.0735761523247, 0.0737367272377, 0.0734164491296, 0.0860821604729, 0.09806253016, 0.103424914181, 0.0908425524831, 0.08023070544, 0.0713398531079, 0.0603465139866, 0.185969948769, 0.313492417336, 0.170224010944, 0.046359244734, 0.0407671779394, 0.0356262028217, 0.0452213995159, 0.1329741925, 0.209993958473, 0.239446431398, 0.302333593369, 0.371708124876, 0.396691322327], "median": [0.00928070768714, 0.00547344656661, 0.00239724898711, 0.00165812217165, 0.00132973596919, 0.00139862368815, 0.00167747249361, 0.00183006445877, 0.00162310129963, 0.00105409079697, 0.000940671481658, 0.00119971111417, 0.00165846315213, 0.00165765429847, 0.00132072484121, 0.00152068294119, 0.00253368029371, 0.00397848291323, 0.00478081218898, 0.00244068307802, 0.00165469630156, 0.00146716332529, 0.00142422656063, 0.00262918020599, 0.00227189203724, 0.00252789515071, 0.000962176767644, 0.000708433042746, 0.000604708970059, 0.000814634200651, 0.00102423760109, 0.00113561423495, 0.00167839659844, 0.00231958460063, 0.005059288349, 0.00857490580529], "min": [0, 0, 0, 0, 0, 0, 0, 0, 0, 0, 0, 0, 0, 0, 0, 0, 0, 0, 0, 0, 0, 0, 0, 0, 0, 0, 0, 0, 0, 0, 0, 0, 0, 0, 0, 0], "dvar2": [0.280876159668, 0.269842624664, 0.240705773234, 0.170380279422, 0.119096413255, 0.121351495385, 0.121441692114, 0.106698319316, 0.105711989105, 0.0986042022705, 0.0791784375906, 0.0800817981362, 0.0532593727112, 0.0651079267263, 0.059170756489, 0.0531932525337, 0.0533443503082, 0.0619787536561, 0.0649478808045, 0.0618849433959, 0.0567704476416, 0.0428773313761, 0.0292930305004, 0.093033105135, 0.278631567955, 0.0785115584731, 0.021896423772, 0.0177595019341, 0.0145504660904, 0.0158159825951, 0.112408027053, 0.183535069227, 0.192208498716, 0.224952235818, 0.268800765276, 0.263793021441], "dvar": [0.109482504427, 0.103530041873, 0.0872418954968, 0.0615036599338, 0.0431170687079, 0.0440442450345, 0.0446981489658, 0.0388095974922, 0.0392255559564, 0.0377195104957, 0.0310797058046, 0.029518507421, 0.0189189109951, 0.0218350682408, 0.0207467842847, 0.0194346364588, 0.0204014703631, 0.0239602550864, 0.0252461619675, 0.0228603817523, 0.0200911425054, 0.014697054401, 0.01052871719, 0.0361463055015, 0.110414028168, 0.031565323472, 0.00857889745384, 0.00643410580233, 0.00516216270626, 0.00556119251996, 0.0406206361949, 0.070106357336, 0.0731585323811, 0.0883700177073, 0.10126144439, 0.10010445118], "dmean": [0.227055072784, 0.21595390141, 0.166180789471, 0.111259274185, 0.0816821306944, 0.0781215801835, 0.0775009989738, 0.0722901597619, 0.0729876086116, 0.0674765333533, 0.0585513971746, 0.0504620447755, 0.0387886874378, 0.0400989502668, 0.0405495502055, 0.0412643291056, 0.0496207512915, 0.0589552037418, 0.0607364103198, 0.0515003241599, 0.0436044633389, 0.0389178171754, 0.0333855748177, 0.0994716659188, 0.165678724647, 0.0921984836459, 0.0254818610847, 0.0225198771805, 0.0194850564003, 0.024615501985, 0.0701474547386, 0.112831003964, 0.133190780878, 0.164142519236, 0.20443624258, 0.220248043537], "max": [1, 1, 1, 1, 1, 1, 1, 1, 1, 1, 1, 1, 1, 1, 1, 1, 1, 1, 1, 1, 1, 1, 1, 1, 1, 1, 1, 1, 1, 1, 1, 1, 1, 1, 1, 1], "var": [0.140797436237, 0.110332213342, 0.0736955702305, 0.0457311458886, 0.0313367284834, 0.032507956028, 0.0345188491046, 0.0301388725638, 0.0326230563223, 0.0334816612303, 0.0270798187703, 0.0218386594206, 0.013465850614, 0.013678512536, 0.0134077034891, 0.0140295596793, 0.0178507231176, 0.0271427296102, 0.0344726406038, 0.0224162042141, 0.0137053113431, 0.00992441363633, 0.00800035428256, 0.0423293858767, 0.135606870055, 0.0386075302958, 0.00723631121218, 0.00480685289949, 0.00354150682688, 0.00387176242657, 0.0252529606223, 0.0507529601455, 0.0606143176556, 0.0769355148077, 0.0880961567163, 0.119710572064], "mean": [0.247039318085, 0.194933965802, 0.123877100646, 0.077828578651, 0.0576910935342, 0.0570194125175, 0.0585373938084, 0.0539143718779, 0.0562487207353, 0.0547630898654, 0.047458332032, 0.0379572361708, 0.0304784309119, 0.029875325039, 0.0301181748509, 0.0329973176122, 0.0432452149689, 0.0615053735673, 0.0682955086231, 0.0484942905605, 0.0313382521272, 0.0285720098764, 0.0261136386544, 0.109682805836, 0.190624728799, 0.104133024812, 0.0205115154386, 0.0173075068742, 0.0143861323595, 0.0174501184374, 0.044000800699, 0.0762856900692, 0.0984969288111, 0.123831607401, 0.154893711209, 0.2168032974]}, "tuning_equal_tempered_deviation": 0.197374805808, "chords_changes_rate": 0.0907372385263, "key_key": "A", "tuning_diatonic_strength": 0.431691229343, "key_scale": "minor", "chords_number_rate": 0.00302457460202, "tuning_frequency": 434.193115234, "tuning_nontempered_energy_ratio": 0.840385437012, "chords_histogram": [0, 0, 0, 25.5954627991, 0.453686207533, 0.189035922289, 0, 1.92816638947, 0.907372415066, 0, 6.01134204865, 0, 0, 0, 0.264650285244, 5.06616258621, 0.415879011154, 24.347826004, 0.151228740811, 0, 6.31379985809, 2.53308129311, 25.3686199188, 0.453686207533], "key_strength": 0.467047154903, "chords_key": "G", "chords_strength": {"dmean2": 0.014574861154, "median": 0.396396815777, "min": -1, "dvar2": 0.00155574677046, "dvar": 0.000803049595561, "dmean": 0.0114435367286, "max": 0.650790333748, "var": 0.0220739580691, "mean": 0.389901071787}, "chords_scale": "major", "hpcp_entropy": {"dmean2": 0.996622025967, "median": 2.73800873756, "min": 0, "dvar2": 0.722797334194, "dvar": 0.281404256821, "dmean": 0.591801226139, "max": 4.80769872665, "var": 0.872467756271, "mean": 2.57528543472}}, "metadata": {"audio_properties": {"equal_loudness": 0, "codec": "mp3", "downmix": "mix", "sample_rate": 44100, "analysis_sample_rate": 44100, "bit_rate": 246429, "md5_encoded": "771e4af7d5cf0b28cbd685aa0ece0b82", "length": 122.775512695, "replay_gain": -5.66588783264, "lossless": false}, "version": {"essentia_build_sha": "2d9f1f26377add8aeb1075a9c2973f962c4f09fd", "essentia": "2.1-beta2", "extractor": "music 1.0", "essentia_git_sha": "v2.1_beta2-1-ge3940c0"}, "tags": {"title": ["Katami"], "language": ["eng"], "media": ["CD"], "albumartist": ["Lith"], "musicbrainz_releasegroupid": ["408cf603-dc65-3c65-838d-77d4030e942c"], "musicbrainz_recordingid": ["14ee6a09-cde6-4296-a08e-9fda1dd0ac1b"], "encoding": ["Lame3.90"], "album": ["Gaia"], "musicbrainz_albumartistid": ["1728784d-acec-4793-ac2f-7c80de8807d3"], "discnumber": ["01/01"], "originalartist": ["Lith"], "bpm": ["119.59"], "catalognumber": ["BRUME 14"], "contentgroup": ["IDM,Rhythmic Noise"], "originalalbum": ["Gaia"], "musicbrainz album type": ["Album"], "musicbrainz album status": ["Official"], "file_name": "01 - Katami.mp3", "originaldate": ["2006"], "acoustid_fingerprint": ["AQABz4kUaUmkJCHqouEtHNUO8dNQ74OOH8ZFoj78DsdJHN_QdwMaKUcfGh_R6ELf48qRo2ie4tmE5jL6DP2JlMNzaJlUPMfDI-3xxQhbDv6Cm4bWUMh7NHrRLstRizKaU3iyI-zhD15R_5CbC6VONDnOFb0MPzQ0F7kqfDmcB9dxHo3MCWl-6Dv8oyeFcwnyB3ZCErmOO6guDk2Ia-jR9Ie6JeiLRs2CH_GO_MOZ48IfQUsd9Bl-CT9ayiEq8YF-5AypwZqyVMKFH2eOetHhy6hedLoRZjceRaGwo9GHZJx4PA8wKUfzDc8uPPCVI1mjrEHOow--F1XQ9HjD46JhVkNyxUOO80ipxnhQaFkXvFyEkJKow3Fy_EeaHTqa5_iLfDV8CVdW5MffwWET4nhhN8ejRNB0-Oh8xDty_B0uBce5DKKz4JdwlJWLZxc0HfmSa-j2o3ku4riEJzr6LA58fGfRKEeuLNijCz_EMeyQJx9-YEs-4buCF82PsJFGaM-M_Og1VBEcou-HG620GGEeCrqOIEz2Ef1xGeLxZCPyjJ3Q5B-6K0eoHeJxHs2Dz8gf2AkzIheO6mjCHtfQH005qFuOHs2z4D2-48L748IfQUudo8-KXzh9tIsco-Sh8shDCq4SpQt-HJdyo14EX8cvXEczSsiTLBz2BxaSK6KFL5dwTNFRfRuexRIOX_mQrFHW4ER4_BqJRjoqfnjDjbhomBVyxYMQI6V6XEOh5cRPCaFlNHFiVPmR8hCmkMdefEd6CbmyAH_gNjlODbCb40oETTt8dD7w7Thz_MUtnCNEZ8GPC2W1FWV2Q32QJxdq7mh-4sF140yEPkoOB9cvNDtyJSueXFghTgqPPPnwC4OTT8GzS8LR_EPYSCO0Z0bQJ0cVHU34De9xopWiGGFyQ9eFoOGP_jh8xJnCGX-h5cmh8dBzHNt-fMV9VDwaaQz2bIVemAvFQBf-ohGjQ5PKQz9-PGiuGNUsdN7R5McjfJKl4milo9FnXIoc_Eafo4m04ZMcGD_urBAV8fiG4zzE50GOc0fVw8mEPiKeEf9gJtqhK0H_ofnCCE_pCNfxA02lcUj2IC-aRdWOSrpmvHSEn0HTNCilbEa-H_qPkJTQME4zfMfoHqmT45ms433ww6dxptiVI72EXFmAP3CbHKcG2D6uBJp2NMd94Ntx5vhxCyrHw86CXzjKaivK7IZKPsgjCzX3oPnx4LpxJkIfJYeD6xeaHbmSFU8urBAnhUeefADhJAAIYMGAOU4IKAwQBBmxDCLIOMiMIMABARgCgAkNgDKIGgUIM1RBJIwQSBBhDFNCEgQAUoxAxQAhAABkiEHEAkYggMI4IJCGxCioDIBEKcIAwMAoZAChShBhgEOAGGGkggAYhpCBSkCFDKAAGUwMBQIQIURAShgAhCFAQIMMMwgY4wQVChhAkAEAQcAMAAAAawhyhimJCAJUKCAIgAgQQQAQACkikENMiUAMAFQAIxgACkBkJCGMASMVUApAoYgBjkCEJAIEAISUEkABigwByIBDjRCCiGKAAAIAZxARBhlmDIAGCYUUAYgRZABQSgOghJBQUGCQIcxgQgBBSCliCBHGAI0AAUIgQ5wgxjGBhAhOKoaIYsIJACSywhAgACHAAEAIQgwYQpwATCCJAAEAIaWEAApQZIhAhhyChCCiGCCAAMAZRIRBAA"], "date": ["2006"], "genre": ["Idm"], "musicbrainz album release country": ["FR"], "musicip_puid": ["4b64ae82-1539-ea83-690f-c3d79026b739"], "musicbrainz_artistid": ["1728784d-acec-4793-ac2f-7c80de8807d3"], "asin": ["B000IY04EU"], "musicbrainz_albumid": ["3747f24d-c81a-46b7-bf34-8e652893999f"], "artist": ["Lith"], "artistsort": ["Lith"], "tracknumber": ["01/13"], "label": ["Brume Records"], "albumartistsort": ["Lith", "Lith"], "acoustid_id": ["0ddeb78c-e671-4b3d-bcbc-da46a7c697c4"], "script": ["Latn", "Latin"]}}, "rhythm": {"bpm_histogram_first_peak_bpm": {"dmean2": 0, "median": 110, "min": 110, "dvar2": 0, "dvar": 0, "dmean": 0, "max": 110, "var": 0, "mean": 110}, "bpm": 110.331069946, "bpm_histogram_second_peak_spread": {"dmean2": 0, "median": 0, "min": 0, "dvar2": 0, "dvar": 0, "dmean": 0, "max": 0, "var": 0, "mean": 0}, "bpm_histogram_first_peak_weight": {"dmean2": 0, "median": 0.22265625, "min": 0.22265625, "dvar2": 0, "dvar": 0, "dmean": 0, "max": 0.22265625, "var": 0, "mean": 0.22265625}, "onset_rate": 3.89291644096, "beats_position": [0.49922901392, 0.986848056316, 1.43963718414, 1.89242625237, 2.31038546562, 2.72834467888, 3.1811337471, 3.63392281532, 4.1099319458, 4.58594083786, 5.0387301445, 5.50312900543, 6.06040811539, 6.64090681076, 7.19818592072, 7.75546455383, 8.3011341095, 8.84680271149, 9.4040813446, 9.93814086914, 10.4838094711, 11.0410881042, 11.5867567062, 12.1324262619, 12.6780948639, 13.2121543884, 13.7694330215, 14.3383216858, 14.8839902878, 15.4180498123, 15.9521083832, 16.4977779388, 17.0434455872, 17.5775051117, 18.1347846985, 18.6688423157, 19.2145118713, 19.760181427, 20.3174591064, 20.8631286621, 21.4087982178, 21.942855835, 22.5001354218, 23.0458049774, 23.5914726257, 24.1371421814, 24.6828117371, 25.2284793854, 25.774148941, 26.3082084656, 26.865486145, 27.3995456696, 27.9452152252, 28.4908847809, 29.0481624603, 29.6054420471, 30.1394996643, 30.6735591888, 31.2308387756, 31.776506424, 32.322177887, 32.8678436279, 33.4135131836, 33.9591827393, 34.5048522949, 35.0389099121, 35.572971344, 36.118637085, 36.6643066406, 37.2099761963, 37.755645752, 38.3013153076, 38.8585929871, 39.4042625427, 39.9499320984, 40.402721405, 40.8438987732, 41.2850799561, 41.703037262, 42.1442184448, 42.5970077515, 43.0614051819, 43.50258255, 43.9553718567, 44.3965530396, 44.8493423462, 45.2905197144, 45.7317008972, 46.1844902039, 46.6372795105, 47.0900688171, 47.5544662476, 47.9956436157, 48.4368247986, 48.8896141052, 49.3424034119, 49.78358078, 50.2363700867, 50.6775512695, 51.1187286377, 51.5599098206, 51.9778671265, 52.5003166199, 53.0343742371, 53.5684356689, 54.1257133484, 54.6713829041, 55.2170524597, 55.7627182007, 56.3083877563, 56.8424491882, 57.3997268677, 57.9453964233, 58.491065979, 59.0251235962, 59.5824012756, 60.1280708313, 60.673740387, 61.2194099426, 61.7650794983, 62.310749054, 62.8564147949, 63.4020843506, 63.9477539063, 64.4934234619, 65.0390930176, 65.5731506348, 66.1304321289, 66.6761016846, 67.2217712402, 67.7558288574, 68.3131027222, 68.8587722778, 69.4044418335, 69.9384994507, 70.4957809448, 71.029838562, 71.5755081177, 72.1211776733, 72.817779541, 73.4911575317, 74.1645355225, 74.8843536377, 75.6041717529, 76.3356018066, 77.0554199219, 77.7868499756, 78.5182723999, 79.2380905151, 79.9695205688, 80.712562561, 81.4207687378, 82.1521987915, 82.8952331543, 83.6150588989, 84.3348770142, 85.077911377, 85.8209533691, 86.5291595459, 87.2373657227, 87.7714233398, 88.3054885864, 88.8395462036, 89.3736038208, 89.907661438, 90.4533309937, 90.9757843018, 91.4982299805, 92.0206756592, 92.5431289673, 93.0539703369, 93.5764160156, 94.0872573853, 94.5980911255, 95.0973205566, 95.4340133667, 95.7706985474, 96.1073913574, 96.432472229, 96.7575454712, 97.1058502197, 97.4193191528, 97.7327880859, 98.0578689575, 98.3829498291, 98.7196350098, 99.0447158813, 99.3697967529, 99.7064819336, 100.031562805, 100.356643677, 100.681724548, 101.006797791, 101.331878662, 101.656959534, 101.970428467, 102.2838974, 102.597366333, 102.922447205, 103.247528076, 103.572608948, 103.909294128, 104.234375, 104.559455872, 104.884536743, 105.209609985, 105.534690857, 105.871383667, 106.231292725, 106.556373596, 106.893058777, 107.241355896, 107.578048706, 107.903129578, 108.22820282, 108.553283691, 108.866752625, 109.180221558, 109.505302429, 109.818771362, 110.132240295, 110.445709229, 110.782402039, 111.10748291, 111.432563782, 111.769248962, 112.094329834, 112.431015015, 112.756095886, 113.081176758, 113.406257629, 113.731338501, 114.044807434, 114.358276367, 114.683357239, 115.020042419, 115.356735229, 115.670204163, 115.983673096, 116.320358276, 116.633827209, 116.958908081, 117.283988953, 117.609069824, 117.922538757, 118.23600769, 118.561088562, 118.886169434, 119.222854614, 119.559547424, 119.907844543, 120.232925415, 120.569610596, 120.917915344, 121.266212463, 121.614509583, 121.951202393], "beats_loudness": {"dmean2": 0.456161290407, "median": 0.154123142362, "min": 0, "dvar2": 0.142068639398, "dvar": 0.0411227531731, "dmean": 0.2369209975, "max": 0.816843271255, "var": 0.0455971844494, "mean": 0.226214051247}, "danceability": 1.13741719723, "bpm_histogram_second_peak_weight": {"dmean2": 0, "median": 0.15234375, "min": 0.15234375, "dvar2": 0, "dvar": 0, "dmean": 0, "max": 0.15234375, "var": 0, "mean": 0.15234375}, "beats_count": 257, "bpm_histogram_second_peak_bpm": {"dmean2": 0, "median": 185, "min": 185, "dvar2": 0, "dvar": 0, "dmean": 0, "max": 185, "var": 0, "mean": 185}, "bpm_histogram_first_peak_spread": {"dmean2": 0, "median": 0.44660192728, "min": 0.44660192728, "dvar2": 0, "dvar": 0, "dmean": 0, "max": 0.44660192728, "var": 0, "mean": 0.44660192728}, "beats_loudness_band_ratio": {"dmean2": [0.628789365292, 0.0529253892601, 0.0220815818757, 0.0141316382214, 0.0219992287457, 0.563794672489], "median": [0.909978508949, 0.00734830182046, 0.00201501720585, 0.00100201088935, 0.00174019683618, 0.0541279278696], "min": [0, 0, 0, 0, 0, 0], "dvar2": [0.249293118715, 0.0121439676732, 0.00535351550207, 0.0014702262124, 0.000637583783828, 0.2202822119], "dvar": [0.092474065721, 0.0041887271218, 0.001757157268, 0.000518325192388, 0.000212915983866, 0.0793856158853], "dmean": [0.331913948059, 0.0283576585352, 0.0119707016274, 0.00750992260873, 0.0117260925472, 0.299136400223], "max": [0.999973773956, 0.549473583698, 0.439805805683, 0.238715976477, 0.084950402379, 0.969038903713], "var": [0.107353657484, 0.00279192067683, 0.00111861538608, 0.00031101287459, 0.000175993802259, 0.0831069201231], "mean": [0.730281412601, 0.0208373814821, 0.00841636024415, 0.0048568197526, 0.0078901136294, 0.215538918972]}}, "lowlevel": {"barkbands_spread": {"dmean2": 30.8945617676, "median": 22.4044513702, "min": 0.0130588393658, "dvar2": 1485.59313965, "dvar": 628.253234863, "dmean": 19.1269664764, "max": 149.659057617, "var": 1449.52600098, "mean": 36.4423713684}, "melbands_spread": {"dmean2": 24.2215576172, "median": 5.1241235733, "min": 0.00141629495192, "dvar2": 2068.75146484, "dvar": 900.898925781, "dmean": 15.2708034515, "max": 302.615539551, "var": 2892.91650391, "mean": 29.0934810638}, "hfc": {"dmean2": 151.114196777, "median": 46.1676712036, "min": 1.0751209205e-16, "dvar2": 79515.5859375, "dvar": 31261.453125, "dmean": 95.8726654053, "max": 1395.99865723, "var": 38477.359375, "mean": 131.746276855}, "barkbands_kurtosis": {"dmean2": 179.538543701, "median": 12.329618454, "min": -1.98016738892, "dvar2": 326471.09375, "dvar": 122425.71875, "dmean": 107.549438477, "max": 5556.53369141, "var": 136749.203125, "mean": 126.362808228}, "gfcc": {"mean": [-50.8551635742, 18.4175510406, -13.5274276733, 64.3236923218, -38.8651199341, 31.4850635529, -20.2857952118, 20.7308692932, -14.7125520706, 18.1228485107, -10.1711215973, 7.78552484512, -7.42022943497], "icov": [[4.06570070481e-05, -5.54146863578e-05, 1.56366168085e-05, -7.66422745073e-05, 2.28160151892e-05, -8.17462278064e-05, 5.20919602423e-05, -4.16023467551e-05, 0.000119517368148, -0.000323991873302, 0.000294784345897, -0.000150346866576, 0.000111569963337], [-5.54146863578e-05, 0.000729880179279, -0.000288376701064, 3.25190308104e-06, 0.000399789510993, 1.7179920178e-05, -0.000277618208202, 0.00105749792419, -0.00134766509291, 0.00136965943966, -0.00119852821808, 0.0015461781295, -0.000584324472584], [1.56366168085e-05, -0.000288376701064, 0.00090729695512, -7.04495687387e-05, -0.00054359738715, 0.00049742840929, 0.000929454690777, -0.00133735325653, 0.000572090502828, 5.49328287889e-05, -0.000897624995559, -0.000230484642088, 0.000529587210622], [-7.66422745073e-05, 3.25190308104e-06, -7.04495687387e-05, 0.00199916400015, -0.00023127811437, 0.000189152196981, -0.000276827980997, -0.000192416191567, 0.00113789795432, -0.000621573766693, 0.000186419667443, -2.02894789254e-05, -0.000903472595382], [2.28160151892e-05, 0.000399789510993, -0.00054359738715, -0.00023127811437, 0.00392142590135, -0.00154961517546, -0.00214282772504, 0.00289719551802, -0.00124935572967, 0.000615737342741, -0.000862708548084, 0.00145954987966, -0.000474170316011], [-8.17462278064e-05, 1.7179920178e-05, 0.00049742840929, 0.000189152196981, -0.00154961517546, 0.00499778008088, 0.000304729270283, -0.00331435794942, 0.00122843764257, -0.000332765077474, -0.000874220044352, -0.00058549613459, 0.000784115167335], [5.20919602423e-05, -0.000277618208202, 0.000929454690777, -0.000276827980997, -0.00214282772504, 0.000304729270283, 0.00766698690131, -0.00339245563373, -0.00284533179365, 0.00129992212169, -0.00209652492777, 0.0020561600104, 0.000267211755272], [-4.16023467551e-05, 0.00105749792419, -0.00133735325653, -0.000192416191567, 0.00289719551802, -0.00331435794942, -0.00339245563373, 0.0133827319369, -0.00440319394693, -0.0041087414138, 0.00517554581165, 0.0013836955186, -0.00267927511595], [0.000119517368148, -0.00134766509291, 0.000572090502828, 0.00113789795432, -0.00124935572967, 0.00122843764257, -0.00284533179365, -0.00440319394693, 0.0144667038694, -0.00339365354739, -0.00147981115151, 0.000862154876813, -0.00167184241582], [-0.000323991873302, 0.00136965943966, 5.49328287889e-05, -0.000621573766693, 0.000615737342741, -0.000332765077474, 0.00129992212169, -0.0041087414138, -0.00339365354739, 0.021302241832, -0.0110552897677, 0.000605763518251, 0.00419167801738], [0.000294784345897, -0.00119852821808, -0.000897624995559, 0.000186419667443, -0.000862708548084, -0.000874220044352, -0.00209652492777, 0.00517554581165, -0.00147981115151, -0.0110552897677, 0.0232698321342, -0.00643199356273, -0.00414578057826], [-0.000150346866576, 0.0015461781295, -0.000230484642088, -2.02894789254e-05, 0.00145954987966, -0.00058549613459, 0.0020561600104, 0.0013836955186, 0.000862154876813, 0.000605763518251, -0.00643199356273, 0.0194834582508, -0.00633011991158], [0.000111569963337, -0.000584324472584, 0.000529587210622, -0.000903472595382, -0.000474170316011, 0.000784115167335, 0.000267211755272, -0.00267927511595, -0.00167184241582, 0.00419167801738, -0.00414578057826, -0.00633011991158, 0.0187857709825]], "cov": [[49351.7734375, -4048.96826172, -683.276000977, 2225.68432617, -1654.32885742, 1238.88647461, -1442.58007813, 745.763671875, -1215.84643555, 857.06060791, -809.870178223, 535.648681641, -557.002441406], [-4048.96826172, 4538.95019531, 790.508911133, -353.049163818, 368.655578613, -435.876647949, 450.045959473, -326.516448975, 511.808868408, -273.55847168, 271.177703857, -320.46661377, 158.941116333], [-683.276000977, 790.508911133, 1666.27001953, 22.3721523285, 81.583152771, -148.372817993, -108.353439331, -13.458987236, 14.5006046295, -14.9145202637, 97.5898284912, -10.0623760223, 13.387386322], [2225.68432617, -353.049163818, 22.3721523285, 649.52722168, -57.1984558105, 55.5230293274, -80.1728820801, 40.4436798096, -110.760520935, 53.778793335, -36.0484809875, 47.6376686096, -4.20544862747], [-1654.32885742, 368.655578613, 81.583152771, -57.1984558105, 495.254821777, 35.8715057373, 209.641311646, -59.956451416, 118.161506653, -35.9645843506, 72.6574859619, -66.0191955566, 28.0407180786], [1238.88647461, -435.876647949, -148.372817993, 55.5230293274, 35.8715057373, 332.859405518, 6.78018569946, 110.837814331, -32.4980010986, 59.5105781555, -26.1939792633, 23.9253578186, -25.2285900116], [-1442.58007813, 450.045959473, -108.353439331, -80.1728820801, 209.641311646, 6.78018569946, 340.679351807, 33.0051116943, 167.159133911, -23.6179447174, 51.5863876343, -81.6880645752, 30.6396121979], [745.763671875, -326.516448975, -13.458987236, 40.4436798096, -59.956451416, 110.837814331, 33.0051116943, 185.284835815, 17.3215808868, 56.7830352783, -35.5665283203, 5.32905817032, -9.62606620789], [-1215.84643555, 511.808868408, 14.5006046295, -110.760520935, 118.161506653, -32.4980010986, 167.159133911, 17.3215808868, 196.696136475, -10.5669851303, 55.3097801208, -57.5440864563, 34.515422821], [857.06060791, -273.55847168, -14.9145202637, 53.778793335, -35.9645843506, 59.5105781555, -23.6179447174, 56.7830352783, -10.5669851303, 100.505554199, 11.53565979, 26.645280838, -17.3914699554], [-809.870178223, 271.177703857, 97.5898284912, -36.0484809875, 72.6574859619, -26.1939792633, 51.5863876343, -35.5665283203, 55.3097801208, 11.53565979, 101.882881165, 5.62100887299, 32.6075057983], [535.648681641, -320.46661377, -10.0623760223, 47.6376686096, -66.0191955566, 23.9253578186, -81.6880645752, 5.32905817032, -57.5440864563, 26.645280838, 5.62100887299, 102.672866821, 13.453417778], [-557.002441406, 158.941116333, 13.387386322, -4.20544862747, 28.0407180786, -25.2285900116, 30.6396121979, -9.62606620789, 34.515422821, -17.3914699554, 32.6075057983, 13.453417778, 79.5377426147]]}, "spectral_energyband_middle_low": {"dmean2": 0.00407921336591, "median": 0.0023128031753, "min": 1.55098270742e-22, "dvar2": 8.44911119202e-05, "dvar": 2.84756351903e-05, "dmean": 0.00243747862987, "max": 0.0668223947287, "var": 3.71830537915e-05, "mean": 0.00453702639788}, "melbands_crest": {"dmean2": 4.9594836235, "median": 30.1986713409, "min": 1.63859152794, "dvar2": 35.8525848389, "dvar": 14.4745988846, "dmean": 3.12861347198, "max": 39.9913978577, "var": 55.7543792725, "mean": 27.5918483734}, "spectral_kurtosis": {"dmean2": 6.25258350372, "median": 0.672406494617, "min": -1.42307364941, "dvar2": 374.323822021, "dvar": 189.82510376, "dmean": 4.03957700729, "max": 264.74206543, "var": 390.078613281, "mean": 5.23849010468}, "spectral_rms": {"dmean2": 0.0026980463881, "median": 0.0101654278114, "min": 3.1098962381e-12, "dvar2": 9.80291042652e-06, "dvar": 5.10297695655e-06, "dmean": 0.00197644089349, "max": 0.029785329476, "var": 4.28190105595e-05, "mean": 0.0109572270885}, "zerocrossingrate": {"dmean2": 0.0322457738221, "median": 0.0517578125, "min": 0.00048828125, "dvar2": 0.00152584805619, "dvar": 0.00121486803982, "dmean": 0.0267238877714, "max": 0.60546875, "var": 0.0116513967514, "mean": 0.0909160450101}, "silence_rate_60dB": {"dmean2": 0.0393417812884, "median": 0, "min": 0, "dvar2": 0.0442241616547, "dvar": 0.0192803647369, "dmean": 0.0196671709418, "max": 1, "var": 0.0608069300652, "mean": 0.0650406479836}, "erbbands_kurtosis": {"dmean2": 12.7689142227, "median": 2.26196527481, "min": -1.94287931919, "dvar2": 1554.79174805, "dvar": 650.794372559, "dmean": 7.88533973694, "max": 484.729736328, "var": 894.780395508, "mean": 8.2182636261}, "erbbands": {"dmean2": [3.05455613136, 13.1580553055, 7.86970853806, 5.01866292953, 7.4068312645, 8.77933311462, 4.52104711533, 4.14094209671, 2.64559030533, 2.5824637413, 4.4912238121, 3.07216835022, 1.47376012802, 1.95725679398, 1.91089236736, 2.53562259674, 3.30671048164, 3.74534797668, 3.6400244236, 3.26149129868, 4.15169334412, 5.58415794373, 5.72182750702, 10.0072698593, 15.9665184021, 23.1458339691, 36.7466545105, 46.6274147034, 39.4722251892, 29.1523399353, 31.5330734253, 42.0523338318, 53.1073226929, 61.411907196, 38.1689567566, 17.9044475555, 6.26535606384, 1.20004212856, 0.107310555875, 0.00308707379736], "median": [3.52316236496, 12.0508766174, 3.32708358765, 2.20113515854, 2.23008418083, 1.84494650364, 1.46862185001, 1.13925099373, 1.0874017477, 1.00298583508, 0.814765095711, 0.571886241436, 0.339288860559, 0.430222243071, 0.456044256687, 0.452959030867, 0.498694032431, 0.463383883238, 0.452727109194, 0.556281507015, 0.706683814526, 0.76420879364, 1.27902758121, 1.4880014658, 2.53881931305, 3.70031952858, 6.00909090042, 8.73377609253, 10.6372747421, 9.13414955139, 9.56806564331, 10.6746397018, 11.1469182968, 9.87267971039, 6.19146823883, 2.84657526016, 0.766685187817, 0.106110133231, 0.00489865615964, 0.000397308787797], "min": [8.91999293651e-23, 2.34312439048e-22, 1.13232907533e-21, 3.13295081096e-21, 1.55755023572e-20, 3.08619923321e-20, 5.04815629326e-20, 1.20505959308e-19, 1.05019910395e-19, 1.14209318314e-19, 1.77203076917e-19, 4.07301898314e-19, 4.75981076063e-19, 6.46648547261e-19, 6.14255999377e-19, 8.20578160301e-19, 1.25471366844e-18, 2.4361651908e-18, 2.24572877504e-18, 2.00646967799e-18, 2.7146531216e-18, 3.84659209403e-18, 5.74455304645e-18, 6.20585967995e-18, 5.82449136726e-18, 8.43814056619e-18, 1.04461951222e-17, 7.81598411308e-18, 1.14197916663e-17, 1.14181066994e-17, 1.22511826282e-17, 1.01089502778e-17, 1.02501251929e-17, 7.6168792581e-18, 6.24658260869e-18, 3.71286345876e-18, 2.25852153681e-18, 9.14868271531e-19, 2.60079284766e-19, 2.86680605472e-20], "dvar2": [24.4950618744, 531.371765137, 456.013946533, 102.85382843, 395.624664307, 578.41784668, 108.162139893, 200.153823853, 19.7188777924, 23.2266712189, 169.181427002, 57.1430625916, 6.97632074356, 26.6687602997, 24.7278690338, 24.9624557495, 69.6800689697, 106.265617371, 85.7201004028, 41.2989883423, 50.6136169434, 137.644638062, 85.7188949585, 393.474822998, 966.975524902, 2061.72412109, 5685.3046875, 7601.359375, 4320.29248047, 2179.82836914, 2386.56201172, 5226.96777344, 10569.7451172, 18580.6738281, 6299.45263672, 1149.97802734, 148.90184021, 5.3212223053, 0.0415305830538, 3.50241607521e-05], "dvar": [12.1605148315, 224.722457886, 167.087005615, 36.4276924133, 129.901367188, 203.744308472, 38.1804542542, 65.992225647, 7.56144046783, 8.89089870453, 101.743927002, 26.7651576996, 2.55274581909, 9.36685562134, 8.51065349579, 9.3250837326, 31.2804164886, 48.4587554932, 36.0250549316, 17.0956192017, 23.4886550903, 56.9869651794, 40.36460495, 163.770263672, 450.838684082, 929.595581055, 2354.07348633, 3282.83520508, 1996.24560547, 1180.24511719, 1117.91467285, 2095.77709961, 4151.60742188, 7116.46728516, 2422.25170898, 451.068878174, 56.873840332, 2.11597704887, 0.017197266221, 1.44123432619e-05], "dmean": [2.22595620155, 8.91518688202, 4.76696872711, 2.97887611389, 4.21813297272, 5.00069904327, 2.73601651192, 2.42382025719, 1.61851906776, 1.58141255379, 3.01495146751, 1.92601323128, 0.879150032997, 1.16928672791, 1.14548707008, 1.58759474754, 2.13708949089, 2.43194246292, 2.2751019001, 2.11324548721, 2.61137533188, 3.55413460732, 3.82130646706, 6.49277496338, 10.4542999268, 15.4260177612, 23.1196269989, 29.596950531, 25.7432250977, 20.3426971436, 20.4117183685, 26.2154560089, 32.5353240967, 37.5517044067, 23.6279296875, 11.1607780457, 3.86781907082, 0.736436486244, 0.0657303929329, 0.00187588890549], "max": [36.4060821533, 171.737518311, 137.430160522, 80.635093689, 136.93270874, 173.386810303, 91.915435791, 168.862197876, 29.8411865234, 46.777973175, 446.844573975, 189.386657715, 16.2362689972, 81.9243469238, 94.878578186, 35.6499252319, 88.4853973389, 102.4243927, 117.169792175, 55.7368621826, 74.3987579346, 101.419410706, 94.649307251, 177.329589844, 297.755371094, 374.623260498, 592.96685791, 588.485900879, 737.554321289, 539.39440918, 450.100524902, 455.546875, 625.632507324, 737.145507813, 437.994842529, 210.689956665, 65.5087661743, 12.8673353195, 1.02395129204, 0.0288365781307], "var": [52.3228569031, 621.064758301, 162.203872681, 62.5178794861, 109.626289368, 151.404098511, 45.2065925598, 79.7908248901, 12.9709005356, 12.4489479065, 710.627502441, 125.241104126, 3.06184887886, 12.8168077469, 12.9172458649, 16.8220710754, 60.079410553, 83.407585144, 61.7175445557, 39.853187561, 59.3683280945, 109.507537842, 122.216178894, 301.901550293, 863.327026367, 1860.64318848, 3692.75219727, 6437.94384766, 4619.09716797, 3443.06030273, 2625.6652832, 2834.06591797, 4352.94433594, 6535.87158203, 2360.6081543, 508.608062744, 68.681312561, 2.62115502357, 0.0205747298896, 1.69898594322e-05], "mean": [6.24790525436, 21.2663173676, 6.98808860779, 5.56720733643, 5.47306776047, 5.24502754211, 3.81916809082, 3.39741015434, 2.42073655128, 2.25177550316, 5.62777614594, 2.96026349068, 1.07404577732, 1.48170566559, 1.62741863728, 2.1494436264, 3.01608920097, 3.48600387573, 3.26677823067, 3.28946280479, 4.26593780518, 5.43664646149, 6.38024091721, 9.29161167145, 15.0046348572, 22.9242839813, 32.0997810364, 42.2855453491, 40.2284469604, 34.253868103, 32.113899231, 33.8130989075, 37.9324874878, 41.0034255981, 26.3715763092, 13.1444187164, 4.7394118309, 0.877107918262, 0.0721947103739, 0.00214829761535]}, "spectral_strongpeak": {"dmean2": 0.641918182373, "median": 0.692778944969, "min": 0, "dvar2": 8.62635040283, "dvar": 3.18181729317, "dmean": 0.387039452791, "max": 32.2590293884, "var": 2.28864192963, "mean": 0.861822009087}, "spectral_energy": {"dmean2": 0.0746232047677, "median": 0.105919331312, "min": 9.91324184577e-21, "dvar2": 0.0117613663897, "dvar": 0.00618190458044, "dmean": 0.0533558242023, "max": 0.909345030785, "var": 0.0283929798752, "mean": 0.16695214808}, "average_loudness": 0.879575312138, "spectral_rolloff": {"dmean2": 2949.92895508, "median": 86.1328125, "min": 21.533203125, "dvar2": 23881658, "dvar": 10469072, "dmean": 1667.66052246, "max": 19853.6132813, "var": 25108652, "mean": 3294.92602539}, "spectral_centroid": {"dmean2": 1108.24157715, "median": 2076.04321289, "min": 26.7503700256, "dvar2": 1911000.125, "dvar": 840577.75, "dmean": 708.647460938, "max": 11757.2529297, "var": 3938656.25, "mean": 2298.72045898}, "pitch_salience": {"dmean2": 0.141595438123, "median": 0.259218543768, "min": 0.00237805652432, "dvar2": 0.0224764458835, "dvar": 0.00927571579814, "dmean": 0.0913291424513, "max": 0.955069184303, "var": 0.0428710021079, "mean": 0.303143143654}, "spectral_energyband_middle_high": {"dmean2": 0.00085606391076, "median": 0.00028646553983, "min": 1.07397366416e-21, "dvar2": 1.88833075754e-06, "dvar": 9.25624647152e-07, "dmean": 0.000593965349253, "max": 0.0141549846157, "var": 2.69959400612e-06, "mean": 0.00106221472379}, "spectral_contrast_coeffs": {"dmean2": [0.0864949524403, 0.0742537602782, 0.0556814074516, 0.0447472706437, 0.0418616458774, 0.0374005660415], "median": [-0.698076725006, -0.800326526165, -0.856537997723, -0.855286300182, -0.827951908112, -0.814792156219], "min": [-0.983269512653, -0.976080238819, -0.977218389511, -0.987813055515, -0.978378415108, -0.963679075241], "dvar2": [0.00497304229066, 0.00382035900839, 0.00221737800166, 0.00151591561735, 0.00151031289715, 0.00142138334922], "dvar": [0.00187590566929, 0.00144010374788, 0.000790211895946, 0.000595319317654, 0.000677284260746, 0.000595337536652], "dmean": [0.0524373352528, 0.0451951436698, 0.032790735364, 0.0276797804981, 0.0267644189298, 0.0234793778509], "max": [-0.384190887213, -0.317939728498, -0.563685953617, -0.560740292072, -0.643242955208, -0.611056149006], "var": [0.00680484808981, 0.00830056704581, 0.00248148478568, 0.00300428038463, 0.0029766401276, 0.00302410731092], "mean": [-0.698845565319, -0.787349760532, -0.853452086449, -0.852127432823, -0.830853044987, -0.811067163944]}, "melbands_skewness": {"dmean2": 7.2330198288, "median": 8.49151420593, "min": -3.3028523922, "dvar2": 169.82800293, "dvar": 67.9809799194, "dmean": 4.51376390457, "max": 190.444076538, "var": 102.244010925, "mean": 10.3915681839}, "spectral_spread": {"dmean2": 2711333.25, "median": 9482637, "min": 375573.28125, "dvar2": 11397424480300.0, "dvar": 5201764286460.0, "dmean": 1720307.375, "max": 50694956, "var": 30553749323800.0, "mean": 10163213}, "dissonance": {"dmean2": 0.0358458943665, "median": 0.483320891857, "min": 0.0455147586763, "dvar2": 0.00315049360506, "dvar": 0.00139455753379, "dmean": 0.0227890815586, "max": 0.500000178814, "var": 0.00343232695013, "mean": 0.461044490337}, "spectral_skewness": {"dmean2": 0.715082585812, "median": 0.776849329472, "min": -0.235286414623, "dvar2": 1.79251921177, "dvar": 0.982259750366, "dmean": 0.47831004858, "max": 14.4126825333, "var": 2.77633881569, "mean": 1.25426232815}, "spectral_flux": {"dmean2": 0.0840561687946, "median": 0.109337694943, "min": 6.2621345609e-11, "dvar2": 0.00837205443531, "dvar": 0.00362963718362, "dmean": 0.052932087332, "max": 0.681485295296, "var": 0.0109949121252, "mean": 0.136119946837}, "spectral_contrast_valleys": {"dmean2": [0.76012390852, 0.804243803024, 0.86420583725, 0.882519006729, 0.88497954607, 0.929904878139], "median": [-6.57755184174, -7.5335021019, -8.47511482239, -8.74544143677, -7.85742855072, -8.37474632263], "min": [-28.3702430725, -28.0300064087, -27.834728241, -27.6907329559, -27.5528736115, -27.4232196808], "dvar2": [0.646996736526, 0.645452976227, 0.795871913433, 0.954816102982, 1.03853344917, 1.16803693771], "dvar": [0.356729865074, 0.344235748053, 0.40257114172, 0.468661546707, 0.5515666008, 0.674131929874], "dmean": [0.485055983067, 0.525724589825, 0.571422696114, 0.593157708645, 0.607327163219, 0.669348835945], "max": [-4.59737348557, -5.68892765045, -6.43212032318, -6.46677160263, -5.46000814438, -6.47458457947], "var": [9.79134941101, 8.68181705475, 8.01731109619, 8.31734752655, 9.33233737946, 9.90101051331], "mean": [-7.29957866669, -8.15794944763, -9.05133152008, -9.28856372833, -8.46024227142, -9.42334270477]}, "erbbands_flatness_db": {"dmean2": 0.0440291687846, "median": 0.120556980371, "min": 0.0270587466657, "dvar2": 0.00270314188674, "dvar": 0.00142504356336, "dmean": 0.0298545453697, "max": 0.577643334866, "var": 0.0056761065498, "mean": 0.140456452966}, "spectral_energyband_high": {"dmean2": 0.0145070776343, "median": 0.00388466240838, "min": 7.07804152215e-21, "dvar2": 0.000697328709066, "dvar": 0.000278655119473, "dmean": 0.00924659054726, "max": 0.133745029569, "var": 0.000366535532521, "mean": 0.0122525338084}, "spectral_entropy": {"dmean2": 0.580312311649, "median": 8.41910743713, "min": 2.48361945152, "dvar2": 0.679888427258, "dvar": 0.376038938761, "dmean": 0.394805967808, "max": 9.82342720032, "var": 1.41175949574, "mean": 7.90545225143}, "silence_rate_20dB": {"dmean2": 0.167202576995, "median": 1, "min": 0, "dvar2": 0.160427182913, "dvar": 0.0766002610326, "dmean": 0.0835854783654, "max": 1, "var": 0.143691912293, "mean": 0.826054096222}, "melbands_flatness_db": {"dmean2": 0.0987822115421, "median": 0.355546206236, "min": 0.00335911056027, "dvar2": 0.0108658811077, "dvar": 0.00567160360515, "dmean": 0.0701618865132, "max": 1, "var": 0.0347048006952, "mean": 0.370118737221}, "barkbands": {"dmean2": [0.0126211829484, 0.0689889863133, 0.00570293702185, 0.0019197067013, 0.00232421676628, 0.000457702262793, 0.000175384382601, 0.000168526225025, 0.000156139591127, 4.72789761261e-05, 5.75748890697e-05, 5.49410142412e-05, 7.51321713324e-05, 8.34755701362e-05, 6.49339781376e-05, 7.26832004148e-05, 0.000104449718492, 0.000113332411274, 0.000256378785707, 0.000498504959978, 0.00106767809484, 0.00100487738382, 0.00102777197026, 0.00259958487004, 0.00545893423259, 0.00357111659832, 0.000624368956778], "median": [0.00407763663679, 0.0774901658297, 0.000721331045497, 0.000622072606348, 0.000573897734284, 0.000144565361552, 7.49827959226e-05, 3.69301778846e-05, 2.43480135396e-05, 1.08388867375e-05, 1.01574487417e-05, 9.31475187826e-06, 1.0270337043e-05, 7.66915763961e-06, 7.95794676378e-06, 1.18483467304e-05, 1.26324357552e-05, 2.37640851992e-05, 3.44169166056e-05, 7.70403057686e-05, 0.000192934821825, 0.000292558397632, 0.000326914479956, 0.000590951123741, 0.000934456300456, 0.000492636463605, 2.920094812e-05], "min": [5.81860253817e-25, 1.71534747004e-24, 8.2265077602e-25, 1.55798234123e-24, 1.17103987466e-23, 1.5289588469e-23, 4.53542679581e-24, 5.1635430921e-24, 1.8210576318e-23, 1.57014653694e-23, 6.21758353491e-24, 1.42115863762e-23, 2.26717361983e-23, 4.81371664945e-23, 4.5082245841e-23, 4.55634730813e-23, 7.55759291896e-23, 9.27851822725e-23, 1.35845079053e-22, 1.72128540751e-22, 2.06380376385e-22, 3.007555299e-22, 4.17827435971e-22, 6.19932893069e-22, 8.22767686784e-22, 1.37614631641e-21, 1.94017938978e-21], "dvar2": [0.00137962901499, 0.0123896244913, 0.000368365697796, 1.27620569401e-05, 4.60181945527e-05, 2.1883276986e-06, 7.94168286689e-08, 1.94110029383e-07, 1.99815218593e-07, 6.67528521348e-09, 4.58397586556e-08, 1.10173656864e-08, 3.8666520652e-08, 4.16533154635e-08, 3.05976115555e-08, 1.73992376062e-08, 4.52588153621e-08, 3.36611627461e-08, 2.58380538298e-07, 1.00449608453e-06, 4.32659544458e-06, 2.54811766354e-06, 2.54884480455e-06, 2.34108629229e-05, 0.000137540715514, 4.58974354842e-05, 1.45670355778e-06], "dvar": [0.000510814890731, 0.00603260844946, 0.000123385747429, 4.3239574552e-06, 1.56291880558e-05, 7.21927165159e-07, 3.12193790819e-08, 9.38058377642e-08, 9.5430202407e-08, 2.54000642741e-09, 1.55298351956e-08, 4.22163237701e-09, 1.6782841783e-08, 2.05341930126e-08, 1.16905516379e-08, 7.19708470598e-09, 1.88595237205e-08, 1.54988430978e-08, 1.1652410592e-07, 4.44940553734e-07, 1.84165969586e-06, 1.26663439914e-06, 1.25720362121e-06, 9.19039393921e-06, 5.31171062903e-05, 1.78458449227e-05, 5.9062068658e-07], "dmean": [0.0076799094677, 0.0496948994696, 0.00315276253968, 0.00115628179628, 0.00132734118961, 0.000271675817203, 0.000107171887066, 0.000108488624392, 9.92682107608e-05, 2.82392920781e-05, 3.36445518769e-05, 3.46092165273e-05, 4.7898862249e-05, 5.375470937e-05, 3.84065242542e-05, 4.60804731119e-05, 6.57736381982e-05, 7.46060468373e-05, 0.000168445752934, 0.000334340467816, 0.000679362448864, 0.000669693690725, 0.000675761199091, 0.00159684522077, 0.00338226510212, 0.00221561873332, 0.000381634832593], "max": [0.27545234561, 0.860738754272, 0.101657353342, 0.0268860738724, 0.0442892126739, 0.0164591856301, 0.00219904305413, 0.0107754310593, 0.0118455961347, 0.000684211379848, 0.00356002198532, 0.000996401533484, 0.00187619123608, 0.00248579145409, 0.00217158999294, 0.00125165795907, 0.00186910992488, 0.00207607937045, 0.00519446050748, 0.0081082182005, 0.0151702892035, 0.0212827157229, 0.0147532951087, 0.034330483526, 0.0662773177028, 0.0319840349257, 0.00608865823597], "var": [0.000452950480394, 0.0236397553235, 8.11869904283e-05, 8.72680811881e-06, 1.12172911031e-05, 9.39608412409e-07, 5.4583026099e-08, 4.62153764147e-07, 4.63891097979e-07, 3.25746718488e-09, 2.11718393928e-08, 8.70928662522e-09, 3.01724014662e-08, 4.39836895794e-08, 1.28878792083e-08, 1.8478742092e-08, 3.59229552771e-08, 4.77305945878e-08, 2.08738200058e-07, 8.65837932906e-07, 3.3509613786e-06, 3.43288184013e-06, 3.23549807035e-06, 1.02367184809e-05, 5.115924432