{"tonal": {"thpcp": [1, 0.506923913956, 0.249926716089, 0.215365841985, 0.280897766352, 0.540254950523, 0.582777440548, 0.306637495756, 0.162992060184, 0.160297632217, 0.228927358985, 0.557647407055, 0.729234457016, 0.529248654842, 0.600357711315, 0.570557653904, 0.252949088812, 0.169272407889, 0.191533759236, 0.211520493031, 0.499982476234, 0.699236989021, 0.439991623163, 0.234877452254, 0.192074298859, 0.23015229404, 0.554297447205, 0.710193753242, 0.535290181637, 0.423742055893, 0.245519697666, 0.142741695046, 0.359754890203, 0.486011266708, 0.451921105385, 0.86374604702], "hpcp": {"dmean2": [0.202055424452, 0.193112447858, 0.152534916997, 0.115443952382, 0.124533437192, 0.15149897337, 0.20845913887, 0.224176779389, 0.204950451851, 0.197647660971, 0.180800795555, 0.131118610501, 0.103474788368, 0.107042960823, 0.125800773501, 0.178752690554, 0.198356851935, 0.1819999367, 0.132615506649, 0.114608988166, 0.137958705425, 0.194608181715, 0.203250169754, 0.228669285774, 0.257424712181, 0.153193980455, 0.0920865163207, 0.143816709518, 0.167638719082, 0.212450653315, 0.260815888643, 0.247346833348, 0.214359506965, 0.178427293897, 0.168176352978, 0.18418353796], "median": [0.0427227169275, 0.0497918054461, 0.0252486281097, 0.0106367766857, 0.00914061442018, 0.0166250504553, 0.0605337843299, 0.0807369798422, 0.068229034543, 0.040929056704, 0.0290183275938, 0.0192441865802, 0.012331600301, 0.0134534835815, 0.0181306209415, 0.0599941946566, 0.0816554129124, 0.0463014394045, 0.0145008303225, 0.0104036126286, 0.0148845613003, 0.0492139980197, 0.0625351816416, 0.0493466705084, 0.0126659255475, 0.00701651256531, 0.00873410794884, 0.0350837223232, 0.0510339811444, 0.0531577095389, 0.112240843475, 0.12649077177, 0.0537397190928, 0.0102522913367, 0.008196124807, 0.0134033514187], "min": [0, 0, 0, 0, 0, 0, 0, 0, 0, 0, 0, 0, 0, 0, 0, 0, 0, 0, 0, 0, 0, 0, 0, 0, 0, 0, 0, 0, 0, 0, 0, 0, 0, 0, 0, 0], "dvar2": [0.103570468724, 0.09440869838, 0.076734483242, 0.0627535358071, 0.0798093155026, 0.0910367295146, 0.098257958889, 0.106007665396, 0.0869943648577, 0.0931939780712, 0.0918262973428, 0.063523799181, 0.0588821545243, 0.0610508546233, 0.0697885975242, 0.0856396332383, 0.095240034163, 0.0951061844826, 0.071774289012, 0.0672290399671, 0.072551548481, 0.0979159995914, 0.0941303521395, 0.0965383276343, 0.171317636967, 0.0747611448169, 0.0493293255568, 0.0698552429676, 0.0735960528255, 0.0994987860322, 0.11932412535, 0.113966286182, 0.10576428473, 0.116670787334, 0.114881016314, 0.109616234899], "dvar": [0.0413879454136, 0.0388186872005, 0.0283404365182, 0.0224425662309, 0.0280087161809, 0.0323193073273, 0.0381172969937, 0.0440625883639, 0.0336583293974, 0.0373321436346, 0.0368318706751, 0.0232254322618, 0.0212633050978, 0.0223058089614, 0.0251386892051, 0.0324488691986, 0.0384111180902, 0.0345643348992, 0.0264341309667, 0.0244706869125, 0.0264131054282, 0.0387724153697, 0.0398792140186, 0.0380360484123, 0.0640970990062, 0.0276724286377, 0.0177875552326, 0.0270948354155, 0.0301090646535, 0.0371250510216, 0.044963862747, 0.0473052300513, 0.0408527478576, 0.0438701435924, 0.0413874723017, 0.040751054883], "dmean": [0.116959124804, 0.113230191171, 0.0860271826386, 0.0630295500159, 0.0665072202682, 0.0837150737643, 0.121422499418, 0.131887838244, 0.11900357157, 0.113654047251, 0.104628898203, 0.0734189301729, 0.057598978281, 0.0601410269737, 0.0706954821944, 0.103825889528, 0.117766529322, 0.104097373784, 0.0741728320718, 0.0637031495571, 0.0777435004711, 0.115451328456, 0.121235281229, 0.132620155811, 0.141773760319, 0.084342725575, 0.0510871112347, 0.0842467918992, 0.100359357893, 0.120076425374, 0.152110219002, 0.14555002749, 0.123023018241, 0.0979519784451, 0.0913454070687, 0.101618766785], "max": [1, 1, 1, 1, 1, 1, 1, 1, 1, 1, 1, 1, 1, 1, 1, 1, 1, 1, 1, 1, 1, 1, 1, 1, 1, 1, 1, 1, 1, 1, 1, 1, 1, 1, 1, 1], "var": [0.0698250383139, 0.0757861956954, 0.0313581340015, 0.0164375584573, 0.0184221360832, 0.0243733804673, 0.0593266040087, 0.0913218706846, 0.0495536290109, 0.075945481658, 0.0784019529819, 0.0238015539944, 0.016249012202, 0.0192190073431, 0.0191435869783, 0.0504226833582, 0.0852449759841, 0.0431783981621, 0.0269342213869, 0.0224425271153, 0.0238478630781, 0.066242299974, 0.0938144773245, 0.0560246817768, 0.0627097636461, 0.0262963641435, 0.014128417708, 0.0371231362224, 0.056027341634, 0.0434994772077, 0.0998447537422, 0.12696929276, 0.0523536913097, 0.0348029509187, 0.0283489022404, 0.0344722904265], "mean": [0.165059506893, 0.178051039577, 0.0936843529344, 0.0497975796461, 0.0489743761718, 0.0699422359467, 0.170373275876, 0.222796812654, 0.161696851254, 0.183422192931, 0.174317643046, 0.0772813856602, 0.0517163611948, 0.0585176870227, 0.0646240636706, 0.152755409479, 0.213631942868, 0.134426906705, 0.0717601180077, 0.0586828291416, 0.07031647861, 0.169349804521, 0.216979473829, 0.163542672992, 0.129462316632, 0.0750115513802, 0.0436106584966, 0.109912857413, 0.148486897349, 0.138071626425, 0.263893008232, 0.305521517992, 0.154876172543, 0.0763579905033, 0.0657989010215, 0.0858203098178]}, "tuning_equal_tempered_deviation": 0.254547417164, "chords_changes_rate": 0.0577005594969, "key_key": "G", "tuning_diatonic_strength": 0.627710938454, "key_scale": "major", "chords_number_rate": 0.00257400260307, "tuning_frequency": 434.193115234, "tuning_nontempered_energy_ratio": 0.961553752422, "chords_histogram": [24.1527233124, 8.3440580368, 5.12655496597, 1.41570138931, 2.59545254707, 0.772200763226, 0.450450450182, 0.042900044471, 2.23080229759, 0, 0.36465036869, 0, 0, 0.858000874519, 0, 4.20420408249, 0, 1.65165162086, 0, 2.16645216942, 0.858000874519, 8.94465923309, 18.1896190643, 17.6319179535], "key_strength": 0.78047055006, "chords_key": "G", "chords_strength": {"dmean2": 0.0100982580334, "median": 0.532515048981, "min": -1, "dvar2": 0.000936360331252, "dvar": 0.000502799462993, "dmean": 0.0100945373997, "max": 0.828244864941, "var": 0.0417577363551, "mean": 0.515968620777}, "chords_scale": "major", "hpcp_entropy": {"dmean2": 1.04211354256, "median": 1.90197885036, "min": 0, "dvar2": 0.74294924736, "dvar": 0.28690725565, "dmean": 0.61986374855, "max": 4.42567777634, "var": 0.589097678661, "mean": 1.86536931992}}, "metadata": {"audio_properties": {"equal_loudness": 0, "codec": "mp3", "downmix": "mix", "sample_rate": 44100, "analysis_sample_rate": 44100, "bit_rate": 256031, "md5_encoded": "61e176b1d9a46d0e567411559b260ca9", "length": 216.424484253, "replay_gain": -14.0979785919, "lossless": false}, "version": {"essentia_build_sha": "70f2e5ece6736b2c40cc944ad0e695b16b925413", "essentia": "2.1-beta2", "extractor": "music 1.0", "essentia_git_sha": "v2.1_beta2"}, "tags": {"title": ["Mujeres"], "artist": ["Alexander"], "date": ["2008"], "genre": ["Pop"], "length": ["216"], "album": ["Por el"], "tracknumber": ["6"], "discnumber": ["1"], "musicbrainz_recordingid": ["14efb574-7a28-49b1-9925-386ce7c5e6b8"], "file_name": "2135750.mp3"}}, "rhythm": {"bpm_histogram_first_peak_bpm": {"dmean2": 0, "median": 112, "min": 112, "dvar2": 0, "dvar": 0, "dmean": 0, "max": 112, "var": 0, "mean": 112}, "bpm": 112.663581848, "bpm_histogram_second_peak_spread": {"dmean2": 0, "median": 0.111111104488, "min": 0.111111104488, "dvar2": 0, "dvar": 0, "dmean": 0, "max": 0.111111104488, "var": 0, "mean": 0.111111104488}, "bpm_histogram_first_peak_weight": {"dmean2": 0, "median": 0.639097750187, "min": 0.639097750187, "dvar2": 0, "dvar": 0, "dmean": 0, "max": 0.639097750187, "var": 0, "mean": 0.639097750187}, "onset_rate": 3.39116477966, "beats_position": [0.53405892849, 1.07972788811, 1.62539684772, 2.17106580734, 2.73995471001, 3.30884337425, 3.87773227692, 4.43501138687, 4.99229001999, 5.54956912994, 6.10684776306, 6.64090681076, 7.17496585846, 7.70902490616, 8.24308395386, 8.77714252472, 9.31120204926, 9.84526062012, 10.379319191, 10.9133787155, 11.4358272552, 11.9698867798, 12.4923353195, 13.0263938904, 13.5604534149, 14.0945119858, 14.6285715103, 15.1626300812, 15.696688652, 16.2307472229, 16.7531967163, 17.2756462097, 17.8097057343, 18.3437633514, 18.877822876, 19.5047607422, 20.1433105469, 20.7818584442, 21.4204082489, 22.0589561462, 22.6975059509, 23.3360538483, 24.0210418701, 24.7060317993, 25.4026298523, 26.0992279053, 26.7842178345, 27.4692058563, 28.1658039093, 28.7346935272, 29.3035831451, 29.8608608246, 30.4065303802, 30.9521980286, 31.5094776154, 32.0667572021, 32.6240348816, 33.1697044373, 33.7153739929, 34.2726516724, 34.8067131042, 35.3407707214, 35.8748283386, 36.4088897705, 36.9429473877, 37.4770050049, 37.9994544983, 38.5219039917, 39.0559616089, 39.5900230408, 40.124080658, 40.6581382751, 41.1805877686, 41.7146492004, 42.2370948792, 42.771156311, 43.3052139282, 43.8392753601, 44.3733329773, 44.9073905945, 45.4414520264, 45.9755096436, 46.5095672607, 47.0320167542, 47.5544662476, 48.0885238647, 48.6225852966, 49.14503479, 49.6674804688, 50.2015419006, 50.7355995178, 51.269657135, 51.8037185669, 52.3377761841, 52.871837616, 53.4058952332, 53.9399528503, 54.4624023438, 54.9848518372, 55.5189094543, 56.0529708862, 56.5870285034, 57.1210861206, 57.6551475525, 58.1775970459, 58.7000427246, 59.222492218, 59.7449417114, 60.2789993286, 60.8130607605, 61.3471183777, 61.8811798096, 62.4152374268, 62.9376869202, 63.4601364136, 63.9941940308, 64.5282516479, 65.0623092651, 65.5963668823, 66.1304321289, 66.6644897461, 67.1985473633, 67.7326049805, 68.2666625977, 68.8007278442, 69.3347854614, 69.8688430786, 70.3912887573, 70.9137420654, 71.4477996826, 71.9818572998, 72.515914917, 73.0499725342, 73.5840377808, 74.1064834595, 74.6289291382, 75.1629943848, 75.697052002, 76.2194976807, 76.7535552979, 77.2876205444, 77.8216781616, 78.3441238403, 78.8781814575, 79.4122467041, 79.9463043213, 80.4803619385, 81.0144195557, 81.5484771729, 82.08253479, 82.6049880981, 83.1274337769, 83.661491394, 84.1955566406, 84.7296142578, 85.263671875, 85.7861175537, 86.3201828003, 86.842628479, 87.3766860962, 87.9107437134, 88.44480896, 88.9788665771, 89.5129241943, 90.0469818115, 90.5694351196, 91.0918807983, 91.6259384155, 92.1599960327, 92.6940536499, 93.216506958, 93.7389526367, 94.2730178833, 94.8070755005, 95.3411331177, 95.8751907349, 96.4092483521, 96.9433059692, 97.4773712158, 97.9998168945, 98.5222625732, 99.0563278198, 99.590385437, 100.124443054, 100.646888733, 101.169342041, 101.703399658, 102.237457275, 102.759910583, 103.293968201, 103.816413879, 104.350471497, 104.884536743, 105.41859436, 105.952651978, 106.475097656, 106.997550964, 107.531608582, 108.065666199, 108.599723816, 109.133781433, 109.66784668, 110.201904297, 110.735961914, 111.270019531, 111.804077148, 112.338134766, 112.860588074, 113.383033752, 113.917098999, 114.451156616, 114.985214233, 115.519271851, 116.053329468, 116.587387085, 117.121452332, 117.655509949, 118.177955627, 118.700408936, 119.234466553, 119.76852417, 120.302581787, 120.836639404, 121.359092712, 121.881538391, 122.415596008, 122.949661255, 123.483718872, 124.017776489, 124.551834106, 125.085891724, 125.619949341, 126.154014587, 126.676460266, 127.198905945, 127.732971191, 128.267028809, 128.801086426, 129.335144043, 129.857589722, 130.3800354, 130.914108276, 131.448165894, 131.970611572, 132.504669189, 133.038726807, 133.561172485, 134.095230103, 134.62928772, 135.163360596, 135.697418213, 136.23147583, 136.765533447, 137.287979126, 137.810424805, 138.344482422, 138.878540039, 139.412597656, 139.946670532, 140.469116211, 140.99156189, 141.525619507, 142.059677124, 142.593734741, 143.127792358, 143.661849976, 144.195922852, 144.729980469, 145.264038086, 145.786483765, 146.308929443, 146.842987061, 147.377044678, 147.911102295, 148.445159912, 148.979232788, 149.513290405, 150.047348022, 150.58140564, 151.115463257, 151.649520874, 152.171966553, 152.694412231, 153.228485107, 153.762542725, 154.273376465, 154.807434082, 155.341491699, 155.875549316, 156.409606934, 156.943664551, 157.477722168, 158.011795044, 158.545852661, 159.06829834, 159.590744019, 160.124801636, 160.658859253, 161.19291687, 161.726974487, 162.261047363, 162.79510498, 163.317550659, 163.839996338, 164.374053955, 164.908111572, 165.442169189, 165.976226807, 166.510284424, 167.0443573, 167.566802979, 168.089248657, 168.623306274, 169.157363892, 169.691421509, 170.225479126, 170.747940063, 171.270385742, 171.804443359, 172.338500977, 172.860946655, 173.395004272, 173.92906189, 174.463119507, 174.985580444, 175.519638062, 176.053695679, 176.587753296, 177.121810913, 177.65586853, 178.189926147, 178.723983765, 179.258041382, 179.780502319, 180.302947998, 180.837005615, 181.371063232, 181.90512085, 182.439178467, 182.961624146, 183.484085083, 184.0181427, 184.552200317, 185.086257935, 185.620315552, 186.14276123, 186.665206909, 187.199264526, 187.733337402, 188.26739502, 188.801452637, 189.335510254, 189.869567871, 190.403625488, 190.937683105, 191.471740723, 192.00579834, 192.528244019, 193.050704956, 193.584762573, 194.11882019, 194.652877808, 195.186935425, 195.720993042, 196.243438721, 196.777496338, 197.299957275, 197.834014893, 198.36807251, 198.902130127, 199.436187744, 199.958633423, 200.481079102, 201.015136719, 201.549209595, 202.083267212, 202.628936768, 203.174606323, 203.62739563, 204.080184937, 204.532974243, 204.985748291, 205.450149536, 205.914550781, 206.378952026, 206.936233521, 207.493515015, 208.03918457, 208.584854126, 209.130523682, 209.687789917, 210.245071411, 210.802352905, 211.44090271, 212.079452515, 212.764434814, 213.449432373, 214.192474365, 214.92388916, 215.655319214], "beats_loudness": {"dmean2": 0.0350245647132, "median": 0.04354884848, "min": 0, "dvar2": 0.00150161515921, "dvar": 0.000543530390132, "dmean": 0.0230295881629, "max": 0.200376570225, "var": 0.00123573327437, "mean": 0.0456320382655}, "danceability": 1.1782566309, "bpm_histogram_second_peak_weight": {"dmean2": 0, "median": 0.0200501251966, "min": 0.0200501251966, "dvar2": 0, "dvar": 0, "dmean": 0, "max": 0.0200501251966, "var": 0, "mean": 0.0200501251966}, "beats_count": 400, "bpm_histogram_second_peak_bpm": {"dmean2": 0, "median": 94, "min": 94, "dvar2": 0, "dvar": 0, "dmean": 0, "max": 94, "var": 0, "mean": 94}, "bpm_histogram_first_peak_spread": {"dmean2": 0, "median": 0.301369845867, "min": 0.301369845867, "dvar2": 0, "dvar": 0, "dmean": 0, "max": 0.301369845867, "var": 0, "mean": 0.301369845867}, "beats_loudness_band_ratio": {"dmean2": [0.454368948936, 0.355690836906, 0.202355325222, 0.161226823926, 0.112080089748, 0.189417660236], "median": [0.336163938046, 0.223710000515, 0.11820718646, 0.0695963650942, 0.0611474364996, 0.0851145535707], "min": [0, 0, 0, 0, 0, 0], "dvar2": [0.104028232396, 0.0539174824953, 0.034787055105, 0.0269568581134, 0.00725780520588, 0.0487132817507], "dvar": [0.0364972986281, 0.0171780083328, 0.0115390243009, 0.00944454781711, 0.00252119707875, 0.0176604744047], "dmean": [0.242767587304, 0.188381716609, 0.115871734917, 0.0915064066648, 0.061804138124, 0.0992255359888], "max": [0.956190943718, 0.875920116901, 0.607950210571, 0.660147428513, 0.330360174179, 0.957824707031], "var": [0.0558424890041, 0.0297433193773, 0.0149171007797, 0.00991596933454, 0.00381921092048, 0.0152838258073], "mean": [0.398189425468, 0.246396839619, 0.154622852802, 0.0988028645515, 0.0715224519372, 0.111585438251]}}, "lowlevel": {"barkbands_spread": {"dmean2": 10.6664476395, "median": 25.059217453, "min": 0.270666092634, "dvar2": 211.612289429, "dvar": 100.405014038, "dmean": 7.0099902153, "max": 123.200126648, "var": 375.871337891, "mean": 28.3784065247}, "melbands_spread": {"dmean2": 11.5638580322, "median": 23.5176811218, "min": 0.548951625824, "dvar2": 382.754669189, "dvar": 198.872924805, "dmean": 7.5529255867, "max": 285.407806396, "var": 720.009521484, "mean": 27.9288883209}, "hfc": {"dmean2": 11.2302045822, "median": 23.8466835022, "min": 1.08360686714e-16, "dvar2": 315.625976562, "dvar": 171.966506958, "dmean": 8.3165807724, "max": 191.392547607, "var": 772.613769531, "mean": 30.2361373901}, "barkbands_kurtosis": {"dmean2": 5.40027809143, "median": 1.87616729736, "min": -1.93859577179, "dvar2": 127.156318665, "dvar": 51.4108314514, "dmean": 3.36980056763, "max": 123.582977295, "var": 131.230407715, "mean": 5.65801620483}, "gfcc": {"mean": [-16.3149776459, 67.7926635742, -86.5050811768, 17.1433982849, -54.6954612732, 19.744512558, -45.7626724243, 10.0265331268, -24.904466629, 3.58617091179, -21.0939273834, -1.88920176029, -12.0091133118], "icov": [[7.794094563e-05, -3.36757511832e-05, 0.000201547241886, -0.000109308937681, 0.000130931075546, -0.000208354307688, 0.000237440530327, -0.000309181021294, 8.506620361e-05, -0.000162021809956, 0.000334917363944, -0.000397057156079, 0.000255738123087], [-3.36757511832e-05, 0.000754131702706, 0.000119523821922, 1.72723594005e-05, -0.000372054520994, 0.000527487427462, -0.000403943064157, 0.000568972318433, 0.000410840119002, 9.02902538655e-05, -0.000547814066522, 0.0011482903501, -0.000727193313651], [0.000201547241886, 0.000119523821922, 0.00209964578971, -0.000552512181457, -0.000382510363124, -0.000366024993127, 0.000805335061159, -1.42041617437e-05, 5.5363674619e-05, 0.000720976735465, -0.000103367550764, -0.00154401489999, 0.00103607471101], [-0.000109308937681, 1.72723594005e-05, -0.000552512181457, 0.0026021215599, -0.000191784361959, 0.000102597732621, -0.000537902698852, -6.39747158857e-05, -0.0005602206802, -0.000758025445975, 0.00027457397664, -0.000837409927044, -0.000175318084075], [0.000130931075546, -0.000372054520994, -0.000382510363124, -0.000191784361959, 0.00596162630245, -0.000225042720558, -0.00140502408613, 0.000497547560371, -0.00193647900596, -0.00243156217039, -0.000422708922997, 0.000970086548477, -0.00145960983355], [-0.000208354307688, 0.000527487427462, -0.000366024993127, 0.000102597732621, -0.000225042720558, 0.00674320943654, -0.0023277499713, -0.00192047446035, 0.00165530841332, -0.000132954621222, -0.00169689231552, 0.00110218359623, 0.000199153160793], [0.000237440530327, -0.000403943064157, 0.000805335061159, -0.000537902698852, -0.00140502408613, -0.0023277499713, 0.0054049314931, -0.000927008630242, -0.000625006796326, -0.000647703185678, -0.00022637147049, -0.00333965639584, 0.00206488161348], [-0.000309181021294, 0.000568972318433, -1.42041617437e-05, -6.39747158857e-05, 0.000497547560371, -0.00192047446035, -0.000927008630242, 0.00978145748377, -0.00327439466491, -0.000333624018822, -0.0014952942729, 0.0018771950854, -0.000901262101252], [8.506620361e-05, 0.000410840119002, 5.5363674619e-05, -0.0005602206802, -0.00193647900596, 0.00165530841332, -0.000625006796326, -0.00327439466491, 0.0125461546704, -0.00419000862166, 0.00114830955863, 0.000667678483296, -0.00248914817348], [-0.000162021809956, 9.02902538655e-05, 0.000720976735465, -0.000758025445975, -0.00243156217039, -0.000132954621222, -0.000647703185678, -0.000333624018822, -0.00419000862166, 0.0168215371668, -0.00228711846285, -0.00199814978987, 0.00446626543999], [0.000334917363944, -0.000547814066522, -0.000103367550764, 0.00027457397664, -0.000422708922997, -0.00169689231552, -0.00022637147049, -0.0014952942729, 0.00114830955863, -0.00228711846285, 0.0160387847573, -0.00245567061938, 0.000266086863121], [-0.000397057156079, 0.0011482903501, -0.00154401489999, -0.000837409927044, 0.000970086548477, 0.00110218359623, -0.00333965639584, 0.0018771950854, 0.000667678483296, -0.00199814978987, -0.00245567061938, 0.0187028031796, -0.00568379508331], [0.000255738123087, -0.000727193313651, 0.00103607471101, -0.000175318084075, -0.00145960983355, 0.000199153160793, 0.00206488161348, -0.000901262101252, -0.00248914817348, 0.00446626543999, 0.000266086863121, -0.00568379508331, 0.0219165924937]], "cov": [[43023.6757812, -2278.1796875, -3170.02685547, 1205.35498047, -1513.34387207, 1310.36022949, -590.002624512, 1550.52099609, -66.7074661255, 469.47543335, -637.464416504, 434.861999512, -394.197570801], [-2278.1796875, 2017.84338379, -67.657875061, -169.650100708, 184.96937561, -226.631256104, 40.0295562744, -223.16355896, -59.1845359802, -55.8678321838, 55.1372909546, -128.215606689, 67.5491256714], [-3170.02685547, -67.657875061, 830.554199219, 43.3259658813, 113.571357727, -67.4674758911, 2.65788316727, -109.624969482, 2.25299715996, -43.3890991211, 51.1271400452, 23.0881671906, 13.711648941], [1205.35498047, -169.650100708, 43.3259658813, 521.999755859, 36.0244674683, 78.0885620117, 98.0588531494, 82.1134719849, 60.2780075073, 70.8383560181, -5.14906787872, 66.8685531616, -11.9245443344], [-1513.34387207, 184.96937561, 113.571357727, 36.0244674683, 308.763671875, -7.85388183594, 144.312454224, -26.65782547, 70.6617889404, 48.4638633728, 45.6989135742, -4.54366254807, 21.0730934143], [1310.36022949, -226.631256104, -67.4674758911, 78.0885620117, -7.85388183594, 273.643676758, 115.652305603, 117.883125305, 7.29287099838, 43.0903129578, 15.2553291321, 30.5126571655, -28.2789726257], [-590.002624512, 40.0295562744, 2.65788316727, 98.0588531494, 144.312454224, 115.652305603, 366.934783936, 49.5357475281, 57.7818641663, 64.5784301758, 49.8430175781, 43.9409713745, -10.9095239639], [1550.52099609, -223.16355896, -109.624969482, 82.1134719849, -26.65782547, 117.883125305, 49.5357475281, 205.38734436, 48.6258087158, 46.2495155334, -3.81604957581, 21.4432659149, -17.0204563141], [-66.7074661255, -59.1845359802, 2.25299715996, 60.2780075073, 70.6617889404, 7.29287099838, 57.7818641663, 48.6258087158, 126.536758423, 47.1605148315, 5.40753602982, 10.0088510513, 7.67635250092], [469.47543335, -55.8678321838, -43.3890991211, 70.8383560181, 48.4638633728, 43.0903129578, 64.5784301758, 46.2495155334, 47.1605148315, 100.14730072, 12.1781015396, 20.6002597809, -15.9181079865], [-637.464416504, 55.1372909546, 51.1271400452, -5.14906787872, 45.6989135742, 15.2553291321, 49.8430175781, -3.81604957581, 5.40753602982, 12.1781015396, 83.3714370728, 6.23388338089, 3.59855222702], [434.861999512, -128.215606689, 23.0881671906, 66.8685531616, -4.54366254807, 30.5126571655, 43.9409713745, 21.4432659149, 10.0088510513, 20.6002597809, 6.23388338089, 83.7418365479, 4.85742950439], [-394.197570801, 67.5491256714, 13.711648941, -11.9245443344, 21.0730934143, -28.2789726257, -10.9095239639, -17.0204563141, 7.67635250092, -15.9181079865, 3.59855222702, 4.85742950439, 59.04504776]]}, "spectral_energyband_middle_low": {"dmean2": 0.00685686711222, "median": 0.00939574092627, "min": 1.6132384741e-22, "dvar2": 0.000157176429639, "dvar": 6.20784485363e-05, "dmean": 0.00431345775723, "max": 0.110656611621, "var": 0.000130556349177, "mean": 0.0124832317233}, "melbands_crest": {"dmean2": 4.59148788452, "median": 11.7807273865, "min": 1.62309134007, "dvar2": 20.4592895508, "dvar": 8.65561962128, "dmean": 2.842202425, "max": 33.7777824402, "var": 23.2744464874, "mean": 12.5999221802}, "spectral_kurtosis": {"dmean2": 2.56598901749, "median": 2.78670024872, "min": -1.42045676708, "dvar2": 63.9729957581, "dvar": 32.7953109741, "dmean": 1.73021936417, "max": 213.7943573, "var": 214.820068359, "mean": 5.74165582657}, "spectral_rms": {"dmean2": 0.00132403650787, "median": 0.00467840209603, "min": 3.11936826196e-12, "dvar2": 5.36288644071e-06, "dvar": 2.22141102313e-06, "dmean": 0.000869641604368, "max": 0.0158762913197, "var": 6.33058107269e-06, "mean": 0.00471374671906}, "zerocrossingrate": {"dmean2": 0.0178586244583, "median": 0.07470703125, "min": 0.00732421875, "dvar2": 0.000476601766422, "dvar": 0.000441117590526, "dmean": 0.0155818350613, "max": 0.53466796875, "var": 0.00554403103888, "mean": 0.0899932384491}, "silence_rate_60dB": {"dmean2": 0.0218884125352, "median": 0, "min": 0, "dvar2": 0.0233354326338, "dvar": 0.0108252242208, "dmean": 0.0109430318698, "max": 1, "var": 0.109361879528, "mean": 0.12497318536}, "erbbands_kurtosis": {"dmean2": 1.64437842369, "median": 0.108631014824, "min": -1.7158229351, "dvar2": 14.8802204132, "dvar": 6.99463272095, "dmean": 1.10850846767, "max": 67.3344345093, "var": 19.8768253326, "mean": 1.38249528408}, "erbbands": {"dmean2": [0.304960161448, 2.70616698265, 5.09999132156, 4.28212594986, 10.2519512177, 11.5883779526, 8.91185474396, 13.3048915863, 13.3598566055, 19.5263957977, 21.4962520599, 31.6518135071, 35.1748886108, 18.6642780304, 16.7317733765, 19.5627536774, 23.5439395905, 29.9434509277, 25.2023696899, 26.3433132172, 15.506444931, 16.7697601318, 9.60183811188, 7.56373739243, 8.4711151123, 7.52795982361, 6.25379180908, 4.70959281921, 5.56266355515, 4.94837808609, 5.02460002899, 4.72368621826, 5.3632349968, 2.813403368, 1.33144915104, 0.835760712624, 0.250208050013, 0.0495241619647, 0.0073505975306, 0.000285758986138], "median": [0.0591433718801, 0.525046110153, 1.35293698311, 3.45109033585, 4.63266897202, 5.32584524155, 4.77330970764, 7.42339992523, 7.51420593262, 7.78237962723, 10.5963821411, 10.0962839127, 15.2623443604, 8.78000259399, 9.46844673157, 10.0185098648, 9.27110862732, 14.9994459152, 9.99540805817, 17.5243263245, 12.4706573486, 12.0480480194, 5.92439651489, 4.44915866852, 5.7261133194, 4.59658241272, 3.86755847931, 3.12144231796, 3.65975189209, 3.45623111725, 3.44270610809, 3.43691396713, 3.60175418854, 1.92594921589, 0.948838710785, 0.434395998716, 0.115813374519, 0.0174746960402, 0.000920479302295, 7.15846545063e-05], "min": [7.88201291287e-23, 5.11563750992e-22, 1.70128857874e-21, 5.01241845573e-21, 8.79328937958e-21, 1.66393050926e-20, 2.75430819894e-20, 2.77260892376e-20, 1.11448396224e-19, 2.35005346598e-19, 2.16298993087e-19, 4.26686462379e-19, 3.8204905649e-19, 3.97227329592e-19, 9.60273145932e-19, 8.55858240607e-19, 1.41841850193e-18, 2.23781906723e-18, 2.14437660933e-18, 2.81706883478e-18, 2.22123926583e-18, 3.78099088119e-18, 4.97561049851e-18, 5.90886792564e-18, 7.03776514816e-18, 8.45396866721e-18, 7.71876474851e-18, 9.13366959399e-18, 1.080585987e-17, 1.1126202933e-17, 1.00923702696e-17, 9.5677805969e-18, 8.98581354104e-18, 8.42127600786e-18, 5.78750936284e-18, 3.81488915628e-18, 2.04340660107e-18, 9.25881664399e-19, 2.48040575679e-19, 2.6747851228e-20], "dvar2": [0.862732946873, 81.6311721802, 232.942871094, 72.9819107056, 635.973205566, 649.955444336, 398.107757568, 723.168518066, 757.225585938, 2899.86499023, 3153.984375, 9513.62988281, 10074.1855469, 3837.73266602, 1509.81896973, 2974.80981445, 3490.79248047, 4427.45117188, 4042.15698242, 1987.3145752, 851.690795898, 952.963745117, 328.728942871, 238.675613403, 249.087936401, 221.66809082, 138.029129028, 80.775352478, 142.105667114, 80.7826080322, 103.321388245, 90.0680770874, 115.054039001, 37.4512901306, 5.65526771545, 2.81374526024, 0.310691982508, 0.0157858561724, 0.000584456312936, 9.75477746579e-07], "dvar": [0.34903088212, 28.6265163422, 81.0600967407, 26.1694145203, 234.819519043, 246.518478394, 161.781661987, 273.501068115, 315.869232178, 1330.07067871, 1612.17297363, 4433.33349609, 4800.61621094, 1961.27197266, 837.307189941, 1554.52636719, 1783.39868164, 1987.55322266, 2028.14306641, 831.516357422, 360.137390137, 403.174865723, 143.879592896, 100.147857666, 113.042808533, 96.6062545776, 63.7197723389, 38.3797111511, 67.2755966187, 41.209022522, 52.8886032104, 45.5719337463, 56.7648925781, 18.7781429291, 2.79189038277, 1.28764176369, 0.142616480589, 0.00771828042343, 0.000250971206697, 3.99316007815e-07], "dmean": [0.186061367393, 1.47306132317, 2.80570435524, 2.47597026825, 5.9677772522, 6.88397836685, 5.53901290894, 8.02357387543, 8.34964179993, 12.7742834091, 14.6222677231, 21.5457572937, 24.0653934479, 13.4606590271, 11.7004137039, 13.1342468262, 15.7438459396, 19.8040714264, 17.2969589233, 16.674331665, 9.74305343628, 10.6079807281, 6.24554109573, 4.77562665939, 5.53826856613, 4.92358160019, 4.17753458023, 3.18759131432, 3.91784000397, 3.5117816925, 3.52864670753, 3.32303452492, 3.64566230774, 1.93409144878, 0.931086838245, 0.585844874382, 0.178544148803, 0.0356491543353, 0.00464668497443, 0.000181011680979], "max": [6.09472560883, 45.3252944946, 91.3165130615, 91.8922653198, 246.85333252, 214.83026123, 286.734588623, 320.055175781, 371.304870605, 744.98614502, 957.030883789, 1435.1784668, 2117.92626953, 1527.83789062, 846.250793457, 1151.90539551, 1509.73132324, 1034.82519531, 999.527587891, 519.614440918, 410.252471924, 405.840301514, 205.37638855, 158.365982056, 340.919891357, 207.36819458, 157.504379272, 98.630859375, 325.043884277, 116.944313049, 149.268676758, 180.310836792, 170.180282593, 98.9072799683, 37.9789276123, 12.6959705353, 9.01753234863, 2.28507828712, 0.390818655491, 0.0132817365229], "var": [0.307796299458, 17.2935619354, 53.5148124695, 33.9531517029, 211.60546875, 300.416778564, 333.265045166, 485.303222656, 912.348632812, 5143.97216797, 5652.5234375, 19405.203125, 15566.7695312, 9291.5, 4201.80615234, 5557.23730469, 6547.60449219, 6521.25292969, 5778.72802734, 2495.25244141, 1123.45397949, 1389.33081055, 352.316894531, 179.913024902, 416.890411377, 296.056945801, 159.401428223, 91.3675079346, 198.057266235, 125.264938354, 148.469406128, 134.526412964, 170.399978638, 52.3519325256, 7.8730096817, 2.3815510273, 0.285209834576, 0.0155792580917, 0.000361031357897, 4.87392242121e-07], "mean": [0.196166545153, 1.31842088699, 3.05816602707, 4.74627447128, 8.52837467194, 10.7292480469, 10.1443338394, 14.5731649399, 17.8255939484, 29.9566421509, 34.4563179016, 54.0887870789, 55.2036514282, 32.1153335571, 27.9721775055, 28.5932807922, 35.1101036072, 42.1163520813, 37.8727874756, 34.7039451599, 23.0049762726, 25.5668296814, 13.0983734131, 9.15268611908, 12.6798810959, 10.8018360138, 8.38862991333, 6.51064682007, 8.30993270874, 7.75606775284, 7.62223339081, 7.27782392502, 8.05041885376, 4.2204656601, 1.94557547569, 1.02056026459, 0.31652328372, 0.0608935989439, 0.00586872408167, 0.000242561363848]}, "spectral_strongpeak": {"dmean2": 0.832118391991, "median": 0.462330818176, "min": 0, "dvar2": 1.58294713497, "dvar": 0.682678043842, "dmean": 0.502163946629, "max": 8.94198513031, "var": 1.97961688042, "mean": 1.13948476315}, "spectral_energy": {"dmean2": 0.019705908373, "median": 0.0224346294999, "min": 9.97372054234e-21, "dvar2": 0.00195493339561, "dvar": 0.000755386019591, "dmean": 0.0123001141474, "max": 0.258358061314, "var": 0.000929007714149, "mean": 0.0292637310922}, "average_loudness": 0.857908427715, "spectral_rolloff": {"dmean2": 1118.64453125, "median": 1335.05859375, "min": 64.599609375, "dvar2": 4414844, "dvar": 2115746.25, "dmean": 676.442504883, "max": 19681.3476562, "var": 9107247, "mean": 2149.79833984}, "spectral_centroid": {"dmean2": 329.393676758, "median": 1214.14404297, "min": 194.681900024, "dvar2": 199329, "dvar": 104704.96875, "dmean": 216.253158569, "max": 11704.0068359, "var": 1775832.875, "mean": 1378.24475098}, "pitch_salience": {"dmean2": 0.102901704609, "median": 0.582033276558, "min": 0.143625169992, "dvar2": 0.0115256020799, "dvar": 0.00445571262389, "dmean": 0.0635906606913, "max": 0.975698530674, "var": 0.0109820282087, "mean": 0.575582683086}, "spectral_energyband_middle_high": {"dmean2": 0.00234133773483, "median": 0.003298105672, "min": 9.11166808734e-22, "dvar2": 1.53811379278e-05, "dvar": 8.05724539532e-06, "dmean": 0.00165532657411, "max": 0.0632111802697, "var": 4.92228427902e-05, "mean": 0.00605825101957}, "spectral_contrast_coeffs": {"dmean2": [0.0764646530151, 0.0679604783654, 0.0545848682523, 0.0449134483933, 0.0323286391795, 0.0272945202887], "median": [-0.660444378853, -0.711631953716, -0.755641996861, -0.768215715885, -0.795081138611, -0.797581613064], "min": [-0.980099260807, -0.982470095158, -0.985318422318, -0.971238791943, -0.968348026276, -0.965333044529], "dvar2": [0.00502390041947, 0.00339166587219, 0.00202818727121, 0.00139335740823, 0.000734502857085, 0.000653823721223], "dvar": [0.00189667113591, 0.00132848077919, 0.000937241653446, 0.000614850257989, 0.000319560262142, 0.000282382301521], "dmean": [0.0459712184966, 0.0417804457247, 0.0353070646524, 0.02869784832, 0.0204866081476, 0.0170542858541], "max": [-0.244205921888, -0.433396458626, -0.44547945261, -0.553390324116, -0.597486555576, -0.636057674885], "var": [0.0108347088099, 0.00659445533529, 0.00723637687042, 0.00443175900728, 0.00248853233643, 0.00190347642638], "mean": [-0.643790781498, -0.710810482502, -0.746487617493, -0.765423715115, -0.793705463409, -0.80056065321]}, "melbands_skewness": {"dmean2": 1.15358889103, "median": 2.42366099358, "min": -1.75123155117, "dvar2": 2.93582510948, "dvar": 1.1513171196, "dmean": 0.72965490818, "max": 15.5150918961, "var": 2.93790149689, "mean": 2.68294453621}, "spectral_spread": {"dmean2": 1066414.625, "median": 6556997.5, "min": 468593.90625, "dvar2": 2012816343040.0, "dvar": 1039716515840.0, "dmean": 735925.125, "max": 42743448, "var": 21230235156500.0, "mean": 7092505.5}, "dissonance": {"dmean2": 0.0317731127143, "median": 0.464869201183, "min": 0.164749026299, "dvar2": 0.00107643159572, "dvar": 0.000431019085227, "dmean": 0.0193711332977, "max": 0.500000059605, "var": 0.00150280212983, "mean": 0.454262882471}, "spectral_skewness": {"dmean2": 0.299047887325, "median": 1.54650604725, "min": -0.223582729697, "dvar2": 0.261151731014, "dvar": 0.140890821815, "dmean": 0.208955809474, "max": 12.1743774414, "var": 1.27042782307, "mean": 1.74505257607}, "spectral_flux": {"dmean2": 0.0438417643309, "median": 0.0659863948822, "min": 6.36385596997e-11, "dvar2": 0.00387807819061, "dvar": 0.00210739159957, "dmean": 0.0289094932377, "max": 0.442468374968, "var": 0.00477203633636, "mean": 0.0818253457546}, "spectral_contrast_valleys": {"dmean2": [0.554860413074, 0.542112767696, 0.477524399757, 0.444426983595, 0.38024070859, 0.342742353678], "median": [-6.8207988739, -6.73499011993, -7.26672124863, -7.55398368835, -7.52654504776, -9.21279716492], "min": [-27.9674301147, -28.1912879944, -27.8178710938, -27.77161026, -27.5261650085, -27.4088134766], "dvar2": [0.25967746973, 0.255077838898, 0.185152575374, 0.184297800064, 0.193035930395, 0.181526988745], "dvar": [0.11188788712, 0.118505954742, 0.102651529014, 0.11135469377, 0.116927824914, 0.118787258863], "dmean": [0.339897066355, 0.338402032852, 0.309245944023, 0.305096447468, 0.273793369532, 0.27159550786], "max": [-5.05490350723, -4.79245185852, -5.37684297562, -5.56566429138, -5.61441373825, -7.56703996658], "var": [7.96310806274, 7.57254934311, 7.41721343994, 7.61739349365, 8.13575267792, 7.59770059586], "mean": [-7.65363121033, -7.3258805275, -7.9299030304, -8.26859760284, -8.29733181, -10.0245351791]}, "erbbands_flatness_db": {"dmean2": 0.020398972556, "median": 0.118766665459, "min": 0.0325777120888, "dvar2": 0.000515092746355, "dvar": 0.000258338404819, "dmean": 0.0145735107362, "max": 0.43198120594, "var": 0.00321375229396, "mean": 0.130310624838}, "spectral_energyband_high": {"dmean2": 0.000860670814291, "median": 0.00101637444459, "min": 6.99021982114e-21, "dvar2": 2.1285600269e-06, "dvar": 1.23128120322e-06, "dmean": 0.000658098666463, "max": 0.01701753214, "var": 4.72067767987e-06, "mean": 0.00176629039925}, "spectral_entropy": {"dmean2": 0.222799986601, "median": 7.8123626709, "min": 4.15524482727, "dvar2": 0.077326439321, "dvar": 0.0456220172346, "dmean": 0.16476790607, "max": 9.82291221619, "var": 0.55059492588, "mean": 7.67576789856}, "silence_rate_20dB": {"dmean2": 0, "median": 1, "min": 1, "dvar2": 0, "dvar": 0, "dmean": 0, "max": 1, "var": 0, "mean": 1}, "melbands_flatness_db": {"dmean2": 0.0371393151581, "median": 0.163366496563, "min": 0.00294705783017, "dvar2": 0.00214454857633, "dvar": 0.000952394562773, "dmean": 0.0248171910644, "max": 0.625692427158, "var": 0.00887424126267, "mean": 0.189523741603}, "barkbands": {"dmean2": [0.000645026681013, 0.0112395389006, 0.00389591348357, 0.00154201034456, 0.00353486719541, 0.00154827407096, 0.000947686727159, 0.00102239148691, 0.00137055059895, 0.000970805762336, 0.000459758710349, 0.000466831668746, 0.000522897811607, 0.00060050067259, 0.000536328821909, 0.000317244004691, 0.000339904654538, 0.00018404959701, 0.00015359603276, 0.000167146063177, 0.00013676888193, 0.000146488877363, 0.000171360603417, 0.00027575501008, 0.000212149941945, 0.00015630555572, 3.84571358154e-05], "median": [8.74330435181e-05, 0.00231250748038, 0.00134459591936, 0.00105332396924, 0.00174474157393, 0.000864885339979, 0.00043866148917, 0.000392367946915, 0.000367439177353, 0.000347811524989, 0.000167472564499, 0.000191213010112, 0.0001597442606, 0.000249146774877, 0.000267794792308, 0.00019201496616, 0.00023249410151, 9.04954576981e-05, 9.5438605058e-05, 9.86687809927e-05, 8.6754836957e-05, 0.00010279014532, 0.000121138094983, 0.000204226875212, 0.000159473711392, 7.71664199419e-05, 5.49805872652e-06], "min": [1.63692138404e-25, 2.1567330931e-24, 9.402364104e-25, 6.52018535195e-25, 7.40482590259e-24, 3.63492432313e-24, 8.53271082588e-24, 7.36704893156e-24, 1.80705172197e-23, 9.30160013956e-24, 7.79867259813e-24, 1.90029192552e-23, 2.71675712486e-23, 2.71039575052e-23, 4.41278061872e-23, 3.86174265931e-23, 6.423678574e-23, 7.32650084994e-23, 1.32784904586e-22, 1.93701172828e-22, 2.49114019228e-22, 3.02585813418e-22, 3.484114376e-22, 5.03489500881e-22, 7.04579611952e-22, 1.31651822647e-21, 1.93253281587e-21], "dvar2": [2.94893629871e-06, 0.00133388920221, 0.000113807982416, 8.82617041498e-06, 7.09330925019e-05, 9.47572971199e-06, 4.75978686154e-06, 6.23111554887e-06, 1.3062650396e-05, 7.34736067898e-06, 1.60378192504e-06, 1.84801137948e-06, 1.57852184657e-06, 1.81124755727e-06, 1.30236605855e-06, 3.53407756393e-07, 3.32541503667e-07, 1.28276681721e-07, 8.49413765991e-08, 9.71536735506e-08, 6.49040927669e-08, 8.28364292715e-08, 1.04328869099e-07, 2.88446841523e-07, 1.60039022035e-07, 1.02293086002e-07, 1.4666328596e-08], "dvar": [1.37581434956e-06, 0.000488240475534, 3.96830655518e-05, 3.12666975333e-06, 2.6779505788e-05, 3.60273111255e-06, 2.08024516724e-06, 3.24759116666e-06, 6.28044745099e-06, 3.62872810911e-06, 8.14819372863e-07, 9.38409584705e-07, 7.68169172716e-07, 8.21542300855e-07, 6.30642261967e-07, 1.51808933424e-07, 1.39622059692e-07, 5.50831735779e-08, 3.70840034236e-08, 4.34275655437e-08, 3.01604110575e-08, 4.19321928291e-08, 5.4005475647e-08, 1.45312625932e-07, 8.21501231485e-08, 4.72881822589e-08, 6.48962839023e-09], "dmean": [0.000412477063946, 0.0064542661421, 0.00217820587568, 0.000900336191989, 0.00209856056608, 0.00093916762853, 0.000611043185927, 0.000686703773681, 0.000925124448258, 0.000673871836625, 0.000316283782013, 0.000312600895995, 0.000342930288753, 0.000395337498048, 0.000358616700396, 0.000200035035959, 0.000213839652133, 0.000118099320389, 9.90534535958e-05, 0.000109120010165, 9.18259611353e-05, 0.00010452659626, 0.000121083576232, 0.000190427177586, 0.000146383885294, 0.000111492059659, 2.49733948294e-05], "max": [0.0169427040964, 0.183743923903, 0.0805120617151, 0.031478445977, 0.0722230151296, 0.0349264554679, 0.0312234908342, 0.0355755202472, 0.0508008338511, 0.0569175109267, 0.0359849967062, 0.0239728372544, 0.0277071520686, 0.017839377746, 0.0160355176777, 0.00747404899448, 0.00741510372609, 0.0041742878966, 0.00394095759839, 0.00378592824563, 0.00285240123048, 0.00661589996889, 0.00383828696795, 0.0078964214772, 0.00636179605499, 0.00337946345098, 0.00201527541503], "var": [1.54056169777e-06, 0.000340542203048, 2.97730730381e-05, 4.57208261651e-06, 2.68771618721e-05, 6.42506165605e-06, 7.25077916286e-06, 1.08272579382e-05, 2.84924244625e-05, 1.40450365507e-05, 3.31794672093e-06, 2.88925184577e-06, 2.68219537247e-06, 2.54001906796e-06, 2.02045043807e-06, 3.83706719731e-07, 4.60494362642e-07, 1.10119387386e-07, 1.0242889914e-07, 1.296345431e-07, 7.0870584068e-08, 1.3206299343e-07, 1.60892668077e-07, 4.57316247093e-07, 2.43850820425e-07, 9.39298132607e-08, 9.98409177555e-09], "mean": [0.000446931546321, 0.0062315473333, 0.00266523333266, 0.00164670345839, 0.00321285426617, 0.0017112599453, 0.00140669418033, 0.00145452690776, 0.00224903179333, 0.00148863706272, 0.0006801643176, 0.00060451606987, 0.000712916895282, 0.00080358813284, 0.00075496849604, 0.000398030708311, 0.000483890878968, 0.000208929166547, 0.000207445438718, 0.000235037237871, 0.000181076364242, 0.000230190373259, 0.