{"tonal": {"thpcp": [1, 0.97917586565, 0.546089231968, 0.356881529093, 0.352909177542, 0.421075105667, 0.632397592068, 0.729728162289, 0.557004511356, 0.463884860277, 0.424043804407, 0.349499255419, 0.395829290152, 0.430913597345, 0.40389546752, 0.593527197838, 0.704303443432, 0.46792909503, 0.312135726213, 0.339787751436, 0.55384105444, 0.929895758629, 0.869451701641, 0.439368635416, 0.256101757288, 0.214131325483, 0.215063542128, 0.451001256704, 0.559058427811, 0.359835207462, 0.327467650175, 0.362712085247, 0.276356369257, 0.273726016283, 0.338162958622, 0.561039566994], "hpcp": {"dmean2": [0.229381427169, 0.216207146645, 0.232126861811, 0.275871694088, 0.306623786688, 0.269849866629, 0.256266027689, 0.241601631045, 0.222757399082, 0.217062160373, 0.2189309448, 0.226884901524, 0.259759604931, 0.276425033808, 0.245135828853, 0.201639488339, 0.19910274446, 0.241372972727, 0.311448931694, 0.30451887846, 0.208409592509, 0.164794519544, 0.131639018655, 0.124793857336, 0.190061062574, 0.235137432814, 0.182207047939, 0.175820484757, 0.185596883297, 0.157562807202, 0.15375842154, 0.180556595325, 0.239464104176, 0.313063412905, 0.339090585709, 0.285881787539], "median": [0.0539950579405, 0.0494929216802, 0.0615154206753, 0.112172551453, 0.136379510164, 0.103865034878, 0.0668102502823, 0.0588377788663, 0.0534823648632, 0.0733431652188, 0.077188372612, 0.0707965344191, 0.106429487467, 0.129608392715, 0.085570499301, 0.0416446998715, 0.0421805903316, 0.115972444415, 0.229474499822, 0.208472013474, 0.0819402188063, 0.0372457280755, 0.0298491735011, 0.0367926284671, 0.0853828042746, 0.101106494665, 0.068000420928, 0.0480253621936, 0.0492406375706, 0.0426968634129, 0.0451321043074, 0.0569484122097, 0.108033426106, 0.235766530037, 0.247291639447, 0.122864961624], "min": [0, 0, 0, 0, 0, 0, 0, 0, 0, 0, 0, 0, 0, 0, 0, 0, 0, 0, 0, 0, 0, 0, 0, 0, 0, 0, 0, 0, 0, 0, 0, 0, 0, 0, 0, 0], "dvar2": [0.101361945271, 0.0943215638399, 0.102448217571, 0.110961914063, 0.11979739368, 0.113547347486, 0.118483640254, 0.108176141977, 0.109485469759, 0.0934437289834, 0.089248277247, 0.101428754628, 0.106432713568, 0.114803671837, 0.108399756253, 0.087629660964, 0.0791891217232, 0.0853460431099, 0.11136341095, 0.1110515818, 0.0809977650642, 0.077934756875, 0.0485137887299, 0.0432547405362, 0.0607102103531, 0.0859764069319, 0.0562252700329, 0.0688810870051, 0.0746110528708, 0.0647156462073, 0.0596627965569, 0.071339815855, 0.0826768949628, 0.11178342253, 0.113524660468, 0.112313240767], "dvar": [0.0384379439056, 0.0373255684972, 0.0410292185843, 0.0444048047066, 0.0499355345964, 0.0448729917407, 0.0458624660969, 0.0417931638658, 0.0413121394813, 0.0356412790716, 0.0350091904402, 0.0380576141179, 0.0404582172632, 0.0463553182781, 0.042019367218, 0.03328287974, 0.0307220667601, 0.0340619534254, 0.0477449670434, 0.0448016114533, 0.0324725881219, 0.0297718383372, 0.0191206410527, 0.0158833265305, 0.0255993083119, 0.0371260084212, 0.0218099467456, 0.0274434648454, 0.028994942084, 0.0233772359788, 0.0219992510974, 0.0264303907752, 0.0317549854517, 0.0495227500796, 0.0487928725779, 0.042538318783], "dmean": [0.129967585206, 0.125241592526, 0.135556742549, 0.163688391447, 0.181753546, 0.159960523248, 0.149065569043, 0.13972170651, 0.127152428031, 0.127214312553, 0.13111628592, 0.132150128484, 0.152311652899, 0.165249109268, 0.142640098929, 0.114968918264, 0.114562861621, 0.144495233893, 0.189556255937, 0.185943186283, 0.123378112912, 0.0950444489717, 0.0765355154872, 0.0718061029911, 0.114226423204, 0.141241341829, 0.108037211001, 0.103755801916, 0.110625907779, 0.0912246704102, 0.088488407433, 0.105879560113, 0.142514377832, 0.189786747098, 0.206502020359, 0.167646661401], "max": [1, 1, 1, 1, 1, 1, 1, 1, 1, 1, 1, 1, 1, 1, 1, 1, 1, 1, 1, 1, 1, 1, 1, 1, 1, 1, 1, 1, 1, 1, 1, 1, 1, 1, 1, 1], "var": [0.0384365878999, 0.0403860844672, 0.05177731812, 0.0763038098812, 0.0941726267338, 0.0621726848185, 0.0608709640801, 0.0540437698364, 0.0407645888627, 0.0396539457142, 0.0466707833111, 0.0424687638879, 0.0679264068604, 0.0917395800352, 0.0502890981734, 0.033427208662, 0.0363649986684, 0.0537789352238, 0.107260562479, 0.0967662185431, 0.0438563264906, 0.0267320685089, 0.019180290401, 0.0149743687361, 0.0456190519035, 0.0693967267871, 0.0272727180272, 0.0341884754598, 0.0404944680631, 0.0234251618385, 0.02334250696, 0.0311167351902, 0.0593855269253, 0.125239178538, 0.108519919217, 0.0510039776564], "mean": [0.132889270782, 0.131410121918, 0.156792551279, 0.235481113195, 0.271723359823, 0.207407563925, 0.172733291984, 0.157897979021, 0.130140393972, 0.147391960025, 0.160456031561, 0.15039549768, 0.221007227898, 0.262256145477, 0.174239218235, 0.11622761935, 0.126524195075, 0.206229612231, 0.346258252859, 0.323751151562, 0.1636043787, 0.0953626707196, 0.0797344595194, 0.0800815820694, 0.167935922742, 0.208172366023, 0.133989110589, 0.121936649084, 0.135060355067, 0.102904729545, 0.101925291121, 0.125919178128, 0.208910062909, 0.372362434864, 0.364608317614, 0.203343108296]}, "tuning_equal_tempered_deviation": 0.232436522841, "chords_changes_rate": 0.0776014104486, "key_key": "G#", "tuning_diatonic_strength": 0.661291897297, "key_scale": "major", "chords_number_rate": 0.00529100513086, "tuning_frequency": 456.04309082, "tuning_nontempered_energy_ratio": 0.900785326958, "chords_histogram": [24.1034679413, 0, 14.1093473434, 0.352733671665, 0, 0, 0, 0, 0, 0, 0, 0, 0, 0, 0, 2.41034674644, 0, 14.8736038208, 0.176366835833, 7.58377408981, 5.82010602951, 4.87948274612, 22.163433075, 3.52733683586], "key_strength": 0.772917568684, "chords_key": "G#", "chords_strength": {"dmean2": 0.0122677236795, "median": 0.504851579666, "min": 0.28941732645, "dvar2": 0.00011199182336, "dvar": 8.2960621512e-05, "dmean": 0.0111316572875, "max": 0.767077386379, "var": 0.00752472504973, "mean": 0.514388084412}, "chords_scale": "major", "hpcp_entropy": {"dmean2": 1.11357522011, "median": 2.28825306892, "min": 0, "dvar2": 0.807431578636, "dvar": 0.308259159327, "dmean": 0.672700464725, "max": 4.38088130951, "var": 0.658455371857, "mean": 2.23018479347}}, "metadata": {"audio_properties": {"equal_loudness": 0, "codec": "aac", "downmix": "mix", "sample_rate": 44100, "analysis_sample_rate": 44100, "bit_rate": 262561, "md5_encoded": "865eea29ea528365240e65159d7de9f1", "length": 78.9246292114, "replay_gain": -7.2214050293, "lossless": false}, "version": {"essentia_build_sha": "2d9f1f26377add8aeb1075a9c2973f962c4f09fd", "essentia": "2.1-beta2", "extractor": "music 1.0", "essentia_git_sha": "v2.1_beta2-1-ge3940c0"}, "tags": {"title": ["Manchester England"], "barcode": ["07863511502"], "media": ["CD"], "language": ["English"], "musicbrainz_recordingid": ["14faf2e6-defb-4e7e-bb1b-999289287047"], "artistsort": ["MacDermot, Galt"], "musicbrainz_albumartistid": ["479e16b4-2b26-40d1-ba65-9ce5ea8ae6a6"], "lyricist": ["James Rado"], "discnumber": ["1/1"], "bpm": ["0"], "catalognumber": ["1150-2-RC"], "file_name": "Galt MacDermot - Manchester England.m4a", "artist": ["Galt MacDermot"], "date": ["1968"], "genre": ["Pop rock"], "musicbrainz_albumid": ["85be384a-34bd-4ea2-8749-ea7b6dbe3c17"], "album": ["Hair: The American Tribal Love-Rock Musical"], "musicbrainz_artistid": ["479e16b4-2b26-40d1-ba65-9ce5ea8ae6a6"], "grouping": ["Pop rock,Rock_psychedelic rock_pop rock,Musical,Pop,Psychedelic Rock,Rock"], "tracknumber": ["6/32"], "encodedby": ["iTunes 11.0.1.12"], "composer": ["Galt MacDermot"], "composersort": ["MacDermot, Galt"], "label": ["RCA Victor"], "albumartistsort": ["MacDermot, Galt"], "script": ["Latin"], "musicbrainz_releasegroupid": ["f6c4afe7-1323-3ff3-8cdc-571161f6588f"]}}, "rhythm": {"bpm_histogram_first_peak_bpm": {"dmean2": 0, "median": 126, "min": 126, "dvar2": 0, "dvar": 0, "dmean": 0, "max": 126, "var": 0, "mean": 126}, "bpm": 126.78981781, "bpm_histogram_second_peak_spread": {"dmean2": 0, "median": 0, "min": 0, "dvar2": 0, "dvar": 0, "dmean": 0, "max": 0, "var": 0, "mean": 0}, "bpm_histogram_first_peak_weight": {"dmean2": 0, "median": 0.579268276691, "min": 0.579268276691, "dvar2": 0, "dvar": 0, "dmean": 0, "max": 0.579268276691, "var": 0, "mean": 0.579268276691}, "onset_rate": 3.20511865616, "beats_position": [0.522448956966, 1.05650794506, 1.59056687355, 2.12462592125, 2.62385487556, 3.11147379875, 3.59909296036, 4.08671188354, 4.5627207756, 5.0387301445, 5.51473903656, 5.99074840546, 6.46675729752, 6.94276618958, 7.41877555847, 7.89478445053, 8.35918331146, 8.83519268036, 9.31120204926, 9.77560043335, 10.2399997711, 10.71600914, 11.1804075241, 11.656416893, 12.1208162308, 12.5852155685, 13.0496139526, 13.5256233215, 13.9900226593, 14.4660310745, 14.9304304123, 15.4064397812, 15.8824491501, 16.3468475342, 16.8112468719, 17.2756462097, 17.7400455475, 18.2044448853, 18.6688423157, 19.1332416534, 19.5976409912, 20.062040329, 20.5380496979, 21.0140590668, 21.4784584045, 21.942855835, 22.4188652039, 22.8832645416, 23.3476638794, 23.8236732483, 24.2880725861, 24.7524719238, 25.2284793854, 25.7044887543, 26.1804981232, 26.6565074921, 27.132516861, 27.6085262299, 28.0845336914, 28.5605430603, 29.0365524292, 29.5125617981, 29.9769611359, 30.4529705048, 30.9289798737, 31.3933773041, 31.8577766418, 32.3337860107, 32.8097953796, 33.2858047485, 33.7618141174, 34.2378234863, 34.7138328552, 35.1898422241, 35.6658477783, 36.1418571472, 36.6294784546, 37.1054878235, 37.5698852539, 38.034286499, 38.4986839294, 38.9863014221, 39.4739227295, 39.9499320984, 40.4259414673, 40.91355896, 41.3895683289, 41.8655776978, 42.3531951904, 42.8408164978, 43.3168258667, 43.7928352356, 44.2688446045, 44.7448501587, 45.2208595276, 45.6968688965, 46.1728782654, 46.6488876343, 47.1248970032, 47.6009063721, 48.076915741, 48.5529251099, 49.0173225403, 49.4933319092, 49.9693412781, 50.445350647, 50.9097480774, 51.3741493225, 51.8501586914, 52.3145561218, 52.7905654907, 53.2549667358, 53.73097229, 54.2185935974, 54.6946029663, 55.1706123352, 55.6350097656, 56.1110191345, 56.5870285034, 57.0630378723, 57.550655365, 58.0266647339, 58.5026741028, 58.9670753479, 59.4430847168, 59.919090271, 60.3950996399, 60.8711090088, 61.3471183777, 61.8231277466, 62.2991371155, 62.7635345459, 63.2395439148, 63.7155532837, 64.1799545288, 64.6443557739, 65.1319732666, 65.5963668823, 66.0607681274, 66.5251693726, 66.9895706177, 67.4539642334, 67.9183654785, 68.3943786621, 68.8703842163, 69.3463897705, 69.8107910156, 70.2751922607, 70.7511978149, 71.2155990601, 71.6916122437, 72.1676177979, 72.6552352905, 73.1312484741, 73.6072540283, 74.0716552734, 74.5476608276, 75.0236740112, 75.488067627, 75.9640808105, 76.4400863647, 76.9277114868, 77.403717041, 77.8797302246, 78.3557357788], "beats_loudness": {"dmean2": 0.0243756324053, "median": 0.0303558725864, "min": 2.39678565883e-09, "dvar2": 0.000304367684294, "dvar": 0.000105584971607, "dmean": 0.0134442504495, "max": 0.0842238739133, "var": 0.000160194802447, "mean": 0.0301316268742}, "danceability": 1.24656140804, "bpm_histogram_second_peak_weight": {"dmean2": 0, "median": 0.0182926822454, "min": 0.0182926822454, "dvar2": 0, "dvar": 0, "dmean": 0, "max": 0.0182926822454, "var": 0, "mean": 0.0182926822454}, "beats_count": 165, "bpm_histogram_second_peak_bpm": {"dmean2": 0, "median": 112, "min": 112, "dvar2": 0, "dvar": 0, "dmean": 0, "max": 112, "var": 0, "mean": 112}, "bpm_histogram_first_peak_spread": {"dmean2": 0, "median": 0.40625, "min": 0.40625, "dvar2": 0, "dvar": 0, "dmean": 0, "max": 0.40625, "var": 0, "mean": 0.40625}, "beats_loudness_band_ratio": {"dmean2": [0.277927786112, 0.242720603943, 0.272016644478, 0.257291704416, 0.137603759766, 0.0592192299664], "median": [0.124585658312, 0.1866864115, 0.181888416409, 0.143790483475, 0.157879814506, 0.0748513042927], "min": [0.00994230434299, 0.0227542910725, 0.012628368102, 0.00232434505597, 0.000270346208708, 2.65884100372e-05], "dvar2": [0.0486840605736, 0.02881436795, 0.0373866595328, 0.0459422729909, 0.0135222524405, 0.00170900812373], "dvar": [0.0162771381438, 0.0110597964376, 0.012741853483, 0.0174619853497, 0.00445272633806, 0.000649602676276], "dmean": [0.143540561199, 0.139261260629, 0.157106295228, 0.148568093777, 0.0822555869818, 0.0346004925668], "max": [0.761453151703, 0.632331371307, 0.696671187878, 0.647148430347, 0.53309738636, 0.213696241379], "var": [0.0224432088435, 0.0188370086253, 0.0185669288039, 0.0217582434416, 0.00927930790931, 0.00175083638169], "mean": [0.181093081832, 0.211356878281, 0.19652582705, 0.196473881602, 0.174380376935, 0.0811606124043]}}, "lowlevel": {"barkbands_spread": {"dmean2": 7.32373285294, "median": 24.87134552, "min": 0.738901019096, "dvar2": 63.7938461304, "dvar": 29.4586162567, "dmean": 4.81886005402, "max": 76.8012237549, "var": 131.94203186, "mean": 25.2795143127}, "melbands_spread": {"dmean2": 11.2118930817, "median": 32.1521606445, "min": 0.713287651539, "dvar2": 148.75151062, "dvar": 65.9507598877, "dmean": 7.26363801956, "max": 156.434204102, "var": 333.168487549, "mean": 33.38804245}, "hfc": {"dmean2": 6.23809194565, "median": 15.9916086197, "min": 1.21444222315e-16, "dvar2": 56.124420166, "dvar": 33.2051010132, "dmean": 4.84367513657, "max": 110.800514221, "var": 293.581817627, "mean": 20.3454494476}, "barkbands_kurtosis": {"dmean2": 2.27513980865, "median": -0.0452864058316, "min": -1.84018754959, "dvar2": 16.5414447784, "dvar": 8.61299133301, "dmean": 1.51363217831, "max": 64.4481124878, "var": 33.0132713318, "mean": 1.77527534962}, "gfcc": {"mean": [-14.3970489502, 87.8561553955, -141.421142578, 39.7605018616, -62.8676300049, 13.7063961029, -47.9042739868, 4.00105714798, -29.605222702, -2.31805443764, -18.3990516663, -5.5988907814, -9.05928897858], "icov": [[0.000311450246954, -0.000798765278887, 0.000880383944605, -0.00069103052374, 0.000979374279268, -0.000612535397522, 0.000577069353312, -0.000746451318264, 0.000693903828505, -0.000860474596266, 0.00111697916873, -0.00108500837814, 0.000631847244222], [-0.000798765278887, 0.00510951504111, -0.00321453460492, 0.00260981288739, -0.00441444339231, 0.0032561190892, -0.00341101642698, 0.00399469630793, -0.00365188950673, 0.00432569021359, -0.00410667806864, 0.00508479354903, -0.00248464639299], [0.000880383944605, -0.00321453460492, 0.00441543245688, -0.00258047087118, 0.00313997990452, -0.00231148069724, 0.00194542109966, -0.00190308131278, 0.000983107369393, -0.00244046491571, 0.0046204184182, -0.00509142456576, 0.00319766439497], [-0.00069103052374, 0.00260981288739, -0.00258047087118, 0.00640658149496, -0.00477022770792, 0.00166725600138, 0.000742428412195, -3.06995534629e-05, -0.00143913214561, 0.00289443414658, -0.00379767641425, 0.00439361203462, -0.00286768539809], [0.000979374279268, -0.00441444339231, 0.00313997990452, -0.00477022770792, 0.0100760394707, -0.00423111254349, 0.00144267780706, -0.000922411272768, 0.0016274235677, -0.00449776463211, 0.00392900826409, -0.00360383023508, 0.000305901339743], [-0.000612535397522, 0.0032561190892, -0.00231148069724, 0.00166725600138, -0.00423111254349, 0.00856976024806, -0.00407098140568, 0.00168181024492, 0.00157625763677, 0.000288881594315, 0.000556366052479, 0.00169332267251, 0.000520517467521], [0.000577069353312, -0.00341101642698, 0.00194542109966, 0.000742428412195, 0.00144267780706, -0.00407098140568, 0.00956239923835, -0.00571862747893, 0.00334892258979, -0.000785287469625, 0.000926751585212, -0.00137404783163, -0.0002335038007], [-0.000746451318264, 0.00399469630793, -0.00190308131278, -3.06995534629e-05, -0.000922411272768, 0.00168181024492, -0.00571862747893, 0.0154445767403, -0.00797880068421, 0.00173949915916, -0.0007479537162, 0.000842017121613, 0.00235757604241], [0.000693903828505, -0.00365188950673, 0.000983107369393, -0.00143913214561, 0.0016274235677, 0.00157625763677, 0.00334892258979, -0.00797880068421, 0.0202638916671, -0.00855532288551, 0.0035853383597, -0.00111421826296, 9.3913753517e-05], [-0.000860474596266, 0.00432569021359, -0.00244046491571, 0.00289443414658, -0.00449776463211, 0.000288881594315, -0.000785287469625, 0.00173949915916, -0.00855532288551, 0.0189347006381, -0.00949846953154, 0.00378344301134, 0.000531330413651], [0.00111697916873, -0.00410667806864, 0.0046204184182, -0.00379767641425, 0.00392900826409, 0.000556366052479, 0.000926751585212, -0.0007479537162, 0.0035853383597, -0.00949846953154, 0.0237395949662, -0.00944945868105, 0.00486800726503], [-0.00108500837814, 0.00508479354903, -0.00509142456576, 0.00439361203462, -0.00360383023508, 0.00169332267251, -0.00137404783163, 0.000842017121613, -0.00111421826296, 0.00378344301134, -0.00944945868105, 0.0240173395723, -0.00931582134217], [0.000631847244222, -0.00248464639299, 0.00319766439497, -0.00286768539809, 0.000305901339743, 0.000520517467521, -0.0002335038007, 0.00235757604241, 9.3913753517e-05, 0.000531330413651, 0.00486800726503, -0.00931582134217, 0.0233505871147]], "cov": [[10523.3095703, -766.418701172, -1479.47619629, 177.263565063, -507.926055908, 238.112884521, -170.927444458, 322.874755859, -151.757720947, 158.858352661, -76.7887573242, 62.0277137756, -137.143737793], [-766.418701172, 1029.54504395, 292.185913086, -37.5941581726, 230.932907104, -152.309783936, 125.737365723, -157.270874023, 53.9187316895, -107.09664917, 11.5212526321, -73.1458358765, 73.8015975952], [-1479.47619629, 292.185913086, 756.379699707, 57.7214012146, 63.6742362976, 0.963550150394, -1.63685834408, -21.5840873718, 53.8325614929, -27.0104446411, -38.445941925, 19.8700275421, -7.7196764946], [177.263565063, -37.5941581726, 57.7214012146, 320.807006836, 100.471870422, -15.1529426575, -84.2517471313, 11.0186424255, 20.4888877869, 8.65966701508, 5.16494703293, -12.7619199753, 13.3159236908], [-507.926055908, 230.932907104, 63.6742362976, 100.471870422, 268.406585693, 28.9724159241, 27.0870475769, -51.3979797363, 10.7760486603, -5.6130232811, 0.775351107121, -19.7653083801, 35.2714920044], [238.112884521, -152.309783936, 0.963550150394, -15.1529426575, 28.9724159241, 247.148742676, 71.3268280029, 27.3605728149, -47.6580696106, 12.6474580765, -31.5970668793, 10.9652881622, -21.7150096893], [-170.927444458, 125.737365723, -1.63685834408, -84.2517471313, 27.0870475769, 71.3268280029, 211.234222412, 22.3783817291, -20.1537265778, -23.198009491, -7.1530957222, -7.06920051575, 5.06952619553], [322.874755859, -157.270874023, -21.5840873718, 11.0186424255, -51.3979797363, 27.3605728149, 22.3783817291, 135.798568726, 28.9245967865, 30.1622428894, -7.23479509354, 10.3776388168, -29.7401351929], [-151.757720947, 53.9187316895, 53.8325614929, 20.4888877869, 10.7760486603, -47.6580696106, -20.1537265778, 28.9245967865, 92.1050186157, 30.6430053711, 6.45245075226, -6.70525360107, -2.30060863495], [158.858352661, -107.09664917, -27.0104446411, 8.65966701508, -5.6130232811, 12.6474580765, -23.198009491, 30.1622428894, 30.6430053711, 100.150611877, 25.1133918762, 6.37981319427, -19.5100288391], [-76.7887573242, 11.5212526321, -38.445941925, 5.16494703293, 0.775351107121, -31.5970668793, -7.1530957222, -7.23479509354, 6.45245075226, 25.1133918762, 70.2322235107, 11.0552177429, -0.272473484278], [62.0277137756, -73.1458358765, 19.8700275421, -12.7619199753, -19.7653083801, 10.9652881622, -7.06920051575, 10.3776388168, -6.70525360107, 6.37981319427, 11.0552177429, 68.9693222046, 10.2388153076], [-137.143737793, 73.8015975952, -7.7196764946, 13.3159236908, 35.2714920044, -21.7150096893, 5.06952619553, -29.7401351929, -2.30060863495, -19.5100288391, -0.272473484278, 10.2388153076, 64.7520828247]]}, "spectral_energyband_middle_low": {"dmean2": 0.00534957554191, "median": 0.00563925504684, "min": 3.04684006721e-22, "dvar2": 6.47823399049e-05, "dvar": 2.80087770079e-05, "dmean": 0.00346697145142, "max": 0.0691855698824, "var": 6.75454502925e-05, "mean": 0.00851726904511}, "melbands_crest": {"dmean2": 4.45585632324, "median": 10.6807670593, "min": 2.2715742588, "dvar2": 17.5802612305, "dvar": 7.22235965729, "dmean": 2.82672643661, "max": 33.2154808044, "var": 25.5908069611, "mean": 11.5864181519}, "spectral_kurtosis": {"dmean2": 2.35441803932, "median": 3.49013638496, "min": -1.20066928864, "dvar2": 15.4445905685, "dvar": 6.77377653122, "dmean": 1.39513862133, "max": 96.9639358521, "var": 25.6047458649, "mean": 4.35925388336}, "spectral_rms": {"dmean2": 0.000783977739047, "median": 0.0038324513007, "min": 3.25753703526e-12, "dvar2": 8.02950808065e-07, "dvar": 4.07396669289e-07, "dmean": 0.000558544765227, "max": 0.00941815413535, "var": 2.33615446632e-06, "mean": 0.0038829811383}, "zerocrossingrate": {"dmean2": 0.00987210404128, "median": 0.07080078125, "min": 0.005859375, "dvar2": 0.00016198270896, "dvar": 0.000117808340292, "dmean": 0.00832046195865, "max": 0.51123046875, "var": 0.00100904644933, "mean": 0.0711048096418}, "silence_rate_60dB": {"dmean2": 0.0659211277962, "median": 0, "min": 0, "dvar2": 0.0751151591539, "dvar": 0.0318643637002, "dmean": 0.0329508669674, "max": 1, "var": 0.0509280115366, "mean": 0.053823530674}, "erbbands_kurtosis": {"dmean2": 1.23452532291, "median": -0.0217357203364, "min": -1.75733077526, "dvar2": 2.14402699471, "dvar": 1.04283893108, "dmean": 0.798087894917, "max": 35.5181922913, "var": 4.46004962921, "mean": 0.428328752518}, "erbbands": {"dmean2": [0.0213412791491, 0.161005169153, 0.746357858181, 2.55032467842, 3.75151109695, 8.18240642548, 9.06905841827, 9.57095336914, 16.2836418152, 18.9116153717, 31.102437973, 36.4417953491, 28.1745643616, 30.5350036621, 27.0182189941, 27.8936386108, 27.6579189301, 28.9277992249, 24.3044929504, 36.5125427246, 26.9147872925, 21.5610980988, 18.7258911133, 12.1148281097, 15.4509038925, 9.57073020935, 7.49022817612, 3.48461961746, 2.87518072128, 2.379560709, 1.6292809248, 1.10042357445, 0.645712077618, 0.318616747856, 0.132897362113, 0.0376582480967, 0.00938730686903, 0.000819964858238, 1.88088943105e-05, 8.58589828567e-06], "median": [0.00451417686418, 0.0791201293468, 0.370711684227, 1.95876145363, 2.7636051178, 4.16437959671, 4.2275633812, 4.25721931458, 3.48466396332, 4.44292926788, 5.11218929291, 5.83504629135, 6.61251592636, 8.63389587402, 7.16130399704, 9.4932384491, 15.260518074, 17.5462188721, 15.2747716904, 23.5217094421, 20.6048641205, 17.1850681305, 15.6748466492, 10.2293243408, 12.1666126251, 8.09929847717, 6.63156223297, 3.6387629509, 2.52846622467, 2.02498269081, 1.58683371544, 1.02736794949, 0.577998161316, 0.276703894138, 0.121091522276, 0.0365878380835, 0.00529047567397, 0.000236494714045, 1.92526786122e-05, 2.03906201932e-05], "min": [3.6054545623e-22, 1.12207696328e-20, 3.38685127465e-20, 1.20252989059e-20, 1.35393698145e-20, 1.00394122539e-19, 6.07535467093e-19, 4.20544206891e-19, 2.76823359068e-19, 5.88988992085e-19, 6.75069697626e-19, 1.11178947309e-18, 1.0823198196e-18, 1.69570991598e-18, 1.62025687864e-18, 3.31774016646e-18, 2.72688360734e-18, 3.49482568033e-18, 6.07719545798e-18, 6.22610327108e-18, 5.0338072041e-18, 6.84009834668e-18, 8.80700769828e-18, 1.39925144501e-17, 1.70610236504e-17, 1.53404218018e-17, 1.24511072191e-17, 1.48092990567e-17, 1.33408648722e-17, 1.28620373126e-17, 1.39116906324e-17, 1.54151129024e-17, 1.541014651e-17, 1.33268780752e-17, 9.66083676145e-18, 6.57770424867e-18, 2.80702955048e-18, 1.53457420207e-18, 3.26334306331e-19, 3.24688682201e-20], "dvar2": [0.00237951008603, 0.101810656488, 1.56060278416, 16.8711109161, 37.3662109375, 258.406036377, 318.061279297, 366.103118896, 2320.36987305, 2028.83679199, 5322.95947266, 8453.1875, 4692.99169922, 5262.43261719, 3018.51538086, 4576.39306641, 2557.37133789, 2299.171875, 2017.53515625, 3381.00463867, 1646.33813477, 1186.19396973, 920.139221191, 395.150909424, 608.158813477, 222.752258301, 113.551200867, 23.8308200836, 26.5456256866, 23.9934883118, 6.88318967819, 4.05601215363, 3.77037525177, 0.705187737942, 0.103932201862, 0.00470532290637, 0.000717551156413, 9.66937568592e-06, 3.27709792636e-09, 1.23411350583e-10], "dvar": [0.00117248983588, 0.0441926419735, 0.552585065365, 5.98688030243, 14.2903871536, 98.8399429321, 157.691864014, 166.192855835, 1131.92871094, 969.112976074, 2150.1472168, 3658.91577148, 1902.00280762, 2593.98803711, 1308.42346191, 1859.70458984, 1067.17016602, 909.658935547, 813.424194336, 1406.76049805, 666.785827637, 467.227294922, 380.830352783, 158.954605103, 257.998504639, 110.809661865, 49.4832763672, 12.1402082443, 13.1431627274, 11.8171806335, 3.60254240036, 1.96232926846, 2.00594711304, 0.348348498344, 0.048063416034, 0.002603916917, 0.000302182743326, 3.82281950806e-06, 1.36853683941e-09, 6.17401685332e-11], "dmean": [0.014914222993, 0.103297784925, 0.435351550579, 1.49096298218, 2.27479910851, 4.93201112747, 5.86669540405, 6.2165722847, 10.8023939133, 12.4066724777, 18.6999855042, 22.910867691, 17.6316223145, 20.0792865753, 17.7190322876, 18.0228786469, 17.9807357788, 18.3823375702, 15.9134893417, 23.3251438141, 16.9218158722, 13.8629426956, 12.1950082779, 7.98285055161, 10.2450294495, 6.59735822678, 4.90564537048, 2.47003817558, 2.00954437256, 1.69866871834, 1.14715111256, 0.778348445892, 0.45947894454, 0.221938446164, 0.0926181450486, 0.027848739177, 0.00661741988733, 0.000558038591407, 1.3713417502e-05, 6.17403748038e-06], "max": [0.745887994766, 5.28626585007, 9.56967926025, 23.6192398071, 57.5832519531, 184.178039551, 439.324707031, 247.444519043, 883.990112305, 766.968994141, 841.870605469, 1493.45080566, 770.448364258, 1356.02087402, 572.284179688, 1098.64794922, 568.084838867, 477.665527344, 447.831634521, 681.237609863, 453.502380371, 512.876098633, 348.905517578, 214.101257324, 249.375488281, 210.406585693, 112.800849915, 56.4246063232, 103.97505188, 109.999320984, 50.8972892761, 41.3780212402, 73.1050262451, 25.6477851868, 9.55703926086, 1.1612071991, 0.381858676672, 0.0577624663711, 0.000994995934889, 0.00011732490384], "var": [0.00172870024107, 0.0659285783768, 0.878106534481, 6.99750518799, 24.9301624298, 185.724853516, 734.938171387, 323.980377197, 2680.14990234, 2539.15991211, 2696.52832031, 6485.41552734, 2666.9831543, 7533.94287109, 3636.89794922, 3669.19165039, 3240.109375, 2411.18286133, 1975.95495605, 3698.71655273, 1912.24951172, 1759.90454102, 1270.34655762, 677.24395752, 1176.59143066, 562.392883301, 179.548202515, 50.7802810669, 39.341884613, 34.3793373108, 13.2993478775, 7.02226543427, 5.69732666016, 0.979088544846, 0.13189689815, 0.00853448547423, 0.000477711204439, 4.13995940107e-06, 2.14547801747e-09, 3.04861524913e-10], "mean": [0.0191252604127, 0.162573829293, 0.822265386581, 2.63752365112, 4.19121789932, 8.22912979126, 11.5830907822, 10.2164916992, 18.3568706512, 19.7410411835, 23.9463634491, 32.1212768555, 24.8779602051, 35.7093009949, 32.4985542297, 32.192073822, 37.374874115, 35.344745636, 30.9460105896, 45.9614372253, 34.6594657898, 32.2742729187, 28.2855529785, 20.1939277649, 25.5124416351, 17.4729862213, 11.5540828705, 6.34877061844, 4.64292383194, 3.88724589348, 2.84429454803, 1.91189301014, 1.08810126781, 0.508744001389, 0.211963370442, 0.0648986920714, 0.0123844258487, 0.00082555791596, 3.21291372529e-05, 2.41750931309e-05]}, "spectral_strongpeak": {"dmean2": 0.99165058136, "median": 0.637099206448, "min": 0, "dvar2": 1.63680052757, "dvar": 0.672698378563, "dmean": 0.60182005167, "max": 8.23734760284, "var": 1.42854273319, "mean": 1.1317025423}, "spectral_energy": {"dmean2": 0.00705583672971, "median": 0.0150548759848, "min": 1.08768353658e-20, "dvar2": 8.66682312335e-05, "dvar": 4.02272198698e-05, "dmean": 0.00487122777849, "max": 0.0909191668034, "var": 0.000164231401868, "mean": 0.0178490336984}, "average_loudness": 0.872987210751, "spectral_rolloff": {"dmean2": 693.41796875, "median": 1981.0546875, "min": 43.06640625, "dvar2": 1063026.625, "dvar": 484900.15625, "dmean": 423.911804199, "max": 18690.8203125, "var": 1413017.25, "mean": 1980.73364258}, "spectral_centroid": {"dmean2": 352.393798828, "median": 1696.71972656, "min": 159.026382446, "dvar2": 170641.125, "dvar": 81137.15625, "dmean": 229.233947754, "max": 11652.5361328, "var": 449006.21875, "mean": 1648.69824219}, "pitch_salience": {"dmean2": 0.0963925421238, "median": 0.617574810982, "min": 0.200793966651, "dvar2": 0.00694374460727, "dvar": 0.00295991916209, "dmean": 0.0614809207618, "max": 0.943823933601, "var": 0.00967062264681, "mean": 0.607664227486}, "spectral_energyband_middle_high": {"dmean2": 0.00276195886545, "median": 0.00476291403174, "min": 1.43574795111e-21, "dvar2": 1.38153318403e-05, "dvar": 6.72138503433e-06, "dmean": 0.00202463963069, "max": 0.0518744066358, "var": 5.04020608787e-05, "mean": 0.00708774244413}, "spectral_contrast_coeffs": {"dmean2": [0.0788209885359, 0.0825077295303, 0.0654709562659, 0.0511673241854, 0.0359238795936, 0.0257099531591], "median": [-0.608041584492, -0.74125623703, -0.767687141895, -0.755467414856, -0.781323552132, -0.758053541183], "min": [-0.956648826599, -0.961143791676, -0.961163163185, -0.962981104851, -0.966198265553, -0.961193323135], "dvar2": [0.00416269898415, 0.00447686621919, 0.00283126393333, 0.00155893305782, 0.000804847397376, 0.000462552357931], "dvar": [0.00158718694001, 0.00185090396553, 0.00120124360546, 0.000695032882504, 0.000365133397281, 0.000209579055081], "dmean": [0.0481516607106, 0.0509528592229, 0.04116878286, 0.0328810997307, 0.0229844655842, 0.0167248677462], "max": [-0.296840488911, -0.374467998743, -0.491830229759, -0.594568729401, -0.596221923828, -0.637317657471], "var": [0.00523808272555, 0.00733748171479, 0.00515867816284, 0.00318541191518, 0.00192346202675, 0.00128848711029], "mean": [-0.609199225903, -0.730675041676, -0.760761201382, -0.755984902382, -0.78110486269, -0.760950446129]}, "melbands_skewness": {"dmean2": 0.799012184143, "median": 1.57755184174, "min": -0.551081597805, "dvar2": 0.793411433697, "dvar": 0.382835060358, "dmean": 0.540040791035, "max": 9.41252994537, "var": 1.80470907688, "mean": 1.87522494793}, "spectral_spread": {"dmean2": 568546.3125, "median": 4021955.5, "min": 1134609.875, "dvar2": 1239099113470.0, "dvar": 616727052288, "dmean": 385254.53125, "max": 40791760, "var": 2088754348030.0, "mean": 4180802}, "dissonance": {"dmean2": 0.0262411087751, "median": 0.478444635868, "min": 0.299114525318, "dvar2": 0.000811741920188, "dvar": 0.000306839909172, "dmean": 0.0156383421272, "max": 0.500000178814, "var": 0.000682652113028, "mean": 0.470607668161}, "spectral_skewness": {"dmean2": 0.295574486256, "median": 1.33768808842, "min": -0.0706364437938, "dvar2": 0.11703632772, "dvar": 0.0553417615592, "dmean": 0.185739949346, "max": 8.17526626587, "var": 0.300950914621, "mean": 1.43275463581}, "spectral_flux": {"dmean2": 0.0275616757572, "median": 0.0674132928252, "min": 7.14781150934e-11, "dvar2": 0.000859357242007, "dvar": 0.000391815236071, "dmean": 0.0182478446513, "max": 0.223452925682, "var": 0.0014221080346, "mean": 0.0713974833488}, "spectral_contrast_valleys": {"dmean2": [0.678821802139, 0.664777040482, 0.54833984375, 0.444248110056, 0.338411957026, 0.313594549894], "median": [-7.79259777069, -6.93786525726, -7.43842697144, -7.50087499619, -7.27146816254, -9.85582733154], "min": [-27.4358463287, -27.1542720795, -27.5155773163, -27.5529994965, -27.2298603058, -27.2688236237], "dvar2": [0.396294921637, 0.391682744026, 0.2923579216, 0.239131703973, 0.170799642801, 0.20276877284], "dvar": [0.19169460237, 0.199817344546, 0.160694852471, 0.136320501566, 0.108937099576, 0.123729199171], "dmean": [0.42015171051, 0.415671765804, 0.357702583075, 0.302818804979, 0.244276285172, 0.244124010205], "max": [-5.89446640015, -4.82773160934, -5.06633329391, -5.69874095917, -5.66088914871, -7.76737976074], "var": [1.21070539951, 1.12814736366, 1.27793753147, 1.39086079597, 1.52979469299, 1.42248308659], "mean": [-7.83071804047, -6.97551202774, -7.47720479965, -7.61767292023, -7.43029069901, -10.1251850128]}, "erbbands_flatness_db": {"dmean2": 0.0203438941389, "median": 0.168498203158, "min": 0.0593710280955, "dvar2": 0.000374039023882, "dvar": 0.000198034773348, "dmean": 0.0142532475293, "max": 0.319220006466, "var": 0.0011681682663, "mean": 0.16774739325}, "spectral_energyband_high": {"dmean2": 0.00028803103487, "median": 0.000474538333947, "min": 7.93288179423e-21, "dvar2": 1.63792535091e-07, "dvar": 1.00983768903e-07, "dmean": 0.00022201356478, "max": 0.0101026082411, "var": 5.71249529457e-07, "mean": 0.000710683350917}, "spectral_entropy": {"dmean2": 0.177538171411, "median": 7.74728488922, "min": 4.99996089935, "dvar2": 0.0432318747044, "dvar": 0.0233736950904, "dmean": 0.125209614635, "max": 9.80851078033, "var": 0.191752657294, "mean": 7.644780159}, "silence_rate_20dB": {"dmean2": 0, "median": 1, "min": 1, "dvar2": 0, "dvar": 0, "dmean": 0, "max": 1, "var": 0, "mean": 1}, "melbands_flatness_db": {"dmean2": 0.0288057979196, "median": 0.137310862541, "min": 0.00646079611033, "dvar2": 0.000947079446632, "dvar": 0.000490699254442, "dmean": 0.0197970829904, "max": 0.566799223423, "var": 0.00503909075633, "mean": 0.155078470707}, "barkbands": {"dmean2": [9.61663681665e-05, 0.000686522573233, 0.000916414835956, 0.0010024610674, 0.00193846481852, 0.00121143693104, 0.00130168476608, 0.00113507860806, 0.0015969168162, 0.000966404681094, 0.000872358097695, 0.000720801588614, 0.000722257245798, 0.000521887792274, 0.000658522010781, 0.000520334055182, 0.000428585568443, 0.000335570104653, 0.000273281795671, 0.000220891088247, 0.000136003320222, 7.77615859988e-05, 6.04501110502e-05, 4.2627169023e-05, 2.14351512113e-05, 5.72548060518e-06, 6.40710950961e-08], "median": [0.00013116482296, 0.000273313286016, 0.000423531746492, 0.000743224751204, 0.00112729775719, 0.000513811246492, 0.000264230940957, 0.00013204854622, 0.000237558371737, 0.000236111402046, 0.000116586423246, 0.000189794343896, 0.000368806620827, 0.000287820206722, 0.00039269120316, 0.00035771576222, 0.000305262743495, 0.000242177819018, 0.000211339822272, 0.00016847185907, 0.000131628505187, 7.0768801379e-05, 5.80868363613e-05, 4.10515276599e-05, 2.08208912227e-05, 4.47785168944e-06, 3.68571922982e-10], "min": [2.88574667132e-24, 4.48522960426e-23, 2.62044399253e-23, 2.09313473249e-24, 3.41976629776e-23, 6.76867206031e-23, 2.35107718125e-23, 4.90145596814e-23, 4.50302157312e-23, 2.82180910052e-23, 2.37433784945e-23, 6.88430518506e-23, 4.76285594699e-23, 9.63070423175e-23, 1.14012236474e-22, 1.0455065771e-22, 1.01129159705e-22, 1.60048631668e-22, 3.40776500971e-22, 2.84449055548e-22, 3.62675809815e-22, 3.80666811433e-22, 5.10439352834e-22, 8.33454492752e-22, 1.36464353797e-21, 1.73110242176e-21, 2.40588167075e-21], "dvar2": [2.13940740679e-08, 2.10337088902e-06, 2.27204395742e-06, 2.41505131271e-06, 1.17344652608e-05, 5.70369320485e-06, 1.12715397336e-05, 6.97483574186e-06, 1.3699862393e-05, 4.64628101327e-06, 4.68079315397e-06, 2.74407784673e-06, 1.54702445343e-06, 7.49825005641e-07, 1.0492584579e-06, 5.63328853787e-07, 4.46437269375e-07, 3.30840180141e-07, 1.9485466396e-07, 1.34442430522e-07, 3.43746755505e-08, 1.90882971651e-08, 9.94038451552e-09, 9.72517000264e-09, 2.13672968208e-09, 1.50875381633e-10, 1.28568800029e-13], "dvar": [8.90773410589e-09, 9.68581048255e-07, 8.15121154574e-07, 8.72178588907e-07, 4.74620901514e-06, 2.62231696979e-06, 5.43594478586e-06, 2.89015065391e-06, 5.69009262108e-06, 2.03344802685e-06, 1.96314636014e-06, 1.13753606001e-06, 6.59084037125e-07, 2.94588204497e-07, 4.35579721625e-07, 2.4022833145e-07, 1.82054037623e-07, 1.33518497591e-07, 7.96497019451e-08, 6.11471122625e-08, 1.58719615229e-08, 9.98425875309e-09, 5.25511545391e-09, 5.25737720025e-09, 1.23951093833e-09, 7.43073172438e-11, 4.99824384355e-14], "dmean": [5.51129887754e-05, 0.000460674113128, 0.000534286024049, 0.000590342737269, 0.00119252793957, 0.000787730328739, 0.000856165599544, 0.000687718449626, 0.000988703919575, 0.000613079755567, 0.000552476558369, 0.00046369159827, 0.000461695890408, 0.000325777538819, 0.000421390257543, 0.000328321708366, 0.000274262041785, 0.000215851076064, 0.000178519345354, 0.000151249143528, 9.10678281798e-05, 5.49078467884e-05, 4.284123861e-05, 3.06976362481e-05, 1.52352258738e-05, 4.18657691625e-06, 3.77008362307e-08], "max": [0.00296485796571, 0.0246898457408, 0.0104196015745, 0.0120722809806, 0.0360786467791, 0.0306298788637, 0.0495113581419, 0.0290908459574, 0.047982186079, 0.0300529152155, 0.0300863571465, 0.0221972241998, 0.0133361201733, 0.00894444901496, 0.00953205581754, 0.00653347373009, 0.00945517141372, 0.0061963587068, 0.00406045466661, 0.00450223125517, 0.00184284965508, 0.00336018297821, 0.00176475010812, 0.00338096148334, 0.00138526747469, 0.000164913159097, 4.06288609156e-06], "var": [1.06169286695e-08, 1.45593730849e-06, 1.05378808257e-06, 1.26367365283e-06, 1.03679840322e-05, 7.02838542566e-06, 1.47456021296e-05, 3.72993031306e-06, 1.05817871372e-05, 3.74554929294e-06, 5.85646648688e-06, 2.08927804124e-06, 1.75279899395e-06, 7.07631272689e-07, 1.11392682811e-06, 6.55032636132e-07, 5.97704001848e-07, 3.80400621225e-07, 3.55602509217e-07, 2.73824667829e-07, 6.14441830749e-08, 3.15590860112e-08, 1.86529511836e-08, 1.78821579766e-08, 4.26887414307e-09, 1.81140685784e-10, 4.35529027122e-14], "mean": [0.000142861317727, 0.000668417371344, 0.000858614279423, 0.00106926949229, 0.00216302112676, 0.00136029778514, 0.00149097607937, 0.000794044870418, 0.00139127857983, 0.00088944734307, 0.000956579227932, 0.000737408816349, 0.000871710421052, 0.00058128288947, 0.000789446465205, 0.000639193109237, 0.000585904810578, 0.000464479177026, 0.000439391413238, 0.000378169032047, 0.000221642039833, 0.000128561237943, 0.000104686725535, 7.65165241319e-05, 3.68174041796e-05, 8.99382303032e-06, 3.21370912104e-08]}, "erbbands_skewness": {"dmean2": 0.48916721344, "median": -0.00908960495144, "min": -2.59527516365, "dvar2": 0.205280214548, "dvar": 0.0985103398561, "dmean": 0.326605826616, "max": 4.43915128708, "var": 0.603613376617, "mean": 0.0603578463197}, "erbbands_spread": {"dmean2": 10.2427415848, "median": 31.2673797607, "min": 4.51410913467, "dvar2": 127.010940552, "dvar": 59.7484550476, "dmean": 6.86678361893, "max": 132.298202515, "var": 227.572525024, "mean": 34.265953064}, "melbands_kurtosis": {"dmean2": 5.59752130508, "median": 2.73551821709, "min": -1.75609540939, "dvar2": 103.524940491, "dvar": 48.6006546021, "dmean": 3.71725964546, "max": 139.052627563, "var": 139.84602356, "mean": 6.80951881409}, "melbands": {"dmean2": [0.000190067861695, 0.000312175456202, 0.000416583556216, 0.000442415504949, 0.00030664721271, 0.000221403563046, 0.000248850497883, 0.000203195042559, 0.000281261221971, 0.00021788617596, 0.000143310549902, 0.000125815829961, 0.000109879205411, 7.33883571229e-05, 8.23317823233e-05, 6.12068033661e-05, 5.67212955502e-05, 4.15156937379e-05, 4.67514510092e-05, 4.55236113339e-05, 3.27634843416e-05, 2.35649822571e-05, 2.22124035645e-05, 1.88897120097e-05, 1.0430587281e-05, 1.20575705296e-05, 1.1851418094e-05, 6.11081259194e-06, 5.65804293728e-06, 3.37846768161e-06, 2.13000225813e-06, 1.90518721865e-06, 1.57460408445e-06, 1.40283577821e-06, 1.1021620594e-06, 8.32276839446e-07, 6.96822098689e-07, 5.16889201663e-07, 3.89715637539e-07, 2.63505143039e-07], "median": [6.16513571003e-05, 0.000193804167793, 0.000357015611371, 0.000247932097409, 0.000161187694175, 9.53780763666e-05, 5.31800469616e-05, 4.04526872444e-05, 3.85560415452e-05, 3.32570416504e-05, 2.94967721857e-05, 3.40257247444e-05, 2.1659561753e-05, 2.34392537095e-05, 2.2726260795e-05, 3.62420214515e-05, 2.93387602142e-05, 2.08254314202e-05, 2.79589548882e-05, 2.92362274195e-05, 1.97213030333e-05, 1.63480126503e-05, 1.61921743711e-05, 1.15472912512e-05, 6.8575336627e-06, 8.53011988511e-06, 7.56014424041e-06, 4.10327766076e-06, 4.1091334424e-06, 2.87799502985e-06, 1.70913699549e-06, 1.41266150422e-06, 1.17520210097e-06, 1.05411550066e-06, 9.21428977563e-07, 6.95973540132e-07, 5.74685941501e-07, 4.22182978355e-07, 2.69419814458e-07, 2.0735092221e-07], "min": [8.23753721895e-24, 1.76475473573e-23, 2.06561729196e-24, 2.80360850171e-24, 1.77552174045e-23, 1.08199057355e-23, 5.52203146414e-24, 7.83813852035e-24, 4.35772641058e-24, 7.40824482575e-24, 5.0391779871e-24, 6.34599628522e-24, 3.4030252494e-24, 7.0671137602e-24, 6.01561