{"tonal": {"thpcp": [1, 0.57926017046, 0.150134757161, 0.097008369863, 0.105135843158, 0.143687650561, 0.160282865167, 0.139889538288, 0.160653829575, 0.194408193231, 0.268756985664, 0.325696736574, 0.179306015372, 0.04191987589, 0.0513939224184, 0.0716272518039, 0.060033429414, 0.0530114360154, 0.0709865838289, 0.126285463572, 0.283370345831, 0.361948609352, 0.285512804985, 0.333342760801, 0.295208334923, 0.115899577737, 0.0682350993156, 0.0725901722908, 0.100756019354, 0.206958055496, 0.271042793989, 0.180399179459, 0.100426696241, 0.0994944870472, 0.166268512607, 0.63407856226], "hpcp": {"dmean2": [0.213600978255, 0.163088232279, 0.10736245662, 0.0766286104918, 0.0771263390779, 0.0908981338143, 0.133105874062, 0.150446385145, 0.139723569155, 0.124267913401, 0.131182000041, 0.180959537625, 0.279642164707, 0.282522320747, 0.298259317875, 0.172378838062, 0.12856054306, 0.127532809973, 0.13830627501, 0.13241584599, 0.124070219696, 0.128863662481, 0.12202693522, 0.196408465505, 0.280479341745, 0.152019590139, 0.0328123569489, 0.0359399467707, 0.0455432757735, 0.0463320016861, 0.0665651932359, 0.108395449817, 0.159928843379, 0.253906965256, 0.2985008955, 0.270178645849], "median": [0.0225260704756, 0.0133763346821, 0.0115026570857, 0.00854777731001, 0.00881090108305, 0.0131941307336, 0.0248815827072, 0.0303148627281, 0.0193826314062, 0.0114409467205, 0.010449337773, 0.0224501118064, 0.224218249321, 0.459510564804, 0.207298636436, 0.0171448662877, 0.00937192700803, 0.0103842029348, 0.0174962393939, 0.0230944342911, 0.0200174953789, 0.0218149274588, 0.0236540772021, 0.0285866558552, 0.0255080070347, 0.0192279759794, 0.00795176438987, 0.00775393424556, 0.0101890610531, 0.00941213406622, 0.00656410865486, 0.00569051550701, 0.0154657494277, 0.0589423403144, 0.085780441761, 0.0636108219624], "min": [6.87186766299e-05, 7.35430367058e-05, 6.16779216216e-05, 3.45338994521e-05, 2.72063698503e-05, 4.92296712764e-05, 5.13830127602e-05, 7.94585721451e-05, 3.92736874346e-05, 2.84313809971e-05, 3.32572635671e-05, 4.85413474962e-05, 0.000117271192721, 0.000111285415187, 8.18287662696e-05, 3.15123215842e-05, 3.06785623252e-05, 2.86126414721e-05, 2.45554365392e-05, 8.03849889053e-06, 7.91013881098e-05, 0.000106831932499, 7.55561704864e-05, 1.5040699509e-05, 1.13669830171e-05, 2.33670307352e-05, 1.30210155476e-05, 1.05739209175e-05, 1.81368814083e-05, 5.67538190808e-05, 4.72647152492e-05, 2.1687383196e-05, 1.66234440258e-05, 2.08235705941e-05, 4.88541954837e-05, 0.000214506551856], "dvar2": [0.133056595922, 0.10698337853, 0.0602902285755, 0.0460216477513, 0.0435221046209, 0.043332118541, 0.0651051700115, 0.0748381316662, 0.0728121772408, 0.0857480317354, 0.0937728956342, 0.100738324225, 0.10914375633, 0.132302597165, 0.123215593398, 0.105890721083, 0.0949447751045, 0.0908904895186, 0.0929269045591, 0.0783308520913, 0.0658821687102, 0.0665623694658, 0.0604334995151, 0.0763521045446, 0.211740657687, 0.0576580055058, 0.00760920997709, 0.00754633219913, 0.0131455389783, 0.0137959932908, 0.0418621301651, 0.0955241844058, 0.112685486674, 0.154316037893, 0.164157748222, 0.14883042872], "dvar": [0.0532362684608, 0.0454518832266, 0.021190546453, 0.0158663000911, 0.0151163982227, 0.0154265956953, 0.0244344938546, 0.0301870871335, 0.0263150464743, 0.0294838231057, 0.0328329503536, 0.0360185913742, 0.0428724512458, 0.0637100115418, 0.0501246713102, 0.0378637723625, 0.0339757464826, 0.0334825962782, 0.0352437794209, 0.0295119322836, 0.0241417046636, 0.0244572646916, 0.0234078168869, 0.0314457006752, 0.0867803320289, 0.0233156941831, 0.00269584916532, 0.00272765476257, 0.00491371611133, 0.00500976433977, 0.0142998360097, 0.032593164593, 0.0378601849079, 0.0530365668237, 0.0589105710387, 0.0531127303839], "dmean": [0.116422228515, 0.0940844789147, 0.0586586594582, 0.0412104055285, 0.0420540012419, 0.051025763154, 0.0778720378876, 0.0891025066376, 0.0806710496545, 0.0659448057413, 0.0694613754749, 0.0983153730631, 0.16371524334, 0.16462212801, 0.173166319728, 0.0933563038707, 0.0682701990008, 0.0692924037576, 0.0773322209716, 0.0749639496207, 0.069595605135, 0.0732911527157, 0.072257116437, 0.109303943813, 0.149624615908, 0.0819092541933, 0.0186410788447, 0.0208596531302, 0.0272112023085, 0.0266642086208, 0.0352767594159, 0.0560574233532, 0.0852940306067, 0.141365736723, 0.165927186608, 0.14910441637], "max": [1, 1, 1, 1, 1, 1, 1, 1, 1, 1, 1, 1, 1, 1, 1, 1, 1, 1, 1, 1, 1, 1, 1, 1, 1, 1, 1, 1, 1, 1, 1, 1, 1, 1, 1, 1], "var": [0.0985361337662, 0.0949472039938, 0.0173543933779, 0.0100508229807, 0.0100733209401, 0.013309141621, 0.0397117771208, 0.0612182170153, 0.0312844105065, 0.0186309553683, 0.0203745309263, 0.0277596395463, 0.0992035716772, 0.184182405472, 0.0848279744387, 0.0276038758457, 0.0213658623397, 0.022948294878, 0.0292255748063, 0.0297748018056, 0.0230437479913, 0.0277259256691, 0.0392140820622, 0.0481658652425, 0.0953777655959, 0.0250050127506, 0.00229743495584, 0.00306305871345, 0.00656180549413, 0.00491048535332, 0.00800569914281, 0.017944553867, 0.0241118967533, 0.0485374741256, 0.0597016587853, 0.0435182489455], "mean": [0.170456111431, 0.150955915451, 0.0592656955123, 0.0348922796547, 0.0371192656457, 0.0515219792724, 0.105828799307, 0.138598769903, 0.09224781394, 0.0513535775244, 0.0508768893778, 0.0850220471621, 0.32423850894, 0.511353850365, 0.296206921339, 0.0767719894648, 0.0496056042612, 0.0537616200745, 0.0734752342105, 0.0819612592459, 0.0715330541134, 0.0821509510279, 0.0994113758206, 0.137429922819, 0.166546285152, 0.0916888192296, 0.0214358903468, 0.0262804795057, 0.0366268716753, 0.030698325485, 0.0271076019853, 0.0362992621958, 0.0645765587687, 0.144902512431, 0.185083821416, 0.145998075604]}, "tuning_equal_tempered_deviation": 0.282576918602, "chords_changes_rate": 0.0452272221446, "key_key": "C#", "tuning_diatonic_strength": 0.606739163399, "key_scale": "minor", "chords_number_rate": 0.000978473573923, "tuning_frequency": 434.193115234, "tuning_nontempered_energy_ratio": 0.954946696758, "chords_histogram": [44.8032188416, 2.67449450493, 2.13089799881, 3.13111543655, 0, 2.16351389885, 0.445749074221, 22.1787338257, 0.837138533592, 8.78451824188, 0.0978473573923, 0.0543596446514, 0, 0, 0.489236801863, 0, 0, 0, 0, 0, 0, 0, 2.6527504921, 9.5564250946], "key_strength": 0.618473172188, "chords_key": "C#", "chords_strength": {"dmean2": 0.00807290431112, "median": 0.54350733757, "min": 0.235569924116, "dvar2": 5.10495810886e-05, "dvar": 3.85682978958e-05, "dmean": 0.00734167685732, "max": 0.724021196365, "var": 0.0070701604709, "mean": 0.53091353178}, "chords_scale": "minor", "hpcp_entropy": {"dmean2": 1.1744312048, "median": 2.0808942318, "min": 0.0422106720507, "dvar2": 0.838183104992, "dvar": 0.307585209608, "dmean": 0.694019436836, "max": 4.66335916519, "var": 0.616253018379, "mean": 2.06141209602}}, "metadata": {"audio_properties": {"equal_loudness": 0, "codec": "flac", "downmix": "mix", "sample_rate": 44100, "analysis_sample_rate": 44100, "bit_rate": 0, "md5_encoded": "3a40d3c66657edb9fe6b942c561921c0", "length": 427.106658936, "replay_gain": -11.4426136017, "lossless": true}, "version": {"essentia_build_sha": "70f2e5ece6736b2c40cc944ad0e695b16b925413", "essentia": "2.1-beta2", "extractor": "music 1.0", "essentia_git_sha": "v2.1_beta2"}, "tags": {"title": ["The Sunlight"], "barcode": ["881824134023"], "media": ["CD"], "albumartist": ["The Thrillseekers"], "tracktotal": ["15"], "language": ["eng"], "releasetype": ["compilation"], "musicbrainz_recordingid": ["14fd3df8-60ee-403d-a1d6-e228f738605b"], "musicbrainz_releasegroupid": ["fca660ae-1a2c-3463-9548-83fede33549d"], "musicbrainz_albumartistid": ["e619d8c4-5d76-498a-9d6d-086eef5ea922"], "djmixer": ["The Thrillseekers"], "acoustid_fingerprint": ["AQADtEmkREoSMaFgidAFxxnM8Tgc5zjEh_hgGT5yXsgrmAvMZYG8Bn4WA455_HAVwS9kwz-uwQ4-ws9iHNYUCTqcLYOPm8F1-IOfwTq0B_3Q_OhFw5Io-MMPM8oCiOfxQ2xzWA0OPzxu-Bk-wk4IqxPqoeVi-McPP7iW48ELu0Gfo19gFyYXvIQfJbjhZ4GJEz98-FFwFn6Iw2IyfDz8wM9QC30WuFpgjjj87DjhS7DwwQ_Ow1yID-4W44rhRzLM4fB39GjOQB8sStAFHx9z-DnMFW02dF7waDme4Wieoc_hhzgs7_BxjfDDwy-e4UvgZzDxDH5eHJYlwD_8oT_aZYEFXwkOh8piHI553HALy8MJPzxu-Bk-wmJCvGiuoHZgLjvQnEEtPAqOH40THj1hSUd64oUf5bgIf8Hh8_iR1vCj47AT4vB3_LATwq9xnFMi-Idj_NBVfHgGq8SP7xD1w1wW5BHhXIkFHn4kbHtww_XRhyilLGjiF2iq6DjTI60Pfd2RHz-J8Sh_gTm-49rQ1EEe6ETOGz0oTxlRSsGNNT9-_AiPqwiPPkRzHE-GJj-643vRcCxg7eiDTzmCPoJdHLqPJleJcDj648eNHv50vDusHj_68Mi5I_mPRumPymTRD__hC32Oar_QSA_uDCWnDXbLEI-FHi_ODMkeHukzoTq6HL7kIdehc0dkoT_6Y9OL4hm-I1-gczH6Ig_Cz3hxaGGmGKF0XLiO_rBTxDcaZYI-HQ12_HBxyIdj5DDOoyd6pLlQyFMQ6j9-mMPxBu_hvRhhKeqO_yWeCT4eHfkM3fiPx9ByfNIxrYc_BTnsHT1D_IiORjc0_fiRczjCF_6gNgusFj_84ykOHceNHD5x7kJsQssZPKiew9KyC_7wQ58Qlih8nDh24jf8o2dOVIe14-qF08cPHz0udcgN7VMWpL-Kn8gLyxm0Hv0R-PiF40jhQy6OCzueQbCOIyVw1chhHIcO63jhE19xCEeK67jxIYUP-fiRxi9wHP_xw3B8fMf3loBr6TiXIznyRhvgh0YvVI2Raz3EByle40hxyIdzpGfw4DvSF_8h6sjxw8c_HD_CEj-0Ej4B59COqpkMS8uOHyfhTYR2PAgPHz3OSS4-9Nwx5VOOyjmsHn9mCeZ4nHiO4xK-I70iQX9W_ByuQDxO4seL9MIRO3CFD3oOHx9-GIdO_OBDpDheIxf2o94OWUBNxWiO49CHvrCO4PBYRDqOH9qGw_GRvjjOg8dPmPhrfIJzRsae9TC_48M3IRfx4xGaL8KNXsGZ7MjxwjfyHf4hasORT0FPo4d59BlCNdJhaYXeIb10PP3wI5dwXDx-uEc_tCP84k12KC1xCTve4yRKNUcPH_2Rq8aP6Tz8KUefPCiuMZZw58bxww_MEid868iTD2pe4XBVQHlgDXvwEFuNH9ch7zCFfzgeFejF49CG5rhWVMVxhYJPQyN-Wig87eiNH-iNJtCPH02OcgIu9IdYLqhMhCuJZiXuF1dkoZM2-Ec58ahMbDmPnug_Icw6PBEPiXKCBv9hLgs-uFvwHWY0QXyIHs2H3xBP-Dj8CD367PDhD8cX4tuhw_KOHs2JXkIP8YN_vIQfwq_Ro1cCH-J5_LAaBSd84ocPMc5x-FmQb_B5nAscKvthHXcm-C96Df1S-Ed6Cn4OTT96xrCME-JxHdaRfnnwwCSPy0gLc4eOMM-Klz_q8fCR6g2eQ3Thx8gN87iO9ME3mDnE86h99Atc6PDhB_ng44SP80i_w9KWF_qCND8Onzj8HV8O54TlD__hD6eQHv90iCecXejRM4dP-MNz-Fnww-dh4iv8LOjROBl--Llgh0fXLOgZNBfqEZeOEz9cJcIZiFdgH4e5QA8PP8ThbsEbfCF6_Gg-9Bd6Bv5wCpdQGWGqLFbRo48SmD--5XiDp-lh1-hjCz-aOkGeQleO8CfxH81D5PANn4GGzsoR5kdPpLQMHy_hFyIXHj36kBDhKyHy4T1-9EcPH5eQHtYJnbCz4Jp0iMyIND96NN1y_HB9vPDBh2gQU4kF5Ty6C6-CF8cOHfxh4MePXoN04QoO78YH9TnWIN5ooLmFww6eIYdPXIe6BRaL_rjQQz7MHEds2LgRN7iCHweckoAKBRQgAAChlAFUWoAYAEQQRIAABgCACAVCAQMQYwg5JoQiAiDAEFRAAGsIAMIBwoQDjBgBnCACKAOMAMYAZgJywBEgAAOMAQYUE1QIJqghlgGhgGGCAMYEEQQLBgASBhBhgKBWEEGAAwBRQhhzyhFCCGAAMgAcEUIJIAURhAhsDEOaEAUAAQIxboTQihnFkEICMGGAEo4wAo0AgigHCTDMAAEIYEQgIAgAAFBkCSCIAiCAYMIAZQihBghiDCUQGQWMEI4hByhBxABBACGoMOcEAIJBahgxAjEFDAJMEASQMYQqw4RwCiDliBFGGACYEQBQggRwiCEAiEAWKEaoUY4wgQAwgAmjEGOOSHGMYYg5hyQTwljELBOAIWbRIwQyKQwAxAiLAAECMFMFAMwgAIAyjCHgiMVGQIEIYYhwQ5ACThggqAQAgOooNEAgAowARghmLUBKISGdEJRYBiEgyBwlLCSiEIs0c8QzCJAAhgBjkbSICWAEIUoxRQgwRAhBAABKOCKYIAAAAgBxThEDlBDAECEUEAIKQGQ1SAKjBOGISIacAcgwAwRRwAkBgAIGA4aEQcpARJwgRhFBBCOCAOoAYIIBoCjAgjhBjRGKCECIAEwAQAgAwCkmDBCKASIIAoIDQYQyBgBinHBCEiKEGZIhIABgilBmkHACISAYINIgppx1QhgiDKDCCuScUoABwZQRQgAulBASAMQAEQAbAAwTggHmFBPKGQIYMsIZIZAQQglBDCIAMGEQJEoYYACgSBElCBJAYCEYE4wxwawTRgmABAHKAKsYIdIwB5ATDAEKtIGEAaEsc8AZBRARwFxHCQ"], "discnumber": ["1"], "totaldiscs": ["2"], "album": ["Nightmusic, Volume 2"], "catalognumber": ["ADJCD002"], "releasecountry": ["GB"], "file_name": "01.06. Breakfast - The Sunlight.flac", "compilation": ["0"], "originaldate": ["2007-06-25"], "albumartistsort": ["Thrillseekers, The"], "date": ["2007-06-25"], "genre": ["Trance, Electronic, Progressive Trance"], "disctotal": ["2"], "discsubtitle": ["Plus365"], "musicbrainz_artistid": ["b874d11d-0229-421a-8cad-1d09ef215b87"], "asin": ["B000ROAKUY"], "musicbrainz_albumid": ["6003aaff-0a15-429d-a4b2-4858461f5033"], "artist": ["Breakfast"], "tracknumber": ["6"], "artistsort": ["Breakfast"], "bpm": ["135"], "label": ["Adjusted Music"], "releasestatus": ["official"], "acoustid_id": ["8e05f94e-eac7-49d1-8a9c-c3fac85673bf"], "script": ["Latn"], "totaltracks": ["15"]}}, "rhythm": {"bpm_histogram_first_peak_bpm": {"dmean2": 0, "median": 136, "min": 136, "dvar2": 0, "dvar": 0, "dmean": 0, "max": 136, "var": 0, "mean": 136}, "bpm": 134.677871704, "bpm_histogram_second_peak_spread": {"dmean2": 0, "median": 0.135593235493, "min": 0.135593235493, "dvar2": 0, "dvar": 0, "dmean": 0, "max": 0.135593235493, "var": 0, "mean": 0.135593235493}, "bpm_histogram_first_peak_weight": {"dmean2": 0, "median": 0.565720319748, "min": 0.565720319748, "dvar2": 0, "dvar": 0, "dmean": 0, "max": 0.565720319748, "var": 0, "mean": 0.565720319748}, "onset_rate": 3.62662029266, "beats_position": [0.452789098024, 0.905578196049, 1.35836732388, 1.8111563921, 2.2523355484, 2.69351458549, 3.14630389214, 3.59909296036, 4.04027223587, 4.48145103455, 4.93424034119, 5.38702917099, 5.8282084465, 6.26938772202, 6.72217655182, 7.17496585846, 7.61614513397, 8.05732440948, 8.51011276245, 8.96290206909, 9.4040813446, 9.85687065125, 10.3096599579, 10.7508392334, 11.1920175552, 11.6448068619, 12.0975961685, 12.538775444, 12.9799547195, 13.4327430725, 13.8855323792, 14.3267116547, 14.7678909302, 15.2206802368, 15.6734695435, 16.114648819, 16.5558280945, 17.0086174011, 17.4614048004, 17.9025840759, 18.3437633514, 18.7965526581, 19.2493419647, 19.6905212402, 20.1317005157, 20.5844898224, 21.037279129, 21.4784584045, 21.9196376801, 22.3724250793, 22.825214386, 23.2663936615, 23.707572937, 24.1603622437, 24.6131515503, 25.0543308258, 25.4955101013, 25.948299408, 26.4010887146, 26.8422679901, 27.2834453583, 27.7362346649, 28.1890239716, 28.6302032471, 29.0713825226, 29.5241718292, 29.9769611359, 30.4181404114, 30.870929718, 31.3121089935, 31.7648983002, 32.2060775757, 32.6588668823, 33.1000442505, 33.5528335571, 33.99401474, 34.4351921082, 34.8879814148, 35.3407707214, 35.7819480896, 36.2231292725, 36.6643066406, 37.1170959473, 37.5582771301, 38.0110664368, 38.4522438049, 38.9050331116, 39.3462142944, 39.7989997864, 40.2401809692, 40.6929702759, 41.1457595825, 41.5869369507, 42.0281181335, 42.4809074402, 42.9336967468, 43.374874115, 43.8276634216, 44.2804527283, 44.7216300964, 45.1628112793, 45.6156005859, 46.0683898926, 46.5095672607, 46.9507484436, 47.3919258118, 47.8447151184, 48.2858963013, 48.7386856079, 49.1798629761, 49.6326522827, 50.0854415894, 50.5266189575, 50.9794082642, 51.4321975708, 51.8733787537, 52.3145561218, 52.7673454285, 53.2201347351, 53.661315918, 54.1141014099, 54.578502655, 55.0545120239, 55.5305213928, 56.0065307617, 56.4941482544, 56.9817695618, 57.4461669922, 57.8989562988, 58.3517456055, 58.7929229736, 59.2341041565, 59.6868934631, 60.1396827698, 60.5808601379, 61.0220413208, 61.4748306274, 61.9276161194, 62.3687973022, 62.8099746704, 63.2627639771, 63.7155532837, 64.1567306519, 64.5979156494, 65.0507049561, 65.5034942627, 65.9446716309, 66.385848999, 66.8270263672, 67.2798156738, 67.7326049805, 68.1737823486, 68.6149673462, 69.0677566528, 69.5205459595, 69.9617233276, 70.4029006958, 70.844078064, 71.2968673706, 71.7496566772, 72.1908340454, 72.632019043, 73.0848083496, 73.5375976562, 73.9787750244, 74.4199523926, 74.8727416992, 75.3255310059, 75.766708374, 76.2078933716, 76.6606826782, 77.1134643555, 77.554649353, 77.9958267212, 78.4370040894, 78.889793396, 79.3425827026, 79.7837600708, 80.2249450684, 80.677734375, 81.1305236816, 81.5717010498, 82.012878418, 82.4656677246, 82.9184570312, 83.3596343994, 83.8008117676, 84.2419967651, 84.6947860718, 85.1475753784, 85.5887527466, 86.0299301147, 86.4827194214, 86.935508728, 87.3766860962, 87.8178634644, 88.2590484619, 88.7118377686, 89.1646270752, 89.6058044434, 90.0469818115, 90.4997711182, 90.9525604248, 91.393737793, 91.8349151611, 92.2761001587, 92.7288894653, 93.181678772, 93.6228561401, 94.0640335083, 94.5168228149, 94.9696121216, 95.4107894897, 95.8519744873, 96.2931518555, 96.7459411621, 97.1987304688, 97.6399078369, 98.0810852051, 98.5338745117, 98.9866638184, 99.4278411865, 99.8690261841, 100.310203552, 100.762992859, 101.215782166, 101.656959534, 102.098136902, 102.550926208, 103.003715515, 103.444892883, 103.886077881, 104.327255249, 104.780044556, 105.232833862, 105.67401123, 106.115188599, 106.567977905, 107.020767212, 107.46194458, 107.903129578, 108.344306946, 108.797096252, 109.249885559, 109.691062927, 110.132240295, 110.585029602, 111.037818909, 111.479003906, 111.920181274, 112.361358643, 112.814147949, 113.266937256, 113.708114624, 114.149291992, 114.602081299, 115.054870605, 115.496055603, 115.937232971, 116.378410339, 116.831199646, 117.283988953, 117.725166321, 118.166343689, 118.619132996, 119.071922302, 119.5131073, 119.954284668, 120.395462036, 120.848251343, 121.301040649, 121.742218018, 122.183395386, 122.624580383, 123.07736969, 123.530158997, 123.971336365, 124.412513733, 124.86530304, 125.318092346, 125.759269714, 126.200454712, 126.64163208, 127.094421387, 127.547210693, 127.988388062, 128.42956543, 128.882354736, 129.335144043, 129.776321411, 130.217498779, 130.658676147, 131.111465454, 131.564254761, 132.005432129, 132.446624756, 132.887802124, 133.328979492, 133.781768799, 134.234558105, 134.675735474, 135.116912842, 135.569702148, 136.022491455, 136.475280762, 136.928070068, 137.380859375, 137.84526062, 138.286437988, 138.716003418, 139.157180786, 139.586761475, 140.062759399, 140.538772583, 141.026397705, 141.514007568, 142.00163269, 142.477645874, 142.976867676, 143.464492798, 143.952102661, 144.416503906, 144.869293213, 145.32208252, 145.774871826, 146.227661133, 146.692062378, 147.156463623, 147.60925293, 148.062042236, 148.514831543, 148.96762085, 149.432022095, 149.896408081, 150.360809326, 150.825210571, 151.289611816, 151.754013062, 152.218414307, 152.682815552, 153.147201538, 153.611602783, 154.076004028, 154.528793335, 154.981582642, 155.434371948, 155.898773193, 156.421218872, 156.943664551, 157.466125488, 157.988571167, 158.522628784, 159.056686401, 159.590744019, 160.124801636, 160.658859253, 161.19291687, 161.726974487, 162.191375732, 162.655776978, 163.120178223, 163.584579468, 164.048980713, 164.513381958, 164.977767944, 165.442169189, 165.906570435, 166.37097168, 166.835372925, 167.29977417, 167.764175415, 168.228561401, 168.681350708, 169.145751953, 169.610153198, 170.074554443, 170.538955688, 170.991744995, 171.444534302, 171.897323608, 172.350112915, 172.802902222, 173.24407959, 173.685256958, 174.126434326, 174.567611694, 175.020401001, 175.473190308, 175.914367676, 176.367156982, 176.819946289, 177.272735596, 177.725524902, 178.189926147, 178.654327393, 179.118728638, 179.583129883, 180.047531128, 180.500320435, 180.964706421, 181.429107666, 181.893508911, 182.357910156, 182.810699463, 183.26348877, 183.716278076, 184.157455444, 184.598632812, 185.039810181, 185.492599487, 185.945388794, 186.386566162, 186.827758789, 187.268936157, 187.721725464, 188.174514771, 188.615692139, 189.056869507, 189.498046875, 189.939224243, 190.380401611, 190.833190918, 191.285980225, 191.727157593, 192.179946899, 192.632736206, 193.073913574, 193.515090942, 193.967880249, 194.420669556, 194.861862183, 195.303039551, 195.755828857, 196.208618164, 196.649795532, 197.0909729, 197.543762207, 197.984939575, 198.437728882, 198.87890625, 199.320083618, 199.761260986, 200.202438354, 200.643630981, 201.096420288, 201.549209595, 201.990386963, 202.431564331, 202.884353638, 203.337142944, 203.778320312, 204.219497681, 204.660675049, 205.101852417, 205.543029785, 205.995819092, 206.448608398, 206.889785767, 207.330978394, 207.772155762, 208.224945068, 208.677734375, 209.118911743, 209.560089111, 210.001266479, 210.454055786, 210.906845093, 211.348022461, 211.800811768, 212.253601074, 212.694778442, 213.135955811, 213.577133179, 214.018310547, 214.459503174, 214.900680542, 215.34185791, 215.794647217, 216.247436523, 216.688613892, 217.12979126, 217.570968628, 218.012145996, 218.464935303, 218.917724609, 219.358901978, 219.800079346, 220.241271973, 220.694061279, 221.146850586, 221.588027954, 222.029205322, 222.47038269, 222.911560059, 223.364349365, 223.817138672, 224.25831604, 224.699493408, 225.140670776, 225.581848145, 226.034637451, 226.487426758, 226.928619385, 227.369796753, 227.810974121, 228.263763428, 228.716552734, 229.157730103, 229.598907471, 230.040084839, 230.481262207, 230.934051514, 231.38684082, 231.828018188, 232.269195557, 232.710388184, 233.151565552, 233.604354858, 234.057144165, 234.498321533, 234.939498901, 235.38067627, 235.821853638, 236.274642944, 236.727432251, 237.168609619, 237.609786987, 238.050964355, 238.492156982, 238.933334351, 239.386123657, 239.838912964, 240.280090332, 240.7212677, 241.162445068, 241.615234375, 242.068023682, 242.50920105, 242.950378418, 243.391555786, 243.832733154, 244.285522461, 244.738311768, 245.179489136, 245.620681763, 246.061859131, 246.503036499, 246.955825806, 247.408615112, 247.84979248, 248.290969849, 248.732147217, 249.173324585, 249.626113892, 250.078903198, 250.520080566, 250.961257935, 251.402450562, 251.855239868, 252.308029175, 252.749206543, 253.190383911, 253.631561279, 254.072738647, 254.525527954, 254.978317261, 255.419494629, 255.860671997, 256.301849365, 256.754638672, 257.195831299, 257.648620605, 258.089782715, 258.530975342, 258.972137451, 259.413330078, 259.866119385, 260.318908691, 260.760070801, 261.201263428, 261.642456055, 262.083618164, 262.536407471, 262.989196777, 263.430389404, 263.871551514, 264.312744141, 264.75390625, 265.195098877, 265.647888184, 266.10067749, 266.5418396, 266.983032227, 267.424224854, 267.87701416, 268.329803467, 268.770965576, 269.212158203, 269.653320312, 270.094512939, 270.535675049, 270.988464355, 271.441253662, 271.882446289, 272.323608398, 272.764801025, 273.205993652, 273.658782959, 274.111572266, 274.552734375, 274.993927002, 275.435089111, 275.876281738, 276.317443848, 276.758636475, 277.211425781, 277.664215088, 278.105377197, 278.546569824, 278.987762451, 279.428924561, 279.881713867, 280.334503174, 280.775695801, 281.21685791, 281.658050537, 282.110839844, 282.56362915, 283.00479126, 283.445983887, 283.887145996, 284.328338623, 284.76953125, 285.222320557, 285.675109863, 286.116271973, 286.5574646, 286.998626709, 287.439819336, 287.892608643, 288.333770752, 288.786560059, 289.227752686, 289.668914795, 290.110107422, 290.551300049, 291.004089355, 291.456878662, 291.898040771, 292.339233398, 292.780395508, 293.221588135, 293.662750244, 294.115539551, 294.568328857, 295.009521484, 295.450683594, 295.891876221, 296.344665527, 296.797454834, 297.238647461, 297.67980957, 298.121002197, 298.562164307, 299.003356934, 299.444519043, 299.88571167, 300.338500977, 300.791290283, 301.232452393, 301.67364502, 302.114837646, 302.555999756, 303.008789062, 303.461578369, 303.902770996, 304.343933105, 304.785125732, 305.226287842, 305.679077148, 306.120269775, 306.573059082, 307.014221191, 307.455413818, 307.896606445, 308.337768555, 308.778961182, 309.243347168, 309.684539795, 310.125701904, 310.566894531, 311.008056641, 311.449249268, 311.902038574, 312.354827881, 312.79598999, 313.237182617, 313.678375244, 314.119537354, 314.57232666, 315.025115967, 315.466308594, 315.907470703, 316.34866333, 316.789825439, 317.231018066, 317.672180176, 318.113372803, 318.566162109, 319.018951416, 319.460144043, 319.901306152, 320.342498779, 320.783660889, 321.236450195, 321.689239502, 322.130432129, 322.571594238, 323.012786865, 323.453948975, 323.895141602, 324.347930908, 324.800720215, 325.241912842, 325.683074951, 326.124267578, 326.565429688, 327.006622314, 327.447784424, 327.888977051, 328.341766357, 328.794555664, 329.235717773, 329.6769104, 330.118103027, 330.559265137, 331.000457764, 331.441619873, 331.89440918, 332.347198486, 332.788391113, 333.229553223, 333.67074585, 334.111907959, 334.564697266, 335.005889893, 335.458679199, 335.899871826, 336.341033936, 336.793823242, 337.246612549, 337.699401855, 338.152191162, 338.604980469, 339.069366455, 339.533782959, 339.998168945, 340.462585449, 340.938598633, 341.414611816, 341.878997803, 342.331787109, 342.772949219, 343.214141846, 343.666931152, 344.119720459, 344.560913086, 345.002075195, 345.443267822, 345.884429932, 346.325622559, 346.766784668, 347.219573975, 347.672363281, 348.113555908, 348.554718018, 348.995910645, 349.437103271, 349.878265381, 350.331054688, 350.783843994, 351.225036621, 351.66619873, 352.107391357, 352.548553467, 352.989746094, 353.430908203, 353.88369751, 354.336486816, 354.777679443, 355.21887207, 355.66003418, 356.101226807, 356.542388916, 356.983581543, 357.43637085, 357.889160156, 358.330322266, 358.771514893, 359.212677002, 359.653869629, 360.095062256, 360.536224365, 360.977416992, 361.430206299, 361.882995605, 362.324157715, 362.765350342, 363.206512451, 363.647705078, 364.088867188, 364.541656494, 364.994445801, 365.435638428, 365.876831055, 366.317993164, 366.759185791, 367.2003479, 367.641540527, 368.094329834, 368.547119141, 368.98828125, 369.429473877, 369.870635986, 370.311828613, 370.75302124, 371.19418335, 371.646972656, 372.099761963, 372.54095459, 372.982116699, 373.423309326, 373.864471436, 374.305664062, 374.746826172, 375.199615479, 375.652404785, 376.093597412, 376.534790039, 376.975952148, 377.417144775, 377.858306885, 378.299499512, 378.752288818, 379.205078125, 379.646240234, 380.087432861, 380.528594971, 380.969787598, 381.410980225, 381.852142334, 382.293334961, 382.746124268, 383.198913574, 383.640075684, 384.081268311, 384.52243042, 384.963623047, 385.404785156, 385.845977783, 386.29876709, 386.739959717, 387.192749023, 387.633911133, 388.07510376, 388.516265869, 388.957458496, 389.398620605, 389.839813232, 390.292602539, 390.745391846, 391.186553955, 391.627746582, 392.068939209, 392.510101318, 392.951293945, 393.392456055, 393.833648682, 394.286437988, 394.739227295, 395.180389404, 395.621582031, 396.062744141, 396.503936768, 396.945129395, 397.386291504, 397.839080811, 398.291870117, 398.733062744, 399.174224854, 399.61541748, 400.05657959, 400.497772217, 400.938934326, 401.380126953, 401.83291626, 402.285705566, 402.726898193, 403.168060303, 403.60925293, 404.050415039, 404.491607666, 404.932769775, 405.373962402, 405.815155029, 406.267913818, 406.720703125, 407.161895752, 407.603088379, 408.044250488, 408.485443115, 408.926605225, 409.367797852, 409.808959961, 410.261749268, 410.714538574, 411.155731201, 411.596893311, 412.038085938, 412.479278564, 412.920440674, 413.361633301, 413.80279541, 414.243988037, 414.696777344, 415.14956665, 415.59072876, 416.031921387, 416.473114014, 416.914276123, 417.35546875, 417.796630859, 418.249420166, 418.702209473, 419.1434021, 419.584564209, 420.025756836, 420.466918945, 420.908111572, 421.349304199, 421.790466309, 422.231658936, 422.672821045, 423.125610352, 423.578399658, 424.019592285, 424.460754395, 424.901947021, 425.343109131, 425.784301758, 426.225494385, 426.678283691], "beats_loudness": {"dmean2": 0.0280279181898, "median": 0.0556286796927, "min": 0.000515391759109, "dvar2": 0.000857381324749, "dvar": 0.000339568883646, "dmean": 0.0161451678723, "max": 0.204467594624, "var": 0.00187548634131, "mean": 0.0599160529673}, "danceability": 1.23153829575, "bpm_histogram_second_peak_weight": {"dmean2": 0, "median": 0.0536277592182, "min": 0.0536277592182, "dvar2": 0, "dvar": 0, "dmean": 0, "max": 0.0536277592182, "var": 0, "mean": 0.0536277592182}, "beats_count": 952, "bpm_histogram_second_peak_bpm": {"dmean2": 0, "median": 129, "min": 129, "dvar2": 0, "dvar": 0, "dmean": 0, "max": 129, "var": 0, "mean": 129}, "bpm_histogram_first_peak_spread": {"dmean2": 0, "median": 0.383734226227, "min": 0.383734226227, "dvar2": 0, "dvar": 0, "dmean": 0, "max": 0.383734226227, "var": 0, "mean": 0.383734226227}, "beats_loudness_band_ratio": {"dmean2": [0.17874121666, 0.110480740666, 0.0745021477342, 0.0671074613929, 0.0334695205092, 0.0754489004612], "median": [0.628696858883, 0.0782756209373, 0.0579538308084, 0.0649194270372, 0.0344652570784, 0.0707557052374], "min": [0.00246843812056, 0.00121693103574, 0.000638969650026, 0.00123060797341, 0.000782185059506, 0.00132500601467], "dvar2": [0.0271826293319, 0.0199684426188, 0.00794520974159, 0.00628205155954, 0.00132304104045, 0.00503066275269], "dvar": [0.0118887238204, 0.00714221550152, 0.00285168294795, 0.00238186889328, 0.0004971390008, 0.00184668542352], "dmean": [0.106172606349, 0.0643557831645, 0.043213557452, 0.0394323654473, 0.0192939992994, 0.0428511612117], "max": [0.990989148617, 0.890848278999, 0.591774821281, 0.699753761292, 0.304503440857, 0.507516086102], "var": [0.0887428596616, 0.0246063154191, 0.00793797150254, 0.00656024785712, 0.00173611019272, 0.00711802579463], "mean": [0.57193672657, 0.135164961219, 0.0845909565687, 0.0854052007198, 0.0466119647026, 0.0925464555621]}}, "lowlevel": {"barkbands_spread": {"dmean2": 12.3909864426, "median": 25.9456863403, "min": 0.323039680719, "dvar2": 223.615112305, "dvar": 93.2875061035, "dmean": 7.80819129944, "max": 96.4525299072, "var": 302.531982422, "mean": 29.2300624847}, "melbands_spread": {"dmean2": 11.4499311447, "median": 17.7735309601, "min": 0.295157253742, "dvar2": 215.039428711, "dvar": 80.2314376831, "dmean": 6.93743991852, "max": 120.705535889, "var": 277.024261475, "mean": 22.1817054749}, "hfc": {"dmean2": 19.0737094879, "median": 24.3615245819, "min": 0.178510814905, "dvar2": 965.416748047, "dvar": 404.031036377, "dmean": 12.6362905502, "max": 217.395706177, "var": 1081.11877441, "mean": 35.3552513123}, "barkbands_kurtosis": {"dmean2": 10.013458252, "median": 2.49339103699, "min": -1.64117872715, "dvar2": 1075.96362305, "dvar": 489.483642578, "dmean": 6.57378339767, "max": 812.369934082, "var": 918.510681152, "mean": 9.84034538269}, "gfcc": {"mean": [41.3577613831, 59.8777046204, -98.1161575317, 36.7429542542, -52.4428291321, 26.3530273438, -29.3875408173, 10.392159462, -24.0335655212, 6.49930334091, -15.4741163254, 3.81878232956, -8.81333351135], "icov": [[0.00047585950233, 0.000538613065146, 0.000135418435093, -0.000184170974535, 0.000451019412139, -0.000238605658524, -8.73960161698e-05, -0.000447263475507, 0.000391824141843, -0.0003755952348, 0.00036264010123, -0.000309148861561, 0.000302823929815], [0.000538613065146, 0.0030323038809, -0.000422395882197, 0.000613524520304, -0.000165862831636, 0.00105287425686, -0.00118736212607, 0.000938296492677, -0.00140650675166, 0.0034026412759, -0.00461234105751, 0.00462153740227, -0.00256405980326], [0.000135418435093, -0.000422395882197, 0.00342949223705, -0.00150528177619, -0.000383546721423, -0.00175593525637, -0.00032390569686, -0.00210446026176, 0.00306433276273, -0.00372673850507, 0.00323492498137, -0.00101404369343, 0.000908961577807], [-0.000184170974535, 0.000613524520304, -0.00150528177619, 0.00708590913564, -0.00158740347251, -0.00121707119979, 0.000769811682403, 0.00144212995656, -0.00368741480634, 0.00329980743118, -0.00180117622949, 0.00186057738028, -0.00137949048076], [0.000451019412139, -0.000165862831636, -0.000383546721423, -0.00158740347251, 0.00836356729269, -0.00441360706463, -0.000711961009074, 0.00126636435743, -0.00477742031217, 0.000740463030525, 0.000150946420035, -0.00197323434986, 0.00280576501973], [-0.000238605658524, 0.00105287425686, -0.00175593525637, -0.00121707119979, -0.00441360706463, 0.0153214512393, -0.00740934768692, -0.00262685469352, 0.00390223762952, -0.00212793773971, 0.000641354883555, 0.000196556531591, 0.000790112069808], [-8.73960161698e-05, -0.00118736212607, -0.00032390569686, 0.000769811682403, -0.000711961009074, -0.00740934768692, 0.0245866198093, -0.0119695058092, -0.000957691110671, 0.00758276646957, -0.0120610920712, 0.00791074428707, -0.00521417427808], [-0.000447263475507, 0.000938296492677, -0.00210446026176, 0.00144212995656, 0.00126636435743, -0.00262685469352, -0.0119695058092, 0.0303622055799, -0.0149735538289, -0.00573044735938, 0.0130326915532, -0.0137623446062, 0.00474867224693], [0.000391824141843, -0.00140650675166, 0.00306433276273, -0.00368741480634, -0.00477742031217, 0.00390223762952, -0.000957691110671, -0.0149735538289, 0.0358951017261, -0.0167071390897, -0.00633566873148, 0.0160943735391, -0.0112781487405], [-0.0003755952348, 0.0034026412759, -0.00372673850507, 0.00329980743118, 0.000740463030525, -0.00212793773971, 0.00758276646957, -0.00573044735938, -0.0167071390897, 0.0435077883303, -0.022575378418, -0.00364326825365, 0.0047980886884], [0.00036264010123, -0.00461234105751, 0.00323492498137, -0.00180117622949, 0.000150946420035, 0.000641354883555, -0.0120610920712, 0.0130326915532, -0.00633566873148, -0.022575378418, 0.0522132478654, -0.0306938569993, 0.00493173673749], [-0.000309148861561, 0.00462153740227, -0.00101404369343, 0.00186057738028, -0.00197323434986, 0.000196556531591, 0.00791074428707, -0.0137623446062, 0.0160943735391, -0.00364326825365, -0.0306938569993, 0.0601010546088, -0.0308862701058], [0.000302823929815, -0.00256405980326, 0.000908961577807, -0.00137949048076, 0.00280576501973, 0.000790112069808, -0.00521417427808, 0.00474867224693, -0.0112781487405, 0.0047980886884, 0.00493173673749, -0.0308862701058, 0.0366396307945]], "cov": [[6131.3671875, -2400.69116211, 642.96081543, 125.6876297, -192.07585144, 412.033172607, -77.6105651855, 351.628936768, -206.754837036, 206.105010986, -231.613922119, 142.823562622, -219.749389648], [-2400.69116211, 1524.69494629, -413.997894287, -86.6929244995, 34.2751846313, -248.291915894, 57.9757995605, -195.103744507, 107.179618835, -128.214569092, 133.840301514, -86.0827407837, 129.014251709], [642.96081543, -413.997894287, 734.905761719, 180.595230103, 175.656494141, 278.114959717, 92.0961303711, 181.063873291, 10.2916965485, 95.3491821289, -43.6278533936, 28.7687416077, -54.7220001221], [125.6876297, -86.6929244995, 180.595230103, 226.985488892, 117.461334229, 105.585472107, 46.6975860596, 55.6252822876, 41.899356842, 26.2413082123, 2.08865761757, 3.43214464188, -2.80249857903], [-192.07585144, 34.2751846313, 175.656494141, 117.461334229, 276.788360596, 146.559616089, 93.5939254761, 80.4656219482, 82.6417617798, 48.0224456787, 33.8208847046, 12.391456604, 7.62806415558], [412.033172607, -248.291915894, 278.114959717, 105.585472107, 146.559616089, 239.690383911, 95.0643463135, 124.034683228, 32.1393585205, 64.1656036377, -0.436479568481, 29.1016769409, -16.5631446838], [-77.6105651855, 57.9757995605, 92.0961303711, 46.6975860596, 93.5939254761, 95.0643463135, 123.820594788, 78.4328231812, 61.0730400085, 34.4752960205, 41.4339599609, 21.6735954285, 29.3881130219], [351.628936768, -195.103744507, 181.063873291, 55.6252822876, 80.4656219482, 124.034683228, 78.4328231812, 147.698562622, 58.9400024414, 72.8371124268, 14.1376113892, 43.735824585, 7.79498243332], [-206.754837036, 107.179618835, 10.2916965485, 41.899356842, 82.6417617798, 32.1393585205, 61.0730400085, 58.9400024414, 109.113288879, 52.2061347961, 54.5788383484, 20.7705230713, 41.4748649597], [206.105010986, -128.214569092, 95.3491821289, 26.2413082123, 48.0224456787, 64.1656036377, 34.4752960205, 72.8371124268, 52.2061347961, 91.5640945435, 43.3617210388, 47.4786682129, 16.6174373627], [-231.613922119, 133.840301514, -43.6278533936, 2.08865761757, 33.8208847046, -0.436479568481, 41.4339599609, 14.1376113892, 54.5788383484, 43.3617210388, 89.7947463989, 47.8896369934, 53.3300590515], [142.823562622, -86.0827407837, 28.7687416077, 3.43214464188, 12.391456604, 29.1016769409, 21.6735954285, 43.735824585, 20.7705230713, 47.4786682129, 47.8896369934, 78.0817260742, 47.6013374329], [-219.749389648, 129.014251709, -54.7220001221, -2.80249857903, 7.62806415558, -16.5631446838, 29.3881130219, 7.79498243332, 41.4748649597, 16.6174373627, 53.3300590515, 47.6013374329, 85.873374939]]}, "spectral_energyband_middle_low": {"dmean2": 0.00656180409715, "median": 0.00674698734656, "min": 0.000103547426988, "dvar2": 0.000179760769242, "dvar": 7.17460934538e-05, "dmean": 0.00404274184257, "max": 0.111660391092, "var": 8.95019693417e-05, "mean": 0.00921379495412}, "melbands_crest": {"dmean2": 4.78214836121, "median": 19.7627754211, "min": 3.09954738617, "dvar2": 26.3261814117, "dvar": 10.6646509171, "dmean": 3.01281905174, "max": 36.9453392029, "var": 54.3379478455, "mean": 19.5556163788}, "spectral_kurtosis": {"dmean2": 1.25919246674, "median": 2.00695896149, "min": -0.121855020523, "dvar2": 3.34940218925, "dvar": 1.22719073296, "dmean": 0.775213062763, "max": 20.9092464447, "var": 3.04746460915, "mean": 2.50111961365}, "spectral_rms": {"dmean2": 0.00133246835321, "median": 0.00628485996276, "min": 0.000598555081524, "dvar2": 3.08456969833e-06, "dvar": 1.2222450323e-06, "dmean": 0.000850886746775, "max": 0.016041168943, "var": 7.25592281015e-06, "mean": 0.00620612176135}, "zerocrossingrate": {"dmean2": 0.0146147487685, "median": 0.05615234375, "min": 0.00244140625, "dvar2": 0.000197217479581, "dvar": 0.000149747516843, "dmean": 0.011968890205, "max": 0.2666015625, "var": 0.00153138639871, "mean": 0.0641984865069}, "silence_rate_60dB": {"dmean2": 0.0128309680149, "median": 0, "min": 0, "dvar2": 0.0155951129273, "dvar": 0.00637220172212, "dmean": 0.00641513522714, "max": 1, "var": 0.0586063601077, "mean": 0.0625169873238}, "erbbands_kurtosis": {"dmean2": 0.770331203938, "median": -0.626550197601, "min": -1.79100656509, "dvar2": 1.07647657394, "dvar": 0.45014449954, "dmean": 0.481389075518, "max": 11.6455955505, "var": 1.03526818752, "mean": -0.350416600704}, "erbbands": {"dmean2": [0.492810308933, 3.21827721596, 4.4485874176, 12.1520986557, 6.49880981445, 10.1764001846, 13.8349781036, 7.70329475403, 9.17699623108, 9.96840000153, 16.8384075165, 16.3928413391, 25.7244853973, 23.9125938416, 28.6613960266, 30.0392303467, 33.2369804382, 18.2554340363, 27.9035606384, 22.7552661896, 19.2848358154, 19.1262302399, 16.169708252, 15.2818155289, 16.179693222, 19.5258312225, 20.8537425995, 16.1159229279, 16.0323505402, 11.8358345032, 13.4840288162, 8.66137695312, 5.79763698578, 3.37661218643, 1.88419532776, 0.756055533886, 0.223443686962, 0.0481093376875, 0.00314967753366, 0.000112733207061], "median": [0.186452254653, 1.49242210388, 2.36774730682, 2.09639716148, 2.57910132408, 4.97990465164, 8.74882411957, 4.57690811157, 3.87636518478, 6.42970561981, 10.6669569016, 8.26725006104, 14.9385633469, 13.8599176407, 16.3127212524, 17.3229732513, 19.8950042725, 12.7734298706, 14.7532567978, 14.4754610062, 12.0984811783, 11.8443069458, 10.9705123901, 10.2204446793, 11.4670066833, 11.9031505585, 13.2157726288, 10.3441781998, 9.07941913605, 7.55422687531, 6.90450811386, 5.5201292038, 3.79573965073, 2.1852118969, 1.16957199574, 0.438917309046, 0.122281223536, 0.0205586086959, 0.00148246227764, 0.000121798519103], "min": [4.45794212283e-05, 0.000479930866277, 0.00131406716537, 0.00508861755952, 0.011522016488, 0.0142459739, 0.0119860870764, 0.029407877475, 0.0331271775067, 0.0325021073222, 0.044858597219, 0.0310544390231, 0.0537009090185, 0.0927730873227, 0.0924424156547, 0.140496179461, 0.104910820723, 0.092144317925, 0.0411557257175, 0.0497634150088, 0.0480697490275, 0.0504833348095, 0.0246762186289, 0.029548259452, 0.027969809249, 0.0253460258245, 0.0172708388418, 0.0104501405731, 0.00601810961962, 0.00269354064949, 0.00135407049675, 0.000640325015411, 0.000343048159266, 9.70736437012e-05, 4.1828610847e-05, 1.31730066641e-05, 3.30245575242e-06, 1.03424440567e-06, 1.12793384233e-06, 5.36699303666e-07], "dvar2": [0.816206991673, 46.6013641357, 120.856735229, 1396.06225586, 308.928924561, 425.207824707, 448.209716797, 141.392333984, 246.679626465, 207.782913208, 565.057861328, 736.539306641, 1273.60290527, 1224.07434082, 1685.64904785, 2196.36157227, 2385.97485352, 723.83782959, 2187.8659668, 986.203857422, 928.771728516, 802.972045898, 637.100341797, 625.055297852, 697.765380859, 911.260375977, 923.551452637, 566.012390137, 600.039489746, 308.111114502, 486.794769287, 175.498794556, 99.6673812866, 33.4898872375, 11.7071523666, 2.30979037285, 0.218764200807, 0.0103233996779, 4.60314331576e-05, 4.6760387562e-08], "dvar": [0.462173938751, 19.5212593079, 48.3331718445, 495.783843994, 118.613380432, 149.183761597, 179.805160522, 63.0286026001, 129.706710815, 91.8328475952, 250.51902771, 289.970611572, 516.603393555, 465.692993164, 625.301635742, 791.086791992, 864.845336914, 261.372009277, 771.639831543, 364.013305664, 342.732818604, 284.003997803, 230.749542236, 224.918579102, 256.233001709, 341.895324707, 351.298370361, 223.337600708, 242.053085327, 127.226135254, 189.468917847, 75.8216171265, 41.6204528809, 13.7446861267, 5.26663160324, 1.23263895512, 0.115077108145, 0.00571019621566, 2.24214163609e-05, 2.184269121