{"metadata": {"tags": {"albumartist": ["Disco Montego"], "musicbrainz_artistid": ["5211287d-89ce-45bc-a632-ad3d1a8f10a4"], "artist": ["Disco Montego"], "genre": ["Pop"], "musicbrainz_albumid": ["f05fbd1f-d6a2-44f1-bf4d-7e8ff6810553"], "discnumber": ["1/1"], "title": ["U Talkin' to Me (feat. Bob Woolf)"], "tracknumber": ["12/12"], "musicbrainz_albumartistid": ["5211287d-89ce-45bc-a632-ad3d1a8f10a4"], "album": ["Disco Montego"], "musicbrainz album type": ["album"], "script": ["Latn"], "albumartistsort": ["Disco Montego"], "artistsort": ["Disco Montego"], "date": ["2002"], "file_name": "U Talkin' to Me (feat. Bob Woolf) - Disco Montego.mp3", "musicbrainz_recordingid": ["00f71706-dbe9-42d0-ac30-6698263607ff"], "musicbrainz album status": ["official"]}, "audio_properties": {"sample_rate": 44100, "downmix": "mix", "lossless": false, "analysis_sample_rate": 44100, "md5_encoded": "bda9ba788b1ce018c0420770ddfc9f2d", "equal_loudness": 0, "replay_gain": -13.2718715668, "codec": "mp3", "bit_rate": 128000, "length": 312.973052979}, "version": {"extractor": "music 1.0", "essentia_build_sha": "70f2e5ece6736b2c40cc944ad0e695b16b925413", "essentia_git_sha": "v2.1_beta2", "essentia": "2.1-beta2"}}, "rhythm": {"beats_loudness_band_ratio": {"dvar2": [0.0388778150082, 0.00306308129802, 0.0097010685131, 0.0197777301073, 0.00430900603533, 0.00368273328058], "var": [0.0351869426668, 0.000947631720919, 0.00439413497224, 0.00845445133746, 0.00229360861704, 0.00146911549382], "min": [0, 0, 0, 0, 0, 0], "dmean": [0.16114744544, 0.0213828515261, 0.054294731468, 0.0833298489451, 0.0390954874456, 0.0490393340588], "mean": [0.736882030964, 0.027299657464, 0.0612693205476, 0.0880856364965, 0.04005972296, 0.0475572422147], "max": [0.992526113987, 0.307715505362, 0.471428930759, 0.723697125912, 0.388106644154, 0.236893385649], "dmean2": [0.280702650547, 0.0381348133087, 0.0950237959623, 0.143610268831, 0.0687302350998, 0.0927002727985], "median": [0.768889069557, 0.0188191514462, 0.0391047820449, 0.0658769905567, 0.0263154543936, 0.0337199121714], "dvar": [0.0154267949983, 0.00105555180926, 0.00376675557345, 0.00675806449726, 0.00163140706718, 0.00120892690029]}, "bpm_histogram_first_peak_weight": {"dvar2": 0, "var": 0, "min": 0.487961471081, "dmean": 0, "mean": 0.487961471081, "max": 0.487961471081, "dmean2": 0, "median": 0.487961471081, "dvar": 0}, "bpm": 120.018363953, "beats_count": 624, "bpm_histogram_first_peak_spread": {"dvar2": 0, "var": 0, "min": 0.506493508816, "dmean": 0, "mean": 0.506493508816, "max": 0.506493508816, "dmean2": 0, "median": 0.506493508816, "dvar": 0}, "danceability": 1.77889120579, "bpm_histogram_first_peak_bpm": {"dvar2": 0, "var": 0, "min": 120, "dmean": 0, "mean": 120, "max": 120, "dmean2": 0, "median": 120, "dvar": 0}, "beats_position": [0.557278871536, 1.11455774307, 1.62539684772, 2.13623571396, 2.6470746994, 3.14630389214, 3.64553284645, 4.14476203918, 4.6439909935, 5.14321994781, 5.64244890213, 6.15328788757, 6.64090681076, 7.1517457962, 7.63936471939, 8.15020370483, 8.63782310486, 9.14866161346, 9.63628101349, 10.1471195221, 10.6347389221, 11.1455783844, 11.6331968307, 12.144036293, 12.6316547394, 13.1424942017, 13.6301136017, 14.1409521103, 14.6401815414, 15.1394100189, 15.6386394501, 16.1494789124, 16.6487064362, 17.1479358673, 17.6471652985, 18.1463947296, 18.6456241608, 19.1448516846, 19.6440811157, 20.154920578, 20.642539978, 21.153377533, 21.640996933, 22.1518363953, 22.6394557953, 23.1502952576, 23.6379127502, 24.1487522125, 24.6363716125, 25.1472110748, 25.6348285675, 26.1456680298, 26.6448974609, 27.1441268921, 27.6317462921, 28.142583847, 28.6418132782, 29.1410427094, 29.6402721405, 30.1394996643, 30.6387290955, 31.1379585266, 31.6487979889, 32.1480255127, 32.6472549438, 33.146484375, 33.6457138062, 34.1449432373, 34.6441726685, 35.1434020996, 35.6426315308, 36.1534690857, 36.6410865784, 37.151927948, 37.6395454407, 38.1503829956, 38.638004303, 39.1488418579, 39.6364631653, 40.1473007202, 40.6349182129, 41.1457595825, 41.6333770752, 42.1442184448, 42.6318359375, 43.1426734924, 43.6302947998, 44.1411323547, 44.6403617859, 45.1511993408, 45.650428772, 46.1496582031, 46.6488876343, 47.1481170654, 47.6473464966, 48.1581840515, 48.6458053589, 49.1566429138, 49.6442604065, 50.1434898376, 50.6427192688, 51.1419487, 51.6411781311, 52.1404075623, 52.6396369934, 53.1504745483, 53.6380958557, 54.1489334106, 54.6365509033, 55.1473922729, 55.6350097656, 56.1342391968, 56.6334686279, 57.1326980591, 57.6319274902, 58.1311569214, 58.6303825378, 59.129611969, 59.6288414001, 60.1280708313, 60.6273002625, 61.1381378174, 61.6373672485, 62.1365966797, 62.6358261108, 63.135055542, 63.6458930969, 64.1451263428, 64.6443557739, 65.1435852051, 65.6428070068, 66.1536483765, 66.6412658691, 67.1521072388, 67.6397247314, 68.1505661011, 68.6381835938, 69.1490249634, 69.6366424561, 70.1474838257, 70.6351013184, 71.145942688, 71.6335601807, 72.1444015503, 72.6436233521, 73.1428527832, 73.6304779053, 74.1413116455, 74.6405410767, 75.1397705078, 75.638999939, 76.1382293701, 76.6490707397, 77.1483001709, 77.6475296021, 78.1583633423, 78.6459884644, 79.1568222046, 79.6560516357, 80.1552810669, 80.6428985596, 81.1537399292, 81.6413574219, 82.1521987915, 82.6398162842, 83.1506576538, 83.6382751465, 84.1491165161, 84.6367340088, 85.1475753784, 85.6351928711, 86.1460266113, 86.6452560425, 87.1444854736, 87.6437149048, 88.1429443359, 88.6421737671, 89.1414031982, 89.6406326294, 90.1398620605, 90.6390914917, 91.1383209229, 91.637550354, 92.1367797852, 92.6476211548, 93.1468429565, 93.6460723877, 94.1453018188, 94.64453125, 95.1553726196, 95.6429901123, 96.1538314819, 96.6414489746, 97.1522903442, 97.6399078369, 98.1507492065, 98.6383666992, 99.1492080688, 99.6368255615, 100.147659302, 100.635284424, 101.146118164, 101.645347595, 102.144577026, 102.643806458, 103.143035889, 103.64226532, 104.153106689, 104.652336121, 105.151565552, 105.650794983, 106.150024414, 106.649246216, 107.148475647, 107.647705078, 108.146934509, 108.64616394, 109.145393372, 109.644622803, 110.155464172, 110.643081665, 111.153923035, 111.641540527, 112.140769958, 112.63999939, 113.15083313, 113.638458252, 114.149291992, 114.636917114, 115.147750854, 115.635368347, 116.146209717, 116.645439148, 117.144668579, 117.64389801, 118.143127441, 118.642356873, 119.141586304, 119.640815735, 120.140045166, 120.639274597, 121.138504028, 121.637733459, 122.136962891, 122.647796631, 123.147026062, 123.646255493, 124.145484924, 124.644714355, 125.155555725, 125.643173218, 126.154014587, 126.64163208, 127.15246582, 127.640090942, 128.150924683, 128.638549805, 129.149383545, 129.637008667, 130.147842407, 130.635467529, 131.14630127, 131.645523071, 132.144760132, 132.632385254, 133.143218994, 133.630844116, 134.141677856, 134.640899658, 135.140136719, 135.639358521, 136.138595581, 136.637817383, 137.137054443, 137.647888184, 138.147125244, 138.646347046, 139.145568848, 139.644805908, 140.14402771, 140.643264771, 141.142486572, 141.641723633, 142.152557373, 142.640182495, 143.151016235, 143.638641357, 144.149475098, 144.63710022, 145.14793396, 145.635559082, 146.146392822, 146.634017944, 147.144851685, 147.632461548, 148.143310547, 148.654144287, 149.141769409, 149.640991211, 150.15184021, 150.651062012, 151.138687134, 151.637908936, 152.148742676, 152.647979736, 153.158813477, 153.646438599, 154.157272339, 154.644897461, 155.144119263, 155.643356323, 156.154190063, 156.641815186, 157.152648926, 157.640274048, 158.151107788, 158.63873291, 159.14956665, 159.637191772, 160.148025513, 160.647247314, 161.146484375, 161.634094238, 162.144943237, 162.632553101, 163.131790161, 163.631011963, 164.141860962, 164.641082764, 165.140319824, 165.639541626, 166.150375366, 166.649612427, 167.148834229, 167.648071289, 168.147293091, 168.646530151, 169.145751953, 169.644989014, 170.155822754, 170.643447876, 171.154281616, 171.641906738, 172.152740479, 172.640365601, 173.151199341, 173.638824463, 174.149658203, 174.637283325, 175.148117065, 175.635726929, 176.146575928, 176.634185791, 177.14503479, 177.632644653, 178.143493652, 178.642715454, 179.141952515, 179.641174316, 180.140411377, 180.639633179, 181.150466919, 181.649703979, 182.148925781, 182.648162842, 183.147384644, 183.646621704, 184.145843506, 184.645080566, 185.144302368, 185.643539429, 186.14276123, 186.641998291, 187.141220093, 187.640457153, 188.151290894, 188.638900757, 189.149749756, 189.637359619, 190.148208618, 190.635818481, 191.14666748, 191.634277344, 192.145126343, 192.644348145, 193.143585205, 193.631195068, 194.142044067, 194.641265869, 195.140487671, 195.65133667, 196.150558472, 196.649795532, 197.149017334, 197.648254395, 198.147476196, 198.646713257, 199.157546997, 199.645172119, 200.156005859, 200.643630981, 201.154464722, 201.642089844, 202.152923584, 202.652145386, 203.151382446, 203.63899231, 204.149841309, 204.637451172, 205.148300171, 205.635910034, 206.146759033, 206.634368896, 207.145217896, 207.632827759, 208.143676758, 208.64289856, 209.1537323, 209.65296936, 210.152191162, 210.651428223, 211.150650024, 211.649887085, 212.160720825, 212.648345947, 213.135955811, 213.64680481, 214.15763855, 214.645263672, 215.156097412, 215.643707275, 216.154556274, 216.642166138, 217.153015137, 217.640625, 218.151473999, 218.639083862, 219.149932861, 219.637542725, 220.148391724, 220.636001587, 221.146850586, 221.634460449, 222.145309448, 222.632919312, 223.143753052, 223.631378174, 224.142211914, 224.641448975, 225.140670776, 225.639907837, 226.139129639, 226.649978638, 227.149200439, 227.6484375, 228.147659302, 228.646896362, 229.146118164, 229.645339966, 230.156188965, 230.643798828, 231.154647827, 231.64225769, 232.153106689, 232.640716553, 233.151565552, 233.639175415, 234.150024414, 234.637634277, 235.148483276, 235.63609314, 236.14692688, 236.64616394, 237.145385742, 237.633010864, 238.143844604, 238.631469727, 239.142303467, 239.641540527, 240.140762329, 240.63999939, 241.139221191, 241.638458252, 242.137680054, 242.648529053, 243.147750854, 243.646972656, 244.157821655, 244.657043457, 245.156280518, 245.655502319, 246.15473938, 246.642349243, 247.153198242, 247.640808105, 248.151657104, 248.639266968, 249.150115967, 249.63772583, 250.14855957, 250.636184692, 251.147018433, 251.634643555, 252.145477295, 252.633102417, 253.143936157, 253.631561279, 254.14239502, 254.64163208, 255.140853882, 255.640090942, 256.150939941, 256.650146484, 257.149383545, 257.648620605, 258.147827148, 258.647064209, 259.14630127, 259.64553833, 260.144744873, 260.643981934, 261.154815674, 261.654052734, 262.153289795, 262.640899658, 263.140136719, 263.639373779, 264.138580322, 264.637817383, 265.137054443, 265.636291504, 266.135498047, 266.634735107, 267.133972168, 267.633178711, 268.144042969, 268.643249512, 269.142486572, 269.641723633, 270.140960693, 270.640167236, 271.139404297, 271.638641357, 272.137878418, 272.637084961, 273.136322021, 273.635559082, 274.134765625, 274.634002686, 275.144836426, 275.644073486, 276.143310547, 276.642547607, 277.153381348, 277.652587891, 278.151824951, 278.639465332, 279.138671875, 279.637908936, 280.137145996, 280.636352539, 281.1355896, 281.63482666, 282.1456604, 282.644897461, 283.144134521, 283.643341064, 284.142578125, 284.641815186, 285.141052246, 285.640258789, 286.13949585, 286.63873291, 287.137939453, 287.637176514, 288.136413574, 288.635650635, 289.134857178, 289.634094238, 290.144927979, 290.644165039, 291.154998779, 291.64263916, 292.141845703, 292.641082764, 293.151916504, 293.651153564, 294.150390625, 294.638000488, 295.137237549, 295.636444092, 296.14730835, 296.646514893, 297.145751953, 297.633361816, 298.144226074, 298.631835938, 299.142669678, 299.630279541, 300.141113281, 300.640350342, 301.139587402, 301.638824463, 302.149658203, 302.648895264, 303.148101807, 303.647338867, 304.146575928, 304.645812988, 305.145019531, 305.644256592, 306.143493652, 306.642730713, 307.141937256, 307.641174316, 308.152008057, 308.63961792, 309.150482178, 309.672912598, 310.206970215, 310.741027832, 311.286712646, 311.832366943, 312.366424561], "beats_loudness": {"dvar2": 0.00219661928713, "var": 0.00199471251108, "min": 6.89720155989e-11, "dmean": 0.0315375514328, "mean": 0.097649410367, "max": 0.224813401699, "dmean2": 0.0573221370578, "median": 0.102646373212, "dvar": 0.000702426827047}, "bpm_histogram_second_peak_weight": {"dvar2": 0, "var": 0, "min": 0.00481540942565, "dmean": 0, "mean": 0.00481540942565, "max": 0.00481540942565, "dmean2": 0, "median": 0.00481540942565, "dvar": 0}, "bpm_histogram_second_peak_spread": {"dvar2": 0, "var": 0, "min": 0.571428537369, "dmean": 0, "mean": 0.571428537369, "max": 0.571428537369, "dmean2": 0, "median": 0.571428537369, "dvar": 0}, "bpm_histogram_second_peak_bpm": {"dvar2": 0, "var": 0, "min": 112, "dmean": 0, "mean": 112, "max": 112, "dmean2": 0, "median": 112, "dvar": 0}, "onset_rate": 3.79560756683}, "lowlevel": {"spectral_energyband_high": {"dvar2": 3.02973262478e-06, "var": 5.12300948685e-06, "min": 7.4455641691e-21, "dmean": 0.000727948558051, "mean": 0.0012622049544, "max": 0.0251442249864, "dmean2": 0.000950327608734, "median": 0.000346134213032, "dvar": 1.5320605371e-06}, "spectral_energyband_middle_low": {"dvar2": 0.000603313441388, "var": 0.000169696388184, "min": 4.35238366077e-22, "dmean": 0.00659690797329, "mean": 0.00852919369936, "max": 0.106286995113, "dmean2": 0.0115562397987, "median": 0.00452396366745, "dvar": 0.000215907624806}, "spectral_energy": {"dvar2": 0.0039837770164, "var": 0.00254946993664, "min": 1.06946536826e-20, "dmean": 0.0214594434947, "mean": 0.0387056060135, "max": 0.271387070417, "dmean2": 0.0348473191261, "median": 0.0177933163941, "dvar": 0.00146116944961}, "spectral_spread": {"dvar2": 2409573122050.0, "var": 5029369479170.0, "min": 326311.21875, "dmean": 916769.625, "mean": 5230426.5, "max": 40866188, "dmean2": 1235276, "median": 5183261, "dvar": 1464290639870.0}, "spectral_energyband_low": {"dvar2": 0.00350715988316, "var": 0.0018579242751, "min": 2.70364878097e-23, "dmean": 0.0177421607077, "mean": 0.0239710938185, "max": 0.270612806082, "dmean2": 0.0294019468129, "median": 0.00433026719838, "dvar": 0.00123331637587}, "spectral_rolloff": {"dvar2": 3674059, "var": 4757234, "min": 21.533203125, "dmean": 681.594543457, "mean": 1615.52294922, "max": 18992.2851562, "dmean2": 1168.71105957, "median": 1012.06054688, "dvar": 1548725}, "barkbands": {"dvar2": [7.1692243182e-06, 0.00273656961508, 0.000418873445597, 0.00027290120488, 4.12486697314e-05, 6.35452715869e-06, 3.81426025342e-06, 5.70879501538e-06, 3.55463016604e-05, 7.23916900824e-06, 1.0880256923e-05, 1.00922816273e-05, 1.29701993501e-05, 5.35004164703e-06, 1.94969970835e-06, 1.00673366887e-06, 5.26281951352e-07, 4.17542395326e-07, 2.44079956246e-07, 2.71292947218e-07, 4.34056261156e-07, 1.77715634209e-07, 9.56531849283e-08, 1.22103188005e-07, 2.272128512e-07, 3.92589782905e-08, 7.15574314755e-14], "var": [2.89442482426e-06, 0.00138573069125, 9.90937987808e-05, 5.49892174604e-05, 9.30784790398e-06, 3.86047167922e-06, 1.85813951248e-06, 3.39402117788e-06, 2.02010996873e-05, 4.61464605905e-06, 8.92645857675e-06, 6.72428677717e-06, 8.09148514236e-06, 3.33615344061e-06, 1.41680652632e-06, 8.62321883233e-07, 3.3853737591e-07, 3.35138537366e-07, 2.40229354631e-07, 2.3137194205e-07, 2.71800132623e-07, 1.4164812967e-07, 1.16499712988e-07, 2.37858202468e-07, 2.59120497503e-07, 6.32186996086e-08, 1.89153282203e-14], "min": [6.84748052692e-23, 3.85909965973e-24, 3.51733632217e-24, 3.903516473e-24, 9.15777896363e-23, 9.97016117669e-23, 3.83020400032e-23, 1.44544536142e-22, 5.28824425184e-23, 5.94058709762e-23, 1.60562300024e-22, 1.36542217523e-22, 6.67959136254e-23, 8.5481459939e-23, 1.62839419603e-22, 1.33945754429e-22, 1.49860095491e-22, 2.16691634075e-22, 2.19008386025e-22, 2.31004473904e-22, 4.98212235995e-22, 3.87291450745e-22, 9.40036442049e-22, 8.94588663308e-22, 1.131614279e-21, 1.64935108746e-21, 1.99936642443e-21], "dmean": [0.000880765088368, 0.0148845594376, 0.00398822594434, 0.00332592125051, 0.00166939490009, 0.000828639545944, 0.000501618837006, 0.000631999922916, 0.00128502980806, 0.000758752517868, 0.000734237662982, 0.000617695681285, 0.000666186271701, 0.000475235166959, 0.000354353309376, 0.000257231964497, 0.000208518613363, 0.000184800985153, 0.000143256067531, 0.000140097661642, 0.000181355135283, 0.000146617370774, 0.000107267500425, 0.00010530660802, 0.000128359402879, 8.09287448647e-05, 3.46890978165e-08], "mean": [0.000950817018747, 0.0182897578925, 0.00352988345549, 0.00238574412651, 0.00175005896017, 0.00111739512067, 0.000582303444389, 0.000796723703388, 0.00165052525699, 0.000949474633671, 0.00106788263656, 0.00091465737205, 0.000895982724614, 0.000669410685077, 0.000534944003448, 0.000403563317377, 0.000302193104289, 0.000305836641928, 0.000236924504861, 0.000226966280024, 0.00025142065715, 0.000213373787119, 0.000173182314029, 0.000189810220036, 0.000192451931071, 0.000124243015307, 2.6139938214e-08], "max": [0.0180223081261, 0.261279076338, 0.124048858881, 0.0686957091093, 0.0339317955077, 0.0302018132061, 0.0287796054035, 0.044358599931, 0.0963332653046, 0.0544817559421, 0.0570120625198, 0.122811488807, 0.0835819914937, 0.0371522642672, 0.0392475053668, 0.0122649576515, 0.00935224816203, 0.0120637752116, 0.012685242109, 0.0165652707219, 0.00568145886064, 0.0049909548834, 0.00558233028278, 0.0161311943084, 0.00920646917075, 0.00416498584673, 3.07215441353e-06], "dmean2": [0.00152396876365, 0.0240628365427, 0.007210011594, 0.00621507037431, 0.00304760341533, 0.00136238848791, 0.000846245791763, 0.00102967338171, 0.00203415751457, 0.00124516105279, 0.0012037481647, 0.000964794075117, 0.00105940527283, 0.000770744110923, 0.000573140627239, 0.000411309738411, 0.000335826392984, 0.000284295732854, 0.000219397596084, 0.000208902914892, 0.000268361705821, 0.000226817559451, 0.000146507285535, 0.000148215491208, 0.000189216327271, 0.000100968922197, 6.19425932769e-08], "median": [0.000225993309868, 0.00174835487269, 0.000732458138373, 0.000594406796154, 0.000940241268836, 0.000418618961703, 0.000165790843312, 0.000237011525314, 0.000315747398417, 0.000239711152972, 0.000178397764103, 0.000189662765479, 0.000125062389998, 0.000106776933535, 0.000123651494505, 7.95293890405e-05, 8.61672742758e-05, 9.74529466475e-05, 7.67657766119e-05, 6.7598586611e-05, 6.77504576743e-05, 4.81266324641e-05, 3.84742452297e-05, 3.3812077163e-05, 2.79394625977e-05, 2.45401461143e-05, 3.50770218427e-10], "dvar": [2.59154103333e-06, 0.000990163884126, 0.000148450315464, 9.56567455432e-05, 1.44213954627e-05, 2.5373558401e-06, 1.54618635406e-06, 2.46037507168e-06, 1.47033597386e-05, 2.99630369227e-06, 4.23929759563e-06, 4.37645030615e-06, 5.67640563531e-06, 2.19904632104e-06, 7.58390513056e-07, 4.29768846288e-07, 2.15694640815e-07, 1.85795698826e-07, 1.10084179994e-07, 1.20422868122e-07, 1.85398107533e-07, 7.42842374279e-08, 4.40353034037e-08, 6.01040568426e-08, 8.72238814509e-08, 2.11811332917e-08, 2.58014282547e-14]}, "melbands_skewness": {"dvar2": 5.59649276733, "var": 7.81094551086, "min": -3.06837844849, "dmean": 1.26468420029, "mean": 3.17151904106, "max": 24.2794933319, "dmean2": 1.95625770092, "median": 2.49315881729, "dvar": 2.35826420784}, "barkbands_skewness": {"dvar2": 5.21556186676, "var": 6.37722158432, "min": -3.91216254234, "dmean": 0.986950695515, "mean": 1.87907862663, "max": 45.9078216553, "dmean2": 1.51363646984, "median": 1.37296140194, "dvar": 2.37711143494}, "erbbands": {"dvar2": [1.85070824623, 155.793960571, 393.890930176, 2085.19458008, 1384.84313965, 299.789794922, 264.877929688, 474.16696167, 441.037536621, 1771.81164551, 4699.64257812, 22985.359375, 6768.99462891, 12108.4609375, 8576.50488281, 17972.4355469, 23271.5175781, 18410.2675781, 5925.03955078, 3232.94335938, 1998.23425293, 1610.03857422, 1261.27209473, 664.839416504, 558.467407227, 789.296264648, 772.884155273, 354.627380371, 277.900817871, 157.573608398, 87.1302185059, 66.7708129883, 36.7067832947, 49.7619400024, 6.50950860977, 0.831800162792, 0.188152328134, 0.00263160211034, 6.83372718413e-07, 5.63220980965e-09], "var": [1.71483504772, 57.1912689209, 102.451194763, 451.309509277, 280.681793213, 76.5721740723, 189.168899536, 235.897872925, 238.110717773, 806.253173828, 3100.82495117, 12058.171875, 4093.41015625, 12311.6533203, 4296.24853516, 12989.5322266, 13479.1367188, 12673.6542969, 3647.15527344, 3200.31176758, 1825.86523438, 1102.94311523, 1022.28826904, 644.804016113, 629.126281738, 561.002807617, 454.066955566, 324.206634521, 217.462005615, 143.535629272, 95.6289978027, 98.6602630615, 71.1203155518, 45.7682418823, 8.74481964111, 1.16493105888, 0.273875147104, 0.00322997453623, 9.76688625087e-07, 7.71740538141e-09], "min": [2.32304213753e-22, 1.03769101025e-21, 3.89152612172e-21, 9.14918303033e-21, 4.17869673477e-20, 5.11788070419e-19, 5.10131434447e-19, 9.32050570613e-19, 5.62739862911e-19, 1.56005808578e-18, 2.60625358387e-18, 1.62197741432e-18, 1.06947732361e-18, 5.07045089165e-18, 5.52799592131e-18, 4.86982485152e-18, 3.25815090231e-18, 3.62917428747e-18, 5.20913061647e-18, 9.82474011829e-18, 7.88458054692e-18, 9.42654529757e-18, 1.18858856076e-17, 1.10225737459e-17, 1.06262450446e-17, 1.25954047411e-17, 1.51015700912e-17, 2.03858347635e-17, 1.66612406429e-17, 1.84574021317e-17, 2.44258080363e-17, 2.02794576824e-17, 1.60458629349e-17, 1.2780311868e-17, 8.46501235557e-18, 5.34705471181e-18, 3.45015792725e-18, 1.08495314908e-18, 3.07500360211e-19, 3.14524765048e-20], "dmean": [0.446746587753, 3.34628772736, 4.11376905441, 9.03562450409, 8.28691196442, 4.85600996017, 5.47299861908, 6.98384571075, 6.37676668167, 9.61836433411, 18.1844482422, 29.4375782013, 21.8210830688, 28.5859489441, 22.5694408417, 24.9932022095, 27.5265693665, 25.4792404175, 17.7554740906, 16.4835205078, 12.6392641068, 11.506778717, 10.1240329742, 7.84311580658, 6.80675315857, 6.66108083725, 7.63287639618, 6.04707622528, 5.4198050499, 4.76018381119, 2.94744253159, 2.404255867, 1.68760943413, 1.51658117771, 0.878389656544, 0.362043201923, 0.166948050261, 0.0160430688411, 0.000285826798063, 3.15443212457e-05], "mean": [0.683979094028, 3.44457674026, 4.25978946686, 6.83501529694, 6.90276575089, 5.3977265358, 7.88019180298, 8.6652879715, 7.79833507538, 11.0966157913, 25.5123786926, 36.7134857178, 28.0373306274, 44.2005615234, 31.6199111938, 38.2230491638, 39.7809677124, 39.1126289368, 27.5927906036, 26.9708309174, 20.9696464539, 17.8722705841, 16.8496875763, 13.7365446091, 11.8833627701, 10.6608133316, 10.556725502, 8.86464595795, 7.95452690125, 6.63290452957, 4.83267831802, 4.16370344162, 2.96732258797, 2.23343610764, 1.27848243713, 0.548916339874, 0.249935433269, 0.0241534840316, 0.000452673179097, 6.63148894091e-05], "max": [8.82691574097, 54.6266708374, 107.641227722, 220.732925415, 187.62071228, 89.0032730103, 192.095932007, 339.301971436, 367.14553833, 1081.62023926, 1183.56298828, 2938.29589844, 1799.16015625, 1691.62597656, 1161.25793457, 4791.72119141, 4448.88037109, 2132.40942383, 2366.57519531, 736.732055664, 881.100708008, 596.510498047, 670.402160645, 516.582458496, 654.331115723, 1066.97973633, 282.252410889, 201.845352173, 184.627029419, 171.99647522, 191.649505615, 298.270507812, 287.836486816, 129.514007568, 62.6744766235, 15.93699646, 9.64812660217, 1.01691687107, 0.0171956736594, 0.000818853732198], "dmean2": [0.624972820282, 5.81525611877, 7.21397066116, 16.3434944153, 15.4795827866, 8.69197177887, 9.05338573456, 11.5976819992, 10.7686681747, 16.302778244, 28.6312713623, 47.2313728333, 36.0082588196, 45.4778175354, 37.5009002686, 38.4178886414, 43.881149292, 40.3211326599, 28.9237785339, 26.5126438141, 19.9869842529, 18.3394126892, 15.4719314575, 12.0243997574, 9.90884113312, 9.95991230011, 11.5137910843, 8.38985443115, 8.30125331879, 6.94999265671, 4.1716837883, 3.47487688065, 2.40888476372, 2.34206032753, 1.25593686104, 0.491964906454, 0.210339277983, 0.0210172608495, 0.000362350838259, 4.55771187262e-05], "median": [0.0544459298253, 0.378926157951, 0.933135330677, 1.65569841862, 2.74759578705, 2.88839435577, 3.43072676659, 3.11225223541, 2.6530995369, 3.00579595566, 6.99493217468, 7.2685508728, 6.88422393799, 9.73787689209, 7.9779586792, 8.52485752106, 6.82490825653, 6.33169555664, 6.62049293518, 5.80520629883, 4.93241739273, 5.28700351715, 5.78481531143, 4.90714645386, 3.87839269638, 3.16252613068, 3.08597064018, 2.19500803947, 1.79322910309, 1.4265434742, 1.01778936386, 0.769998967648, 0.500680446625, 0.303612083197, 0.197752296925, 0.110875271261, 0.04724111408, 0.00387337291613, 9.05489869183e-05, 3.04257191601e-05], "dvar": [0.788641631603, 53.5015335083, 135.857711792, 739.640563965, 481.829711914, 105.870063782, 103.761489868, 189.297088623, 180.584594727, 709.069885254, 2022.1932373, 9342.6953125, 2801.48901367, 5082.29443359, 3065.4206543, 8031.66699219, 9802.00292969, 7842.75488281, 2330.72241211, 1344.28820801, 850.464477539, 668.807556152, 571.79284668, 301.1121521, 263.023803711, 332.294891357, 320.97833252, 172.683898926, 116.143455505, 70.5818252563, 37.2025680542, 31.3198814392, 17.7248668671, 17.557516098, 2.95156168938, 0.379290878773, 0.104682341218, 0.00141046976205, 3.83116315561e-07, 2.75549028039e-09]}, "silence_rate_30dB": {"dvar2": 0.143434524536, "var": 0.126428693533, "min": 0, "dmean": 0.0808665305376, "mean": 0.851557850838, "max": 1, "dmean2": 0.161745071411, "median": 1, "dvar": 0.0743213146925}, "melbands_spread": {"dvar2": 311.274902344, "var": 490.109222412, "min": 0.110859878361, "dmean": 9.02257347107, "mean": 24.499130249, "max": 244.282211304, "dmean2": 14.576215744, "median": 19.7522525787, "dvar": 132.017669678}, "melbands_crest": {"dvar2": 25.4053764343, "var": 58.3717041016, "min": 1.62602961063, "dmean": 3.84018230438, "mean": 16.2476463318, "max": 38.065448761, "dmean2": 5.74828767776, "median": 14.7344093323, "dvar": 12.0671415329}, "zerocrossingrate": {"dvar2": 0.000386298284866, "var": 0.00340958102606, "min": 0.001953125, "dmean": 0.0150999138132, "mean": 0.0677592381835, "max": 0.4990234375, "dmean2": 0.0169745292515, "median": 0.05517578125, "dvar": 0.000322205043631}, "barkbands_kurtosis": {"dvar2": 9735.68457031, "var": 4658.13720703, "min": -1.94339001179, "dmean": 11.4365692139, "mean": 12.2650661469, "max": 3042.82983398, "dmean2": 18.2975101471, "median": 1.79975867271, "dvar": 4132.15771484}, "spectral_flux": {"dvar2": 0.00800054706633, "var": 0.00820958521217, "min": 1.03414957153e-10, "dmean": 0.0410616882145, "mean": 0.105924256146, "max": 0.487802773714, "dmean2": 0.0663935765624, "median": 0.0781197845936, "dvar": 0.003878189018}, "barkbands_crest": {"dvar2": 25.5257854462, "var": 35.6942443848, "min": 2.2487206459, "dmean": 3.37754940987, "mean": 11.2635011673, "max": 26.7075519562, "dmean2": 5.3855509758, "median": 9.40500068665, "dvar": 10.5513830185}, "barkbands_flatness_db": {"dvar2": 0.0031052317936, "var": 0.00608746428043, "min": 0.0329911671579, "dmean": 0.0336340293288, "mean": 0.158078789711, "max": 0.730490505695, "dmean2": 0.0522928051651, "median": 0.142080321908, "dvar": 0.00140141497832}, "spectral_entropy": {"dvar2": 0.21049438417, "var": 0.357854276896, "min": 2.77371001244, "dmean": 0.249570429325, "mean": 7.65279483795, "max": 9.81396865845, "dmean2": 0.363083600998, "median": 7.74142503738, "dvar": 0.10588157922}, "pitch_salience": {"dvar2": 0.0183436963707, "var": 0.028352893889, "min": 0.0341267548501, "dmean": 0.0954936668277, "mean": 0.519378304482, "max": 0.930064499378, "dmean2": 0.148693799973, "median": 0.547593593597, "dvar": 0.00824346207082}, "erbbands_spread": {"dvar2": 452.642822266, "var": 577.537780762, "min": 0.338822722435, "dmean": 12.4813022614, "mean": 40.6660690308, "max": 173.986541748, "dmean2": 18.6908569336, "median": 37.1064147949, "dvar": 209.336120605}, "dynamic_complexity": 5.7419629097, "spectral_contrast_valleys": {"dvar2": [0.76036721468, 0.550577282906, 0.643496870995, 0.466900408268, 0.509815335274, 1.08786010742], "var": [3.67387366295, 2.31062984467, 2.3129503727, 2.11656570435, 2.55393600464, 3.92995405197], "min": [-27.078458786, -26.8531188965, -27.0793418884, -27.4607391357, -27.2742156982, -27.1540470123], "dmean": [0.542700529099, 0.491032809019, 0.470892697573, 0.379666984081, 0.410368561745, 0.585855007172], "mean": [-7.47787237167, -7.21479225159, -7.58001661301, -7.89382076263, -8.07312297821, -10.4596138], "max": [-4.89602422714, -4.73816728592, -4.9746336937, -5.14942169189, -5.1897482872, -7.43278217316], "dmean2": [0.803079128265, 0.772547066212, 0.736662864685, 0.58674877882, 0.562142074108, 0.72288107872], "median": [-6.92999982834, -6.8827829361, -7.28705883026, -7.69846725464, -7.7427072525, -9.98152542114], "dvar": [0.470026314259, 0.263818740845, 0.304273158312, 0.22294549644, 0.297199457884, 0.655708134174]}, "hfc": {"dvar2": 432.751708984, "var": 858.423828125, "min": 1.16175703853e-16, "dmean": 9.94639968872, "mean": 23.9323787689, "max": 223.317565918, "dmean2": 13.591542244, "median": 13.3527011871, "dvar": 224.554214478}, "spectral_kurtosis": {"dvar2": 255.432479858, "var": 225.984451294, "min": -1.29083383083, "dmean": 3.59598922729, "mean": 6.93742179871, "max": 367.950286865, "dmean2": 5.53845834732, "median": 3.66547608376, "dvar": 114.893112183}, "mfcc": {"mean": [-678.770568848, 114.896522522, 3.5919713974, 14.9502983093, 7.84099960327, 11.7692508698, 6.80301094055, 7.82296037674, 4.67174816132, 3.68019008636, 0.854945480824, -0.459226369858, -2.05797386169], "cov": [[17173.1738281, -962.240661621, 143.77633667, 284.946075439, -233.125183105, 307.050476074, 259.563568115, 318.33895874, 44.6649055481, 87.6765441895, 115.666748047, 176.092849731, 46.5849876404], [-962.240661621, 1944.3470459, -231.863876343, 30.5663146973, 148.94744873, 42.8420028687, 62.2351951599, 51.7240257263, 5.62827110291, -12.023560524, -3.69782018661, -58.9449462891, -40.8641204834], [143.77633667, -231.863876343, 1190.23596191, 255.984100342, 130.746902466, 220.562469482, 61.0558586121, 60.0546951294, 78.2079315186, 6.31562757492, 4.36400270462, 27.361366272, 37.0142097473], [284.946075439, 30.5663146973, 255.984100342, 522.954467773, 112.05758667, 68.9204559326, 88.3195266724, 35.2108802795, 28.4849643707, 36.2814445496, 19.0423069, 13.9849004745, 27.1214694977], [-233.125183105, 148.94744873, 130.746902466, 112.05758667, 294.106933594, 118.172538757, 36.2159576416, 21.177646637, 22.2445793152, 21.2451725006, 11.7320127487, 6.22469568253, 7.63676786423], [307.050476074, 42.8420028687, 220.562469482, 68.9204559326, 118.172538757, 287.488098145, 141.188278198, 53.376033783, 30.5688762665, 19.8527927399, 31.7003746033, 24.6546077728, 19.2288684845], [259.563568115, 62.2351951599, 61.0558586121, 88.3195266724, 36.2159576416, 141.188278198, 268.111083984, 106.348808289, 5.45022058487, 30.7048931122, 29.3463993073, 13.4175109863, 10.6815576553], [318.33895874, 51.7240257263, 60.0546951294, 35.2108802795, 21.177646637, 53.376033783, 106.348808289, 158.414382935, 62.8897209167, 23.6856632233, 15.7847805023, 8.77023601532, 10.7279052734], [44.6649055481, 5.62827110291, 78.2079315186, 28.4849643707, 22.2445793152, 30.5688762665, 5.45022058487, 62.8897209167, 138.976821899, 55.506942749, 11.6523866653, 12.6566467285, 5.78181552887], [87.6765441895, -12.023560524, 6.31562757492, 36.2814445496, 21.2451725006, 19.8527927399, 30.7048931122, 23.6856632233, 55.506942749, 122.164672852, 61.5478935242, 30.3361206055, 9.68288135529], [115.666748047, -3.69782018661, 4.36400270462, 19.0423069, 11.7320127487, 31.7003746033, 29.3463993073, 15.7847805023, 11.6523866653, 61.5478935242, 108.42502594, 54.0016860962, 13.0074138641], [176.092849731, -58.9449462891, 27.361366272, 13.9849004745, 6.22469568253, 24.6546077728, 13.4175109863, 8.77023601532, 12.6566467285, 30.3361206055, 54.0016860962, 96.5450515747, 43.074092865], [46.5849876404, -40.8641204834, 37.0142097473, 27.1214694977, 7.63676786423, 19.2288684845, 10.6815576553, 10.7279052734, 5.78181552887, 9.68288135529, 13.0074138641, 43.074092865, 85.1542663574]], "icov": [[6.7827415478e-05, 3.2689255022e-05, 2.405216037e-05, -5.89633273194e-05, 0.000101113480923, -0.00013016416051, 7.61293849791e-05, -0.000198219757294, 9.81449702522e-05, -4.76888271805e-05, 4.26143160439e-05, -0.000124303347548, 7.77796813054e-05], [3.2689255022e-05, 0.000598004669882, 0.000180152521352, -6.63822502247e-05, -0.000285685120616, -9.71535628196e-05, -2.152601337e-05, -0.000252225087024, -3.31009941874e-05, 0.000183120937436, -0.000185140554095, 0.000320348830428, 0.000141621072544], [2.405216037e-05, 0.000180152521352, 0.00118747807574, -0.00052386301104, -4.26377009717e-05, -0.000964055361692, 0.000434673886048, -0.000310985429678, -0.000367617030861, 0.00033267994877, 0.000138864299515, -8.44600072014e-05, -6.12044605077e-05], [-5.89633273194e-05, -6.63822502247e-05, -0.00052386301104, 0.00250716693699, -0.000880610314198, 0.000738736009225, -0.00106309668627, 0.000574316421989, -0.000304791290546, -0.000305551075144, -0.00016101206711, 0.000352311326424, -0.000695438182447], [0.000101113480923, -0.000285685120616, -4.26377009717e-05, -0.000880610314198, 0.00480499770492, -0.00226136436686, 0.00109656923451, -0.000624519074336, 0.000478140165797, -0.000900253595319, 0.000514192623086, -0.000216461994569, 0.000228299351875], [-0.00013016416051, -9.71535628196e-05, -0.000964055361692, 0.000738736009225, -0.00226136436686, 0.00701639289036, -0.00389109924436, 0.00174390967004, -0.00180159276351, 0.00143874320202, -0.00151885126252, 4.25628277299e-05, -0.000735644483939], [7.61293849791e-05, -2.152601337e-05, 0.000434673886048, -0.00106309668627, 0.00109656923451, -0.00389109924436, 0.0081308959052, -0.00558481691405, 0.00369014963508, -0.00228173681535, 0.000652783259284, -0.000210384794627, 0.000577265105676], [-0.000198219757294, -0.000252225087024, -0.000310985429678, 0.000574316421989, -0.000624519074336, 0.00174390967004, -0.00558481691405, 0.0124146733433, -0.00639938190579, 0.0023660894949, -0.00166170264129, 0.00110619561747, -0.00140187633224], [9.81449702522e-05, -3.31009941874e-05, -0.000367617030861, -0.000304791290546, 0.000478140165797, -0.00180159276351, 0.00369014963508, -0.00639938190579, 0.013032448478, -0.00681628659368, 0.00347265112214, -0.00151839933824, 0.00102236599196], [-4.76888271805e-05, 0.000183120937436, 0.00033267994877, -0.000305551075144, -0.000900253595319, 0.00143874320202, -0.00228173681535, 0.0023660894949, -0.00681628659368, 0.0155025748536, -0.00843080505729, 0.000993883353658, -0.000704251462594], [4.26143160439e-05, -0.000185140554095, 0.000138864299515, -0.00016101206711, 0.000514192623086, -0.00151885126252, 0.000652783259284, -0.00166170264129, 0.00347265112214, -0.00843080505729, 0.0182310882956, -0.00905400328338, 0.00282098539174], [-0.000124303347548, 0.000320348830428, -8.44600072014e-05, 0.000352311326424, -0.000216461994569, 4.25628277299e-05, -0.000210384794627, 0.00110619561747, -0.00151839933824, 0.000993883353658, -0.00905400328338, 0.0193771999329, -0.00838552881032], [7.77796813054e-05, 0.000141621072544, -6.12044605077e-05, -0.000695438182447, 0.000228299351875, -0.000735644483939, 0.000577265105676, -0.00140187633224, 0.00102236599196, -0.000704251462594, 0.00282098539174, -0.00838552881032, 0.0160882044584]]}, "silence_rate_20dB": {"dvar2": 0, "var": 0, "min": 1, "dmean": 0, "mean": 1, "max": 1, "dmean2": 0, "median": 1, "dvar": 0}, "melbands_kurtosis": {"dvar2": 5546.51611328, "var": 3924.08813477, "min": -1.87002551556, "dmean": 18.3706169128, "mean": 26.4048366547, "max": 1180.79016113, "dmean2": 29.6202793121, "median": 7.91703891754, "dvar": 2224.88720703}, "barkbands_spread": {"dvar2": 255.267715454, "var": 266.471984863, "min": 0.0352960266173, "dmean": 8.65039157867, "mean": 23.7096920013, "max": 118.560874939, "dmean2": 13.7702684402, "median": 21.1822166443, "dvar": 107.119155884}, "erbbands_skewness": {"dvar2": 0.68429005146, "var": 0.838861107826, "min": -4.98099040985, "dmean": 0.475139528513, "mean": 0.244330182672, "max": 10.3024740219, "dmean2": 0.735289096832, "median": 0.236277848482, "dvar": 0.288269966841}, "average_loudness": 0.955526649952, "spectral_centroid": {"dvar2": 297785.03125, "var": 540107.125, "min": 61.4014472961, "dmean": 329.631561279, "mean": 1425.43103027, "max": 10825.6074219, "dmean2": 514.098266602, "median": 1376.9888916, "dvar": 131769.515625}, "dissonance": {"dvar2": 0.00174512877129, "var": 0.0011551749194, "min": 0.0881333053112, "dmean": 0.0214491188526, "mean": 0.466246843338, "max": 0.500000119209, "dmean2": 0.036114949733, "median": 0.475878536701, "dvar": 0.000648651213851}, "erbbands_flatness_db": {"dvar2": 0.00187878648285, "var": 0.00522288028151, "min": 0.0551860891283, "dmean": 0.0267894361168, "mean": 0.149539932609, "max": 0.649375736713, "dmean2": 0.037547044456, "median": 0.129690825939, "dvar": 0.00111906789243}, "spectral_strongpeak": {"dvar2": 2.24734354019, "var": 1.37899684906, "min": 0, "dmean": 0.470959722996, "mean": 0.724823117256, "max": 12.1916418076, "dmean2": 0.783152043819, "median": 0.339039325714, "dvar": 0.893309354782}, "spectral_rms": {"dvar2": 9.43840677792e-06, "var": 1.26359300339e-05, "min": 3.23014076424e-12, "dmean": 0.00138971430715, "mean": 0.00501254294068, "max": 0.0162716899067, "dmean2": 0.00210042181425, "median": 0.00416645314544, "dvar": 4.02888053941e-06}, "silence_rate_60dB": {"dvar2": 0.103041358292, "var": 0.125677287579, "min": 0, "dmean": 0.0458490997553, "mean": 0.147403568029, "max": 1, "dmean2": 0.0917050018907, "median": 0, "dvar": 0.0437476336956}, "melbands": {"dvar2": [0.000209814781556, 0.000103681668406, 5.79297266086e-05, 3.57886437996e-06, 2.39201540353e-07, 2.23357389473e-07, 1.09593763398e-07, 1.90613533846e-07, 4.4582799319e-07, 9.2777457894e-07, 1.78979789212e-07, 1.86512721712e-07, 1.30759232775e-07, 1.56174820631e-07, 1.61081501915e-07, 1.13102863963e-07, 6.92791175538e-08, 2.03423997647e-08, 1.03989075129e-08, 7.64223528904e-09, 3.12005488112e-09, 2.14481898908e-09, 1.58694957175e-09, 1.23992083267e-09, 5.3076176787e-10, 4.27703206185e-10, 4.16796291924e-10, 4.60622262555e-10, 3.33304661648e-10, 1.28496102647e-10, 1.70512493014e-10, 1.0489152602e-10, 7.43506159417e-11, 4.85909056047e-11, 3.45164313797e-11, 3.05474361084e-11, 3.06519115645e-11, 1.83614807386e-11, 5.2840870568e-11, 3.51624701578e-11], "var": [0.000123050325783, 3.79789889848e-05, 1.23986401377e-05, 7.55358314564e-07, 1.60506843372e-07, 1.1768979391e-07, 5.83735584314e-08, 9.58397521345e-08, 3.09730467052e-07, 4.96849111187e-07, 1.06670505318e-07, 1.82811888294e-07, 7.89719365457e-08, 8.23629875413e-08, 9.06843951043e-08, 8.8629114714e-08, 4.44115251241e-08, 1.11459872443e-08, 9.25252408024e-09, 6.15895467959e-09, 2.2245760789e-09, 1.32448196855e-09, 9.8513852631e-10, 9.4683916263e-10, 4.45534914517e-10, 3.99439537002e-10, 3.62005370125e-10, 2.660094367e-10, 1.85304327438e-10, 1.29229918433e-10, 1.146402695e-10, 7.31620597438e-11, 5.54180278056e-11, 4.18790002676e-11, 3.13756902404e-11, 3.50248614833e-11, 4.22013604617e-11, 3.9152858039e-11, 4.10242916027e-11, 3.06456179877e-11], "min": [4.27923317279e-24, 1.80259351401e-24, 1.73136686845e-24, 1.79989438698e-23, 2.10083882698e-23, 1.99518037505e-23, 8.82111679511e-24, 2.20618725656e-23, 1.88402719138e-23, 9.32690206424e-24, 4.48762379711e-24, 1.93482462719e-23, 2.16089496546e-23, 1.670999406e-23, 8.05824885671e-24, 6.13888479885e-24, 7.14686917544e-24, 6.86778754211e-24, 1.56287055727e-23, 8.97589130471e-24, 9.20897603638e-24, 8.12787608679e-24, 1.42522773994e-23, 7.64944456955e-24, 9.214258249e-24, 7.74985788531e-24, 8.84445130068e-24, 7.07504260116e-24, 8.96234025208e-24, 1.03276967625e-23, 1.11907311032e-23, 9.54120007344e-24, 7.1443053775e-24, 1.11336152071e-23, 1.26630421641e-23, 1.90126143558e-23, 9.50482096394e-24, 1.0090085547e-23, 1.19578265472e-23, 1.02842234269e-23], "dmean": [0.00422672741115, 0.00261974264868, 0.00153734209016, 0.000456479145214, 0.000179235459655, 0.000155401139637, 9.740