{"metadata": {"tags": {"label": ["Sony Music TV Lead JV"], "albumartist": ["Various Artists"], "genre": ["Indie"], "artist": ["Various"], "discnumber": ["3/3"], "title": ["What's the Frequency, Kenneth?"], "tracknumber": ["1"], "encoding": ["Audiograbber 1.83.01, LAME dll 3.99, 320 Kbit/s, Stereo, High quality"], "album": ["NME Presents The 90s"], "musicbrainz_recordingid": ["00fa53fe-4e56-4d0c-8a57-1f4929e72711"], "date": ["2013"], "file_name": "2001203.mp3"}, "audio_properties": {"sample_rate": 44100, "downmix": "mix", "lossless": false, "analysis_sample_rate": 44100, "md5_encoded": "7b811fb263f013b41a7c4d4ef1d7a177", "equal_loudness": 0, "replay_gain": -15.4811897278, "codec": "mp3", "bit_rate": 320000, "length": 240.404891968}, "version": {"extractor": "music 1.0", "essentia_build_sha": "70f2e5ece6736b2c40cc944ad0e695b16b925413", "essentia_git_sha": "v2.1_beta2", "essentia": "2.1-beta2"}}, "rhythm": {"beats_loudness_band_ratio": {"dvar2": [0.0700532868505, 0.0585056655109, 0.0227108020335, 0.0232742037624, 0.00511356489733, 0.00369699345902], "var": [0.033799726516, 0.0230265781283, 0.0270687695593, 0.0160070210695, 0.00176657480188, 0.00262302998453], "min": [0.00115619436838, 0.0007116413326, 0.00318178208545, 0.000712615961675, 0.000106589046482, 1.9872752091e-05], "dmean": [0.200564756989, 0.187260165811, 0.106408789754, 0.0967428311706, 0.0371345579624, 0.037388946861], "mean": [0.314650952816, 0.222312867641, 0.246284991503, 0.204227864742, 0.0575479194522, 0.0395798385143], "max": [0.943176269531, 0.576185166836, 0.935376942158, 0.782651782036, 0.414111077785, 0.889305055141], "dmean2": [0.377011150122, 0.354369968176, 0.184148624539, 0.164138391614, 0.06664840132, 0.0701399967074], "median": [0.294116258621, 0.190853387117, 0.208460837603, 0.176119625568, 0.047452557832, 0.0302561018616], "dvar": [0.0219805687666, 0.016910193488, 0.00900496542454, 0.00898214522749, 0.00172141648363, 0.00244151079096]}, "bpm_histogram_first_peak_weight": {"dvar2": 0, "var": 0, "min": 0.367346942425, "dmean": 0, "mean": 0.367346942425, "max": 0.367346942425, "dmean2": 0, "median": 0.367346942425, "dvar": 0}, "bpm": 95.2276306152, "beats_count": 393, "bpm_histogram_first_peak_spread": {"dvar2": 0, "var": 0, "min": 0.598885774612, "dmean": 0, "mean": 0.598885774612, "max": 0.598885774612, "dmean2": 0, "median": 0.598885774612, "dvar": 0}, "danceability": 1.09125757217, "bpm_histogram_first_peak_bpm": {"dvar2": 0, "var": 0, "min": 96, "dmean": 0, "mean": 96, "max": 96, "dmean2": 0, "median": 96, "dvar": 0}, "beats_position": [0.592108845711, 1.19582760334, 1.79954648018, 2.40326523781, 3.00698399544, 3.61070299149, 4.22603178024, 4.841360569, 5.45668935776, 6.07201814651, 6.68734693527, 7.31428575516, 7.92961454391, 8.55655288696, 9.19510173798, 9.83365058899, 10.4605894089, 11.0759181976, 11.7028570175, 12.3181858063, 12.9451246262, 13.5604534149, 14.1641721725, 14.7795009613, 15.4064397812, 16.0217685699, 16.637096405, 17.2524261475, 17.8561439514, 18.4714736938, 19.0868015289, 19.7137413025, 20.3174591064, 20.9327888489, 21.548116684, 22.1634464264, 22.7787742615, 23.3824939728, 23.9978218079, 24.6131515503, 25.2400894165, 25.8554191589, 26.470746994, 27.0860767365, 27.7014045715, 28.3283443451, 28.9552822113, 29.5706119537, 30.1859397888, 30.8128795624, 31.4514274597, 32.0899772644, 32.7169151306, 33.3438529968, 33.9707946777, 34.5977325439, 35.2246704102, 35.8400001526, 36.455329895, 37.0822677612, 37.7092056274, 38.3361434937, 38.9630813599, 39.5900230408, 40.216960907, 40.8438987732, 41.4708366394, 42.0977783203, 42.7247161865, 43.3516540527, 43.9902038574, 44.6287536621, 45.2789115906, 45.929069519, 46.5676193237, 47.2061653137, 47.8447151184, 48.4832649231, 49.1102027893, 49.7371406555, 50.3640823364, 50.9794082642, 51.5947380066, 52.2216758728, 52.8602256775, 53.4987754822, 54.1373214722, 54.7758712769, 55.4144210815, 56.0529708862, 56.6799087524, 57.3184585571, 57.9570045471, 58.583946228, 59.222492218, 59.8610420227, 60.5111999512, 61.1613578796, 61.8115196228, 62.438457489, 63.0653953552, 63.6923332214, 64.3192749023, 64.9346008301, 65.5731506348, 66.200088501, 66.8270263672, 67.4539642334, 68.0809020996, 68.7078475952, 69.3347854614, 69.9733352661, 70.6118774414, 71.238822937, 71.8773651123, 72.515914917, 73.1428527832, 73.7697982788, 74.396736145, 75.0120620728, 75.6273880005, 76.2543258667, 76.8812713623, 77.5082092285, 78.1351470947, 78.7620849609, 79.3890228271, 80.0159606934, 80.6428985596, 81.2698364258, 81.9083862305, 82.5469360352, 83.1738739014, 83.7892074585, 84.4161453247, 85.0546951294, 85.6700210571, 86.2853469849, 86.9122848511, 87.5392303467, 88.1661682129, 88.7931060791, 89.4200439453, 90.0469818115, 90.6739196777, 91.2892532349, 91.9045791626, 92.5315170288, 93.158454895, 93.7853927612, 94.4123306274, 95.0508804321, 95.6894302368, 96.3279800415, 96.9665298462, 97.6050796509, 98.2552337646, 98.8937835693, 99.5439453125, 100.182495117, 100.821044922, 101.459587097, 102.098136902, 102.725074768, 103.363624573, 103.97895813, 104.605895996, 105.244445801, 105.882987976, 106.521537781, 107.160087585, 107.79863739, 108.437187195, 109.075737, 109.714286804, 110.352828979, 110.991378784, 111.629928589, 112.268478394, 112.907028198, 113.545578003, 114.184127808, 114.811065674, 115.426391602, 116.03011322, 116.633827209, 117.237548828, 117.852874756, 118.468208313, 119.083534241, 119.698867798, 120.325805664, 120.95274353, 121.568069458, 122.183395386, 122.798728943, 123.414054871, 124.040992737, 124.667930603, 125.28326416, 125.898590088, 126.525527954, 127.15246582, 127.779411316, 128.406341553, 129.021682739, 129.637008667, 130.263946533, 130.890884399, 131.517822266, 132.144760132, 132.783309937, 133.421859741, 134.060409546, 134.698959351, 135.325897217, 135.97605896, 136.602996826, 137.241546631, 137.880081177, 138.507034302, 139.133972168, 139.760910034, 140.3878479, 141.014785767, 141.630111694, 142.245437622, 142.872375488, 143.510925293, 144.149475098, 144.776412964, 145.414962769, 146.053512573, 146.680450439, 147.307388306, 147.934326172, 148.561264038, 149.188201904, 149.815139771, 150.442077637, 151.069015503, 151.695953369, 152.322906494, 152.94984436, 153.588394165, 154.215332031, 154.853881836, 155.480819702, 156.107757568, 156.734695435, 157.361633301, 157.988571167, 158.627120972, 159.265670776, 159.904220581, 160.542770386, 161.169708252, 161.796646118, 162.423583984, 163.050521851, 163.677459717, 164.304397583, 164.942947388, 165.593109131, 166.231658936, 166.858596802, 167.485534668, 168.112472534, 168.7394104, 169.366348267, 169.993286133, 170.643447876, 171.293609619, 171.943756104, 172.593917847, 173.24407959, 173.894241333, 174.532791138, 175.171340942, 175.821487427, 176.47164917, 177.110198975, 177.760360718, 178.398910522, 179.025848389, 179.652786255, 180.279724121, 180.906661987, 181.533599854, 182.183761597, 182.83392334, 183.472473145, 184.122619629, 184.761169434, 185.399719238, 186.038269043, 186.688430786, 187.326980591, 187.965530396, 188.615692139, 189.254241943, 189.892791748, 190.531341553, 191.169876099, 191.796829224, 192.412155151, 193.050704956, 193.689254761, 194.339401245, 194.97795105, 195.628112793, 196.266662598, 196.905212402, 197.543762207, 198.182312012, 198.809249878, 199.447799683, 200.074737549, 200.690063477, 201.317001343, 201.943939209, 202.582489014, 203.221038818, 203.871200562, 204.521362305, 205.171508789, 205.821670532, 206.471832275, 207.098770142, 207.737319946, 208.375869751, 209.002807617, 209.65296936, 210.291519165, 210.93006897, 211.568618774, 212.207168579, 212.857315063, 213.507476807, 214.146026611, 214.796188354, 215.434738159, 216.084899902, 216.711837769, 217.350387573, 217.988937378, 218.615875244, 219.24281311, 219.869750977, 220.496688843, 221.123626709, 221.750564575, 222.377502441, 223.027664185, 223.654602051, 224.293151855, 224.93170166, 225.558639526, 226.20880127, 226.858947754, 227.369796753, 227.834197998, 228.298583984, 228.762985229, 229.076461792, 229.389923096, 229.715011597, 230.040084839, 230.36517334, 230.678634644, 231.003707886, 231.328796387, 231.653869629, 231.990570068, 232.327255249, 232.66394043, 233.00062561, 233.383758545, 233.778503418, 234.173233032, 234.567977905, 234.962722778, 235.369064331, 235.775421143, 236.181762695, 236.622940063, 237.052505493, 237.482086182, 237.92326355, 238.352828979, 238.782394409, 239.223571777, 239.664764404], "beats_loudness": {"dvar2": 0.000391527632019, "var": 0.000353417999577, "min": 1.86688040027e-10, "dmean": 0.0138657623902, "mean": 0.0473192073405, "max": 0.0986754074693, "dmean2": 0.0235016383231, "median": 0.048227597028, "dvar": 0.000136544724228}, "bpm_histogram_second_peak_weight": {"dvar2": 0, "var": 0, "min": 0.015306122601, "dmean": 0, "mean": 0.015306122601, "max": 0.015306122601, "dmean2": 0, "median": 0.015306122601, "dvar": 0}, "bpm_histogram_second_peak_spread": {"dvar2": 0, "var": 0, "min": 0, "dmean": 0, "mean": 0, "max": 0, "dmean2": 0, "median": 0, "dvar": 0}, "bpm_histogram_second_peak_bpm": {"dvar2": 0, "var": 0, "min": 185, "dmean": 0, "mean": 185, "max": 185, "dmean2": 0, "median": 185, "dvar": 0}, "onset_rate": 3.56460404396}, "lowlevel": {"spectral_energyband_high": {"dvar2": 1.65795586327e-06, "var": 2.83617850982e-06, "min": 7.82209290653e-21, "dmean": 0.000335595395882, "mean": 0.00070775608765, "max": 0.0295052006841, "dmean2": 0.000444889941718, "median": 0.000279772444628, "dvar": 8.94057905043e-07}, "spectral_energyband_middle_low": {"dvar2": 0.000113388749014, "var": 0.000123420279124, "min": 4.23902901875e-22, "dmean": 0.00466524576768, "mean": 0.0194202661514, "max": 0.147452160716, "dmean2": 0.00710054347292, "median": 0.0174808390439, "dvar": 4.89573503728e-05}, "spectral_energy": {"dvar2": 0.000244234950515, "var": 0.000265573908109, "min": 1.12705991867e-20, "dmean": 0.00736610963941, "mean": 0.0340958870947, "max": 0.166400894523, "dmean2": 0.011132854037, "median": 0.0311002638191, "dvar": 0.000107829153421}, "spectral_spread": {"dvar2": 724974108672, "var": 2718718754820.0, "min": 637387, "dmean": 504458.3125, "mean": 3846606.5, "max": 42085024, "dmean2": 660547.1875, "median": 3643010, "dvar": 443190116352}, "spectral_energyband_low": {"dvar2": 0.000127882143715, "var": 5.93583645241e-05, "min": 7.91301893297e-23, "dmean": 0.0029799118638, "mean": 0.0050965519622, "max": 0.0727858766913, "dmean2": 0.0047683021985, "median": 0.00321022793651, "dvar": 5.31318000867e-05}, "spectral_rolloff": {"dvar2": 605681.4375, "var": 3346591, "min": 129.19921875, "dmean": 206.431228638, "mean": 1416.07470703, "max": 19659.8144531, "dmean2": 338.626678467, "median": 1119.7265625, "dvar": 316542.28125}, "barkbands": {"dvar2": [8.58042454865e-08, 3.9629470848e-05, 3.61525926564e-05, 6.27704548606e-06, 7.00409218553e-05, 9.42476071941e-06, 5.54500911676e-06, 5.25492441739e-06, 8.33365174913e-06, 1.24653906823e-05, 3.93579057345e-06, 3.67396023648e-06, 5.7477569726e-07, 5.74048840463e-07, 6.65437426051e-07, 1.72473335169e-07, 9.44130533753e-08, 1.91536685179e-07, 5.02779364808e-08, 3.33296519273e-08, 3.39282131279e-08, 1.8868411189e-07, 3.04946496499e-07, 1.14981801858e-07, 1.55807580171e-08, 7.74631203626e-09, 4.84443862803e-09], "var": [5.10463777914e-08, 2.14995579881e-05, 9.88002375379e-06, 6.29015721643e-06, 3.93817499571e-05, 1.01091964098e-05, 6.98544181432e-06, 4.2090050556e-06, 1.32337117975e-05, 1.16039300337e-05, 8.9442864919e-06, 5.07374625158e-06, 6.24888912171e-07, 5.40740302313e-07, 6.20462230927e-07, 1.54341478265e-07, 7.49630757468e-08, 1.87767668081e-07, 4.98486762979e-08, 3.50388873471e-08, 4.14984384633e-08, 2.74798082955e-07, 3.96947342551e-07, 1.05581065668e-07, 1.56225592463e-08, 5.06617547913e-09, 3.21587112495e-09], "min": [2.92819993091e-23, 4.21674489724e-23, 1.02133237642e-23, 6.77388706198e-24, 4.07480767892e-23, 1.87441855001e-23, 1.24472393238e-22, 7.47767310511e-23, 1.53691801167e-22, 6.09033435444e-23, 1.94274049928e-22, 1.15207417544e-22, 9.95693166376e-23, 9.1279158452e-23, 6.62696802927e-23, 4.26370408299e-22, 1.59031985599e-22, 1.66781035691e-22, 2.54341756271e-22, 3.03388255353e-22, 5.23520761857e-22, 5.82314148605e-22, 6.20618103962e-22, 8.27697196539e-22, 1.30144005273e-21, 1.61522009269e-21, 2.4509549362e-21], "dmean": [7.57068482926e-05, 0.0017290454125, 0.00127394252922, 0.000929322210141, 0.00242895260453, 0.00114587042481, 0.00100079050753, 0.000863554130774, 0.00136866478715, 0.00160844251513, 0.000884395034518, 0.000814677157905, 0.000286693510134, 0.00033506838372, 0.000289233110379, 0.000183313866728, 0.000119020136481, 0.000146048652823, 9.70069086179e-05, 6.35847536614e-05, 6.28428460914e-05, 8.45258546178e-05, 8.24184244266e-05, 5.85296365898e-05, 3.37770179613e-05, 2.69807296718e-05, 1.7803226001e-05], "mean": [8.58938874444e-05, 0.00261298613623, 0.00141113076825, 0.00226767756976, 0.00462194718421, 0.00259758997709, 0.00257229129784, 0.00203772680834, 0.00376862334087, 0.00409177411348, 0.00209115515463, 0.00204052496701, 0.000578876002692, 0.000706508697476, 0.000553645135369, 0.000408673018683, 0.00026045422419, 0.00035230035428, 0.000251173914876, 0.000139172567287, 0.000131267253892, 0.000165959019796, 0.000144075704156, 9.67132218648e-05, 5.28075615875e-05, 3.49023866875e-05, 1.9988634449e-05], "max": [0.00249544647522, 0.0508582442999, 0.0479683838785, 0.0411139801145, 0.114405475557, 0.0409995466471, 0.0500065386295, 0.043561372906, 0.0375651158392, 0.0463080145419, 0.035788603127, 0.0367137864232, 0.0190862547606, 0.00891278777272, 0.0195764191449, 0.00564789678901, 0.004419779405, 0.00942053180188, 0.00599307473749, 0.00369863118976, 0.00317103136331, 0.0110577102751, 0.0166546795517, 0.0112979086116, 0.00305632199161, 0.000964599079452, 0.000779311580118], "dmean2": [0.000109875501948, 0.00275661749765, 0.00224141054787, 0.0015157663729, 0.00391177972779, 0.00174260127824, 0.00150704965927, 0.00129345082678, 0.00202228873968, 0.0024585807696, 0.00132562301587, 0.00125754554756, 0.000454331195215, 0.000534472463187, 0.000465323828394, 0.000293205986964, 0.000189662416233, 0.000234352686675, 0.000153740184032, 9.63004058576e-05, 9.18882287806e-05, 0.000119673852168, 0.000118028583529, 8.42787776492e-05, 4.76088134747e-05, 3.94648850488e-05, 2.59675380221e-05], "median": [1.1912195987e-05, 0.0011115972884, 0.000509770063218, 0.00159871566575, 0.00285698543303, 0.00150581798516, 0.00177884392906, 0.0014396070037, 0.00273698777892, 0.00335779157467, 0.00126027548686, 0.00154653051868, 0.000395963666961, 0.000500610447489, 0.000334414420649, 0.000306074274704, 0.000186648860108, 0.00024525844492, 0.000195031097974, 8.31478755572e-05, 6.82864629198e-05, 5.33492093382e-05, 2.99292842101e-05, 2.36417854467e-05, 1.67249636434e-05, 7.86283453635e-06, 1.09000779958e-06], "dvar": [4.17333403391e-08, 1.76855319296e-05, 1.30574817376e-05, 2.53869734479e-06, 2.87544025923e-05, 3.84362874684e-06, 2.2620006348e-06, 2.05515129892e-06, 3.4874362882e-06, 4.8677165978e-06, 1.84153509508e-06, 1.38185464493e-06, 2.56122717701e-07, 2.2917991771e-07, 2.84635120806e-07, 7.22876905002e-08, 4.08655118633e-08, 8.18061778318e-08, 2.23382237152e-08, 1.51466004183e-08, 1.55225521326e-08, 9.52391658871e-08, 1.51589119923e-07, 5.42299467554e-08, 7.45568051741e-09, 3.51714235514e-09, 2.3425812401e-09]}, "melbands_skewness": {"dvar2": 0.350440353155, "var": 0.649763703346, "min": -1.97848582268, "dmean": 0.355653256178, "mean": 1.16174423695, "max": 11.3166904449, "dmean2": 0.534856975079, "median": 1.10545897484, "dvar": 0.152103304863}, "barkbands_skewness": {"dvar2": 0.208592325449, "var": 0.538245022297, "min": -4.14216566086, "dmean": 0.293966710567, "mean": 0.856414079666, "max": 6.83946418762, "dmean2": 0.440431773663, "median": 0.862501740456, "dvar": 0.0923859030008}, "erbbands": {"dvar2": [0.044519983232, 2.37009596825, 40.4376678467, 38.8109893799, 521.981811523, 889.397277832, 430.520202637, 715.206481934, 947.614135742, 922.337097168, 3688.09863281, 5573.9609375, 7696.95800781, 17083.7578125, 4779.62792969, 5358.52392578, 1417.67858887, 1318.26281738, 1819.63781738, 462.755096436, 488.153564453, 232.712036133, 483.62210083, 237.958511353, 109.292266846, 75.8822784424, 53.9337158203, 69.1677017212, 240.28843689, 481.947540283, 228.093261719, 114.872512817, 14.211730957, 3.33360314369, 0.60776001215, 0.142685562372, 0.0271737705916, 0.00489425938576, 0.000145495185279, 3.73690596689e-07], "var": [0.0250994544476, 1.00610697269, 11.0213403702, 24.7513523102, 304.384277344, 458.559295654, 361.919036865, 845.991333008, 1232.37353516, 965.648986816, 3168.40820312, 9928.16503906, 8070.47900391, 16008.7148438, 11257.5419922, 7558.78759766, 1510.92175293, 1388.2779541, 1802.15686035, 442.956237793, 408.378753662, 214.976226807, 423.703582764, 236.464889526, 112.569885254, 81.0785522461, 61.1677398682, 88.6914749146, 319.602935791, 517.295898438, 292.276306152, 89.4362564087, 16.8121852875, 3.49496126175, 0.475226193666, 0.075928196311, 0.0186918787658, 0.00339432619512, 9.30487149162e-05, 2.43147979972e-07], "min": [2.29786149549e-21, 4.9444640336e-21, 1.58462909167e-20, 1.84057072854e-20, 1.57347750148e-20, 1.65391403059e-19, 1.92437494903e-19, 2.22618989009e-19, 9.69894083637e-19, 2.3123916742e-18, 1.51714995266e-18, 3.20140775985e-18, 2.84075391085e-18, 5.3995211237e-18, 5.37100944876e-18, 4.82994936932e-18, 5.40781485012e-18, 4.32310933823e-18, 3.41146820846e-18, 1.36414912581e-17, 1.91577180537e-17, 9.39213458409e-18, 9.76938601887e-18, 1.04488677428e-17, 1.25711898558e-17, 1.28785255037e-17, 2.29830578098e-17, 1.83685017225e-17, 1.77848215756e-17, 2.38218950516e-17, 1.64691262913e-17, 1.80368817062e-17, 1.33170966645e-17, 1.48309099774e-17, 8.93546222997e-18, 5.54542585759e-18, 3.42895253186e-18, 1.29806196504e-18, 3.43784405136e-19, 3.43860111549e-20], "dmean": [0.0555793829262, 0.401229918003, 1.34549701214, 2.08871769905, 6.79986667633, 8.34820461273, 7.70960187912, 9.18860721588, 12.8718252182, 11.6302375793, 22.6228809357, 31.8616027832, 39.1335792542, 52.1562690735, 33.0375213623, 32.1716804504, 13.7411298752, 16.083108902, 15.9539079666, 8.31448745728, 10.2661762238, 6.18069648743, 7.56756877899, 5.70153808594, 4.27686262131, 3.02300548553, 2.75610971451, 2.40239429474, 3.01170420647, 2.96817445755, 2.28889107704, 1.5710195303, 0.803357541561, 0.433253347874, 0.219888865948, 0.106552705169, 0.0496555007994, 0.0188844017684, 0.00304262642749, 0.000156842826982], "mean": [0.0812543258071, 0.566945135593, 1.55653333664, 4.84120035172, 13.3429002762, 15.3573141098, 16.2301959991, 21.4235248566, 34.2626495361, 30.027015686, 56.5725059509, 89.1885986328, 114.780189514, 123.16847229, 90.143447876, 84.0641098022, 33.4906234741, 36.3672294617, 34.960308075, 19.5434036255, 22.5963573456, 15.6367692947, 18.7274589539, 15.1558685303, 10.9396400452, 6.75322818756, 5.65710639954, 5.01077699661, 5.90147590637, 5.21799612045, 3.93038678169, 2.53429341316, 1.33007597923, 0.691479921341, 0.328580707312, 0.139583677053, 0.0633123219013, 0.0225362833589, 0.003414809471, 0.000204764437512], "max": [1.67987310886, 11.3343601227, 39.3205833435, 90.3117675781, 287.03994751, 378.507873535, 252.735015869, 393.938262939, 716.797546387, 367.085418701, 860.489440918, 1152.60913086, 1235.0859375, 1851.13903809, 1378.42553711, 1421.58288574, 1107.66027832, 484.891479492, 910.854675293, 349.905822754, 328.989959717, 212.743972778, 540.765075684, 375.323791504, 263.899383545, 203.702087402, 151.716903687, 167.632888794, 534.7578125, 661.563232422, 397.748504639, 383.773132324, 82.6658554077, 46.7223396301, 18.1996021271, 4.72808218002, 2.08212924004, 0.807232260704, 0.151205047965, 0.00612139282748], "dmean2": [0.0872381031513, 0.661609232426, 2.35444092751, 3.48133397102, 10.9714670181, 13.7062139511, 11.9778079987, 14.0628051758, 19.1847305298, 18.4310474396, 33.6718215942, 46.392665863, 59.2036972046, 78.7652893066, 48.9209022522, 49.9532623291, 21.6541557312, 25.5082740784, 25.3700218201, 13.2464427948, 16.5873298645, 9.72877025604, 12.0189085007, 9.03866195679, 6.68558835983, 4.56244182587, 4.10718488693, 3.43242931366, 4.34545087814, 4.25105810165, 3.27084684372, 2.28135323524, 1.14771080017, 0.615193545818, 0.315976500511, 0.158692851663, 0.0733410269022, 0.0274876710027, 0.00447210948914, 0.000229013923672], "median": [0.0277803093195, 0.246179312468, 0.647519111633, 3.66928076744, 8.48758506775, 9.62628746033, 9.93522548676, 11.633934021, 23.7050819397, 21.3909912109, 40.4448165894, 58.6299591064, 94.6827087402, 87.6677856445, 64.0970306396, 64.6437454224, 25.9078445435, 26.0070838928, 23.1964874268, 13.7351617813, 17.2792854309, 11.645655632, 13.4096336365, 11.6694326401, 8.11674594879, 4.06527709961, 3.23367667198, 2.09995007515, 1.98591315746, 1.21539819241, 0.813892364502, 0.583369851112, 0.339269042015, 0.20263594389, 0.109410628676, 0.0392623469234, 0.0128667354584, 0.00261548697017, 0.000201371789444, 5.15936953889e-05], "dvar": [0.0208336878568, 0.945911705494, 14.5897359848, 14.7408809662, 216.947052002, 346.472198486, 171.200592041, 295.440917969, 398.381347656, 356.088043213, 1458.96386719, 2474.54980469, 2845.51757812, 6943.80517578, 2268.51367188, 2037.36853027, 639.306091309, 531.04901123, 776.031311035, 200.313705444, 203.509460449, 102.453918457, 210.417984009, 102.688117981, 48.4927368164, 34.6684417725, 24.3203887939, 32.2326622009, 116.343887329, 215.978485107, 114.0754776, 52.257598877, 7.0319018364, 1.60751223564, 0.270519912243, 0.0597466751933, 0.0126244844869, 0.00236094952561, 6.93145266268e-05, 1.79946027856e-07]}, "silence_rate_30dB": {"dvar2": 0.00154395960271, "var": 0.000386177649489, "min": 0, "dmean": 0.000579486193601, "mean": 0.999613702297, "max": 1, "dmean2": 0.00115908437874, "median": 1, "dvar": 0.00057921546977}, "melbands_spread": {"dvar2": 49.7229995728, "var": 200.031158447, "min": 1.50529551506, "dmean": 3.46218633652, "mean": 22.3606681824, "max": 188.149078369, "dmean2": 5.23851156235, "median": 20.7491111755, "dvar": 23.8321208954}, "melbands_crest": {"dvar2": 13.9387331009, "var": 12.291264534, "min": 2.18010354042, "dmean": 2.26795434952, "mean": 9.78479671478, "max": 25.8710250854, "dmean2": 3.64125204086, "median": 8.94122505188, "dvar": 5.71473264694}, "zerocrossingrate": {"dvar2": 8.94070908544e-05, "var": 0.00306791299954, "min": 0.00830078125, "dmean": 0.00683617312461, "mean": 0.0578469224274, "max": 0.69921875, "dmean2": 0.0079652145505, "median": 0.048828125, "dvar": 8.73645913089e-05}, "barkbands_kurtosis": {"dvar2": 4.05904865265, "var": 9.7705078125, "min": -1.92160570621, "dmean": 0.945435464382, "mean": 1.8571189642, "max": 73.7497558594, "dmean2": 1.44727838039, "median": 1.26647758484, "dvar": 1.67628777027}, "spectral_flux": {"dvar2": 0.0014296087902, "var": 0.00163361325394, "min": 1.06163078328e-10, "dmean": 0.0201206579804, "mean": 0.0784779787064, "max": 0.338489949703, "dmean2": 0.0313462093472, "median": 0.0711586847901, "dvar": 0.000640870130155}, "barkbands_crest": {"dvar2": 6.85450935364, "var": 8.09160709381, "min": 2.39226388931, "dmean": 1.6477959156, "mean": 7.43822860718, "max": 20.5320968628, "dmean2": 2.61108899117, "median": 6.80213069916, "dvar": 2.71011328697}, "barkbands_flatness_db": {"dvar2": 0.00037606767728, "var": 0.00273333350196, "min": 0.0350537635386, "dmean": 0.0147729264572, "mean": 0.126858904958, "max": 0.40068179369, "dmean2": 0.0199932828546, "median": 0.115575671196, "dvar": 0.000203967734706}, "spectral_entropy": {"dvar2": 0.0208199936897, "var": 0.192812770605, "min": 4.94445133209, "dmean": 0.110299654305, "mean": 7.52357625961, "max": 9.80179595947, "dmean2": 0.147183299065, "median": 7.56012630463, "dvar": 0.0125006344169}, "pitch_salience": {"dvar2": 0.00569985900074, "var": 0.0064857499674, "min": 0.264679312706, "dmean": 0.0510428883135, "mean": 0.666731536388, "max": 0.907448410988, "dmean2": 0.0801076442003, "median": 0.671327233315, "dvar": 0.00222710659727}, "erbbands_spread": {"dvar2": 47.9454460144, "var": 146.010894775, "min": 1.59690666199, "dmean": 4.20325231552, "mean": 22.8306064606, "max": 107.760536194, "dmean2": 6.03935432434, "median": 20.4626731873, "dvar": 26.0029640198}, "dynamic_complexity": 1.6282491684, "spectral_contrast_valleys": {"dvar2": [0.292279183865, 0.164274588227, 0.0949941799045, 0.0821234360337, 0.0653872191906, 0.255201816559], "var": [1.95600748062, 1.47038471699, 1.50679183006, 1.40634703636, 1.46829378605, 1.96698904037], "min": [-27.0769290924, -27.2096500397, -27.1374111176, -27.2550678253, -27.4233188629, -27.3508930206], "dmean": [0.378993570805, 0.285884708166, 0.226975023746, 0.210858926177, 0.183962523937, 0.337479680777], "mean": [-7.41480541229, -6.18689441681, -6.32022333145, -7.17904901505, -7.3990020752, -10.373878479], "max": [-5.30782175064, -4.60309505463, -5.10076904297, -5.73944854736, -5.4946475029, -7.38819932938], "dmean2": [0.609482288361, 0.469256341457, 0.36810541153, 0.340116977692, 0.270807623863, 0.403497606516], "median": [-7.13373851776, -6.03557491302, -6.13187456131, -6.99478673935, -7.22306394577, -10.0874681473], "dvar": [0.137962281704, 0.0711210146546, 0.0458853468299, 0.0425099097192, 0.0427165962756, 0.157492622733]}, "hfc": {"dvar2": 126.132171631, "var": 263.384216309, "min": 1.21520905267e-16, "dmean": 5.40999269485, "mean": 27.1206302643, "max": 223.202911377, "dmean2": 7.62663984299, "median": 23.1942672729, "dvar": 66.253868103}, "spectral_kurtosis": {"dvar2": 63.0148162842, "var": 202.826599121, "min": -1.23857009411, "dmean": 2.43090486526, "mean": 8.52634048462, "max": 165.607910156, "dmean2": 4.14764213562, "median": 5.96777248383, "dvar": 19.9052410126}, "mfcc": {"mean": [-617.328796387, 146.557220459, -17.979265213, 3.20451688766, -14.0834875107, -2.44795274734, -0.55223184824, 8.25982284546, -1.75252592564, -2.53542852402, -2.29443883896, -6.64487695694, -4.72806739807], "cov": [[6728.85449219, -461.183227539, 114.317024231, 99.0043258667, 130.97668457, 227.713150024, 127.437416077, 42.8080978394, -97.7571258545, -67.0301513672, -102.973632812, -14.2791662216, -84.1688613892], [-461.183227539, 1333.86303711, -429.59161377, 75.3410568237, -102.530532837, -111.30292511, -28.1229724884, 59.4831237793, 47.5891418457, -4.46387672424, 65.5634231567, -22.7697143555, 57.8788528442], [114.317024231, -429.59161377, 719.316162109, -65.2099914551, 145.259109497, 34.3030815125, 43.2827606201, -10.1094074249, 47.9180450439, 65.5554656982, -24.1913852692, 59.9931983948, -19.1968612671], [99.0043258667, 75.3410568237, -65.2099914551, 166.289123535, 42.4618339539, 57.8152351379, 34.1697044373, 30.2319545746, 15.1855516434, -1.4884506464, 14.0378417969, -0.70766055584, 17.0624580383], [130.97668457, -102.530532837, 145.259109497, 42.4618339539, 165.249450684, 55.3985061646, 62.2109031677, 17.1813755035, 31.6402359009, 27.5580272675, -1.99571502209, 21.5195121765, -1.77425658703], [227.713150024, -111.30292511, 34.3030815125, 57.8152351379, 55.3985061646, 122.927963257, 56.9199447632, 28.5715789795, 10.4673280716, 16.341506958, 14.024523735, 1.69662594795, -2.59893488884], [127.437416077, -28.1229724884, 43.2827606201, 34.1697044373, 62.2109031677, 56.9199447632, 103.992332458, 48.7216835022, 25.4548301697, 17.8671798706, 16.1148357391, 23.2427482605, 12.1203079224], [42.8080978394, 59.4831237793, -10.1094074249, 30.2319545746, 17.1813755035, 28.5715789795, 48.7216835022, 78.3944091797, 34.3069152832, 16.6782913208, 18.5904216766, 13.664894104, 19.8364257812], [-97.7571258545, 47.5891418457, 47.9180450439, 15.1855516434, 31.6402359009, 10.4673280716, 25.4548301697, 34.3069152832, 74.1626815796, 36.9671516418, 17.2636051178, 19.8107471466, 16.3605709076], [-67.0301513672, -4.46387672424, 65.5554656982, -1.4884506464, 27.5580272675, 16.341506958, 17.8671798706, 16.6782913208, 36.9671516418, 66.4897766113, 29.705789566, 19.9325428009, 8.45689487457], [-102.973632812, 65.5634231567, -24.1913852692, 14.0378417969, -1.99571502209, 14.024523735, 16.1148357391, 18.5904216766, 17.2636051178, 29.705789566, 61.3214530945, 19.808795929, 16.9820575714], [-14.2791662216, -22.7697143555, 59.9931983948, -0.70766055584, 21.5195121765, 1.69662594795, 23.2427482605, 13.664894104, 19.8107471466, 19.9325428009, 19.808795929, 57.4168548584, 23.6085395813], [-84.1688613892, 57.8788528442, -19.1968612671, 17.0624580383, -1.77425658703, -2.59893488884, 12.1203079224, 19.8364257812, 16.3605709076, 8.45689487457, 16.9820575714, 23.6085395813, 62.8640861511]], "icov": [[0.000173356951564, 4.73547015645e-06, 6.21999845407e-07, -3.16559926432e-05, -2.20683941734e-05, -0.000283774017589, -6.48974091746e-05, -0.000168078680872, 0.000295647914754, 2.75854617939e-05, 0.000334885553457, -0.000176219313289, 0.000184782998986], [4.73547015645e-06, 0.0012239923235, 0.000530319230165, -0.000557071878575, 3.25240180246e-05, 0.00153838295955, -6.52126036584e-05, -0.000614438671619, -0.000873771437909, 9.91243941826e-05, -0.00108502607327, 0.000820765621029, -0.000337532517733], [6.21999845407e-07, 0.000530319230165, 0.00251759239472, 0.000889327086043, -0.00149948813487, 5.78854342166e-05, 0.000106889085146, 0.000376577168936, -0.000899754697457, -0.00162608106621, 0.00149622326717, -0.00187529309187, 0.000613616139162], [-3.16559926432e-05, -0.000557071878575, 0.000889327086043, 0.00910132844001, -0.00253751291893, -0.00419841520488, 0.00082426390145, -0.000853517965879, -0.00104096939322, 0.00234167580493, -0.000743664859328, 0.000476681278087, -0.00188519328367], [-2.20683941734e-05, 3.25240180246e-05, -0.00149948813487, -0.00253751291893, 0.0110941557214, -0.00143296085298, -0.00501796649769, 0.00262465258129, -0.00217826734297, -0.00197938922793, 0.00276727834716, -0.00112279620953, 0.00107178499456], [-0.000283774017589, 0.00153838295955, 5.78854342166e-05, -0.00419841520488, -0.00143296085298, 0.0161811280996, -0.00549618853256, -0.00163048610557, 0.000975777336862, -0.0020760060288, -0.00391873111948, 0.00443071266636, 0.000983538571745], [-6.48974091746e-05, -6.52126036584e-05, 0.000106889085146, 0.00082426390145, -0.00501796649769, -0.00549618853256, 0.0205706972629, -0.009467353113, 0.000598523009103, 0.00166667904705, -0.00114207528532, -0.00460323877633, 9.18066434679e-05], [-0.000168078680872, -0.000614438671619, 0.000376577168936, -0.000853517965879, 0.00262465258129, -0.00163048610557, -0.009467353113, 0.0239000469446, -0.00807182118297, 0.000292855635053, -0.000854748243, 0.000733422872145, -0.00300542754121], [0.000295647914754, -0.000873771437909, -0.000899754697457, -0.00104096939322, -0.00217826734297, 0.000975777336862, 0.000598523009103, -0.00807182118297, 0.0251507982612, -0.0106288688257, 0.00244844541885, -0.0021577225998, -0.00134820840321], [2.75854617939e-05, 9.91243941826e-05, -0.00162608106621, 0.00234167580493, -0.00197938922793, -0.0020760060288, 0.00166667904705, 0.000292855635053, -0.0106288688257, 0.0291053410619, -0.0124630127102, -0.000590909563471, 0.00069751549745], [0.000334885553457, -0.00108502607327, 0.00149622326717, -0.000743664859328, 0.00276727834716, -0.00391873111948, -0.00114207528532, -0.000854748243, 0.00244844541885, -0.0124630127102, 0.0286149661988, -0.00809783115983, -0.00113739492372], [-0.000176219313289, 0.000820765621029, -0.00187529309187, 0.000476681278087, -0.00112279620953, 0.00443071266636, -0.00460323877633, 0.000733422872145, -0.0021577225998, -0.000590909563471, -0.00809783115983, 0.0290768686682, -0.00897728465497], [0.000184782998986, -0.000337532517733, 0.000613616139162, -0.00188519328367, 0.00107178499456, 0.000983538571745, 9.18066434679e-05, -0.00300542754121, -0.00134820840321, 0.00069751549745, -0.00113739492372, -0.00897728465497, 0.0221018251032]]}, "silence_rate_20dB": {"dvar2": 0, "var": 0, "min": 1, "dmean": 0, "mean": 1, "max": 1, "dmean2": 0, "median": 1, "dvar": 0}, "melbands_kurtosis": {"dvar2": 15.0793476105, "var": 34.9674034119, "min": -1.39724564552, "dmean": 1.52936625481, "mean": 3.13849234581, "max": 212.763305664, "dmean2": 2.3541893959, "median": 2.11468505859, "dvar": 6.83320236206}, "barkbands_spread": {"dvar2": 25.3151569366, "var": 90.5612106323, "min": 1.32468819618, "dmean": 2.82310175896, "mean": 16.5196933746, "max": 157.640869141, "dmean2": 4.05387210846, "median": 15.0951519012, "dvar": 13.9495353699}, "erbbands_skewness": {"dvar2": 0.0991733297706, "var": 0.246400460601, "min": -1.75667846203, "dmean": 0.229780167341, "mean": 0.63856613636, "max": 4.41780805588, "dmean2": 0.346894800663, "median": 0.629801034927, "dvar": 0.0426519773901}, "average_loudness": 0.931949198246, "spectral_centroid": {"dvar2": 47293.7421875, "var": 155064.40625, "min": 205.801086426, "dmean": 121.892105103, "mean": 1102.41638184, "max": 11619.8320312, "dmean2": 181.858062744, "median": 1045.6072998, "dvar": 26957.484375}, "dissonance": {"dvar2": 0.000739107606933, "var": 0.0011368454434, "min": 0.0689052566886, "dmean": 0.0178691837937, "mean": 0.458659112453, "max": 0.500000238419, "dmean2": 0.0297100041062, "median": 0.465639770031, "dvar": 0.00027830680483}, "erbbands_flatness_db": {"dvar2": 0.000637010845821, "var": 0.00350758526474, "min": 0.015185826458, "dmean": 0.0178321506828, "mean": 0.18091031909, "max": 0.451075196266, "dmean2": 0.0226786378771, "median": 0.17027144134, "dvar": 0.000381289224606}, "spectral_strongpeak": {"dvar2": 1.63176071644, "var": 1.49482929707, "min": 0, "dmean": 0.62941300869, "mean": 1.4417091608, "max": 10.0940284729, "dmean2": 1.06963896751, "median": 1.10650205612, "dvar": 0.674900352955}, "spectral_rms": {"dvar2": 1.1474544408e-06, "var": 2.14358760786e-06, "min": 3.31597748392e-12, "dmean": 0.000575654616114, "mean": 0.00557857146487, "max": 0.012741362676, "dmean2": 0.000857626728248, "median": 0.00550833204761, "dvar": 5.2514434401e-07}, "silence_rate_60dB": {"dvar2": 0.0017362277722, "var": 0.0203318204731, "min": 0, "dmean": 0.000772648258135, "mean": 0.0207629166543, "max": 1, "dmean2": 0.00154544576071, "median": 0, "dvar": 0.000772048486397}, "melbands": {"dvar2": [2.92828121928e-06, 7.77331933932e-06, 1.43778606798e-06, 4.95941185363e-06, 4.50855623058e-07, 3.34092078447e-07, 2.35543808458e-07, 1.09395308812e-07, 2.75478470257e-07, 1.9776528859e-07, 1.912651868e-07, 3.11556590304e-07, 8.60945306158e-08, 7.27793931787e-08, 1.04185646777e-08, 6.05924288521e-09, 5.66944535763e-09, 4.51075088392e-09, 3.04833736031e-09, 8.61641313854e-10, 9.17977693859e-10, 3.02406766295e-10, 5.15257669864e-10, 5.08801278887e-10, 1.6950765791e-10, 9.08716712988e-11, 5.52088895434e-11, 3.98773375432e-11, 2.88226283118e-11, 2.05085653321e-11, 3.07395081611e-11, 8.25371507251e-11, 1.10027750799e-10, 1.95366930966e-10, 1.02459020435e-10, 7.10833406026e-11, 3.59499791047e-11, 9.13634185667e-12, 3.95759466865e-12, 2.2391977595e-12], "var": [1.72158456735e-06, 2.4044750262e-06, 1.01828516108e-06, 2.65690482593e-06, 3.43275189607e-07, 3.86188304446e-07, 3.16159855629e-07, 1.03328453349e-07, 2.38526610019e-07, 3.4299259255e-07, 1.98805665264e-07, 2.84065805545e-07, 2.04120183867e-07, 1.0047521215e-07, 1.30747643823e-08, 6.39152997195e-09, 5.35681943248e-09, 4.32976143827e-09, 2.78421219413e-09, 7.72821473483e-10, 6.73941291662e-10, 2.30518104605e-10, 4.10490086367e-10, 5.46076017738e-10, 1.47642800763e-10, 7.95399926479e-11, 5.31739305365e-11, 3.41137153248e-11, 2.49209142905e-11, 2.37169433398e-11, 3.33763121307e-11, 9.67660535034e-11, 1.4515827429e-10, 1.79970885417e-10, 1.21689255894e-10, 5.71543368189e-11, 2.65936023203e-11, 9.878567582e-12, 4.26345287199e-12, 2.0605706811e-12], "min": [1.6294655638e-23, 7.77969339361e-24, 2.74377162711e-24, 5.17480408152e-24, 8.53122776738e-24, 4.43595025237e-24, 1.91455689727e-23, 2.40467696655e-23, 1.08990986929e-23, 2.3303451278e-23, 1.42124320351e-23, 2.04523991038e-23, 2.32737664422e-23, 1.22996273557e-23, 1.1745496746e-23, 1.10639840327e-23, 7.78216095052e-24, 5.43672246813e-24, 8.52414458531e-24, 2.62885214538e-23, 2.15682460096e-23, 9.83183220815e-24, 6.32236437908e-24, 1.00035467168e-23, 7.97113652467e-24, 1.11606336931e-23, 8.11627667604e-24, 8.33584112065e-24, 1.57025255985e-23, 1.15763444575e-23, 9.7451679491e-24, 8.92624671022e-24, 1.39815498031e-23, 1.32064568872e-23, 8.95872569141e-24, 9.85825904847e-24, 1.18095404186e-23, 7.95909850726e-24, 1.07754510569e-23, 1.30917967435e-23], "dmean": [0.00047322694445, 0.000622330117039, 0.000450969964731, 0.000622418359853, 0.000253429840086, 0.00020504333952, 0.000205302741961, 0.000124221696751, 0.000199567235541, 0.000198643130716, 0.000195893837372, 0.000220176429139, 0.00013252646022, 0.000100861339888, 4.97794098919e-05, 2.86760205199e-05, 3.28707174049e-05, 2.60834967776e-05, 1.95668380911e-05, 1.02103886093e-05, 1.3527423107e-05, 6.36153208688e-06, 9.13636540645e-06, 6.76066701999e-06, 5.01585282109e-06, 4.08443975175e-06, 2.61051945927e-06, 2.03962690648e-06, 1.86415388725e-06, 1.57805027357e-06, 1.4880430399e-06, 1.80550421192e-06, 1.73199998699e-06, 1.71632188994e-06, 1.43798149566e-06, 1.20480751775e-06, 9.2141414143e-07, 6.20668913598e-07, 4.4601986815e-07, 3.50592159748e-07], "mean": [0.000723227800336, 0.000788981968071, 0.00106061797123, 0.00116856838576, 0.000554512080271, 0.000470513448818, 0.000542673573364, 0.000328642607201, 0.000493320112582, 0.000559964624699, 0.00054970436031, 0.000486380886286, 0.000320563936839, 0.000246876938036, 0.000126094731968, 5.95442397753e-05, 6.89562803018e-05, 5.61546330573e-05, 3.80449528166e-05, 2.21578502533e-05, 2.71476565104e-05, 1.38048790177e-05, 1.96036526177e-05, 1.54846384248e-05, 1.19244095913e-05, 9.29811358219e-06, 5.92651576881e-06, 3.99341843149e-06, 3.48275329998e-06, 3.11253461405e-06, 2.85523765342e-06, 3.40994188264e-06, 3.11613757731e-06, 2.80264498542e-06, 2.34487856687e-06, 1.88195133433e-06, 1.424392849e-06, 9.8924942904e-07, 7.04552746811e-07, 5.35669641977e-07], "max": [0.0141758657992, 0.0160687193274, 0.0150157576427, 0.0308849439025, 0.00774489436299, 0.00865811854601, 0.0110391126946, 0.00575367175043, 0.00582846673205, 0.00659987377003, 0.00603482546285, 0.00793814100325, 0.00590681144968, 0.00546824699268, 0.00189063802827, 0.00182473519817, 0.000878360820934, 0.00115408317652, 0.00138959579635, 0.000534374208655, 0.000495245913044, 0.000267672585323, 0.000487674260512, 0.000440942472778, 0.000299765204545, 0.00021639589977, 0.000160680545378, 0.000115219394502, 0.000114135531476, 6.56349438941e-05, 0.000106926338049, 0.000335313758114, 0.000285129761323, 0.000442906923126, 0.000274876103504, 0.000246844370849, 0.000218227869482, 6.7759945523e-05, 4.08954219893e-05, 3.70592242689e-05], "dmean2": [0.000746350910049, 0.00106178352144, 0.000738964183256, 0.00100824364927, 0.000399402022595, 0.000313235126669, 0.000305795663735, 0.000196303328266, 0.000297495804261, 0.000291428324999, 0.000296230136883, 0.000332381867338, 0.000195864398847, 0.000154897963512, 7.76265587774e-05, 4.52660679002e-05, 5.27191696165e-05, 4.14734713559e-05, 3.1583418604e-05, 1.63023269124e-05, 2.20900328713e-05, 1.01348568933e-05, 1.44973773786e-05, 1.10190867417e-05, 8.04012779554e-06, 6.53669894746e-06, 4.10425582231e-06, 3.13533564622e-06, 2.84647717308e-06, 2.3731033707e-06, 2.17863680518e-06, 2.66601682597e-06, 2.50605376095e-06, 2.538597073e-06, 2.09787026506e-06, 1.76934452156e-06, 1.3636595213e-06, 9.0541436748e-07, 6.51685468256e-07, 5.02811872138e-07], "median": [0.000303879438434, 0.000335120334057, 0.000892390729859, 0.000731460226234, 0.000375477044145, 0.000264192756731, 0.000372672016965, 0.000244761409704, 0.000351891067112, 0.000388198823202, 0.000448014325229, 0.000335770688253, 0.000199651054572, 0.000176830755663, 9.73963033175e-05, 4.04656093451e-05, 4.88038385811e-05, 3.79372686439e-05, 2.41624238697e-05, 1.54960634973e-05, 2.00894519367e-05, 9.72459656623e-06, 1.39278899951e-05, 1.04688488136e-05, 9.09928894544e-06, 6.98360736351e-06, 3.86593683288e-06, 2.15543263948e-06, 1.89901106751e-06, 1.6031370933e-06, 1.0279363778e-06, 1.14774593385e-06, 8.74884221957e-07, 5.66240601074e-07, 4.55650734921e-07, 4.01920715376e-07, 3.3011