{"tonal": {"thpcp": [1, 0.364945262671, 0.123923055828, 0.0970655828714, 0.109868168831, 0.295402139425, 0.37186986208, 0.197766512632, 0.0944845452905, 0.0849409028888, 0.121738865972, 0.323820441961, 0.424874037504, 0.30036893487, 0.514435112476, 0.755303144455, 0.421411067247, 0.106696635485, 0.0903457403183, 0.147666111588, 0.547181963921, 0.771759212017, 0.738880395889, 0.801781475544, 0.439683675766, 0.133779808879, 0.469166696072, 0.640293300152, 0.338769197464, 0.313344806433, 0.401167333126, 0.228942736983, 0.13210593164, 0.146466478705, 0.305079609156, 0.934638023376], "hpcp": {"dmean2": [0.205680727959, 0.1999630481, 0.149968147278, 0.0975786074996, 0.0845386087894, 0.0841839239001, 0.116757199168, 0.128213733435, 0.104296043515, 0.07809227705, 0.0740650743246, 0.0896874442697, 0.133301302791, 0.159632056952, 0.155969411135, 0.15552739799, 0.146012917161, 0.122388280928, 0.0790842473507, 0.072919882834, 0.104098141193, 0.16328266263, 0.171213805676, 0.185586512089, 0.212874367833, 0.144574522972, 0.0963273867965, 0.135673090816, 0.15868806839, 0.14230260253, 0.116465255618, 0.101040251553, 0.0992530807853, 0.0928665176034, 0.106127493083, 0.160002782941], "median": [0.100781947374, 0.126761928201, 0.0505290105939, 0.00616369908676, 0.00377622782253, 0.00625496404245, 0.0249771885574, 0.0338106825948, 0.0175100676715, 0.0040961005725, 0.002847162541, 0.00688063865528, 0.0301275122911, 0.0401808172464, 0.0292515065521, 0.038928501308, 0.043083447963, 0.0222378782928, 0.00670641940087, 0.003576540621, 0.00902569759637, 0.0553446859121, 0.0796888619661, 0.0933192372322, 0.0238128136843, 0.0156454723328, 0.00693496083841, 0.0301982834935, 0.0353658087552, 0.0274942647666, 0.0109563898295, 0.00837603025138, 0.00697231478989, 0.0101121049374, 0.0107740089297, 0.0283353254199], "min": [0, 0, 0, 0, 0, 0, 0, 0, 0, 0, 0, 0, 0, 0, 0, 0, 0, 0, 0, 0, 0, 0, 0, 0, 0, 0, 0, 0, 0, 0, 0, 0, 0, 0, 0, 0], "dvar2": [0.100100673735, 0.0891876220703, 0.0665370747447, 0.0614802315831, 0.0633397102356, 0.0440167784691, 0.0570282824337, 0.0583434067667, 0.0541892386973, 0.0451098382473, 0.0497335605323, 0.0494730398059, 0.0642603114247, 0.0793682187796, 0.0821181610227, 0.0727736726403, 0.0770076587796, 0.0595208778977, 0.049453843385, 0.0459755025804, 0.0599969737232, 0.0736484602094, 0.0780370980501, 0.0789542347193, 0.128888741136, 0.0767138302326, 0.056179843843, 0.060373172164, 0.0796844512224, 0.0753778368235, 0.0712339803576, 0.066917963326, 0.0636020973325, 0.0602589733899, 0.0655218958855, 0.0878304839134], "dvar": [0.0397727005184, 0.0368769578636, 0.024757379666, 0.0213091820478, 0.0217145513743, 0.0153265306726, 0.0213412418962, 0.0228092949837, 0.0191048104316, 0.0155452871695, 0.0173816923052, 0.0174811240286, 0.0247881673276, 0.0306334458292, 0.0292772874236, 0.0288057941943, 0.0328455641866, 0.0223119910806, 0.0172971393913, 0.016144098714, 0.0211239606142, 0.0284002739936, 0.0336582437158, 0.0308977179229, 0.0485847406089, 0.0271672420204, 0.0198432728648, 0.0238529648632, 0.0327491797507, 0.0271408259869, 0.0256178937852, 0.0248893909156, 0.0231515131891, 0.0214147754014, 0.0231682956219, 0.0315349064767], "dmean": [0.12135630101, 0.118088178337, 0.0869120582938, 0.0531941950321, 0.0451248288155, 0.0460603795946, 0.0685585960746, 0.0755262225866, 0.0592744350433, 0.042400624603, 0.0398127324879, 0.0491807609797, 0.0785306841135, 0.0941245034337, 0.0893712490797, 0.0913995578885, 0.0860471054912, 0.0705843418837, 0.0430352129042, 0.0391295179725, 0.0579620301723, 0.0966124162078, 0.103420771658, 0.110022254288, 0.120054833591, 0.0807635933161, 0.0528741665184, 0.0804524645209, 0.0946336314082, 0.0812026262283, 0.0653488412499, 0.0568467751145, 0.055121358484, 0.050844065845, 0.0577348023653, 0.089227847755], "max": [1, 1, 1, 1, 1, 1, 1, 1, 1, 1, 1, 1, 1, 1, 1, 1, 1, 1, 1, 1, 1, 1, 1, 1, 1, 1, 1, 1, 1, 1, 1, 1, 1, 1, 1, 1], "var": [0.135263860226, 0.139780938625, 0.0292159169912, 0.0143565060571, 0.0129571780562, 0.0100080287084, 0.0297099687159, 0.0419974438846, 0.0172886811197, 0.0100504579023, 0.0110210133716, 0.0121288793162, 0.035649754107, 0.0539268031716, 0.0297615062445, 0.0605275928974, 0.134648412466, 0.0508288219571, 0.0119878947735, 0.0112848477438, 0.0151494173333, 0.0627929568291, 0.115242138505, 0.0815038606524, 0.132199496031, 0.0431148000062, 0.0139921773225, 0.0548898167908, 0.0980633124709, 0.0312777012587, 0.0473786666989, 0.0855450481176, 0.029467087239, 0.0148640535772, 0.0160282738507, 0.0287665091455], "mean": [0.307743370533, 0.329264760017, 0.120163612068, 0.0408034957945, 0.0319602750242, 0.0361757166684, 0.0972655192018, 0.122443638742, 0.0651175454259, 0.0311104301363, 0.0279680453241, 0.0400843173265, 0.10662265867, 0.139896050096, 0.0989009067416, 0.169385358691, 0.248694717884, 0.138755813241, 0.0351314432919, 0.0297476686537, 0.0486212484539, 0.180167734623, 0.25411310792, 0.243287280202, 0.263998389244, 0.144772335887, 0.0440489761531, 0.154480054975, 0.210826024413, 0.111544758081, 0.103173404932, 0.132090270519, 0.0753827765584, 0.0434978269041, 0.0482262484729, 0.10045196116]}, "tuning_equal_tempered_deviation": 0.242850616574, "chords_changes_rate": 0.048192769289, "key_key": "D", "tuning_diatonic_strength": 0.586369156837, "key_scale": "major", "chords_number_rate": 0.00204206653871, "tuning_frequency": 434.193115234, "tuning_nontempered_energy_ratio": 0.936009705067, "chords_histogram": [22.1768436432, 9.35266494751, 35.3890151978, 0.510516643524, 1.18439865112, 0, 0.551357984543, 0, 0.653461277485, 0.714723289013, 1.49070858955, 0, 0, 0, 0, 0.20420666039, 0.122523993254, 5.77904844284, 1.24566066265, 0.38799265027, 0, 13.1713294983, 4.77843570709, 2.28711462021], "key_strength": 0.709221363068, "chords_key": "A", "chords_strength": {"dmean2": 0.00669179018587, "median": 0.503337800503, "min": 0.168852001429, "dvar2": 3.55899937858e-05, "dvar": 4.16993243562e-05, "dmean": 0.0076936497353, "max": 0.783397614956, "var": 0.0147942109033, "mean": 0.490868985653}, "chords_scale": "major", "hpcp_entropy": {"dmean2": 0.871962308884, "median": 1.87724852562, "min": 0, "dvar2": 0.555552899837, "dvar": 0.213269472122, "dmean": 0.515344917774, "max": 4.52189445496, "var": 0.466818809509, "mean": 1.82700228691}}, "metadata": {"audio_properties": {"equal_loudness": 0, "codec": "mp3", "downmix": "mix", "sample_rate": 44100, "analysis_sample_rate": 44100, "bit_rate": 192022, "md5_encoded": "bc98aeeae14f217b20403f6b3ab68e06", "length": 227.343673706, "replay_gain": -5.82300949097, "lossless": false}, "version": {"essentia_build_sha": "2d9f1f26377add8aeb1075a9c2973f962c4f09fd", "essentia": "2.1-beta2", "extractor": "music 1.0", "essentia_git_sha": "v2.1_beta2-1-ge3940c0"}, "tags": {"title": ["Baby Don't Cry"], "acoustid_fingerprint": ["AQADtEkWLUoURSrCwyVyHjsO6Bl--EK-wj_6p3h0PEc9DmGOPYWOLON0uOCxB4d_fOjxp8g5iD9y_MeJHj-OmsLxoMfx50B66MeHT8NzxDd-wepxXfiFZzjCXDv02nj2BDmaok_xI3-CRjMFjT0eCc2P8Jzw4bfRf_jgHLcDk3CI43oK7wiSPrgVHH5Qycd_5Mc1x9DTCY0iLUe747Kg7_g0ol4CQzuJf8EVXFlqOA3y58SpHN9RJjfKNcbv4-h5pMuRjDp-7A54Y1SmIz905F_RTMKV4z3coz-ebLYw02j8on4zELkonFA2Shnu4crR5HHg89B-1IcbAZeNRcd64IWOC2j2B8_x44RPQo6346FyRD_4o7-wp_gteMGPHz-D2s6QHzpyWjj347Pw4s1woseJHpWPA8fdwTxuXEa-R9CRX-j04viN48h5aM-OdKSEPg6eHEdl-Eb4GD-06miGE99ResXhHzh-B4cfXDfg44ZYr4GfozQPNTpivTg54rgV1D-aFe9wyUefyLgowss0oWSq4ymeG0cjPil-Iz2hvUZ-nEF7_MXoo2dw4QNf5Ce0PKOOUHvwE90c-PRxpYEXDj3AB8ctBr3R1Md8mEFefIdevHmIhxNklQh_-OFx4hUuHsd3tB_yp1Bd5Pg64uKL_Xhd8IrRMxfe48Kb48iPp8dXQCcL3_iL0Mcr47iC5rnQx2h-oTryoodDnImE7viH4A9-2A2eDN9wFl2VI9-h6_iQ54jfF96ObvehPuAXFfeP_vBTmBF64T-uJdJw5Ed_PBV-XCR64UeYH9UFfUaeTcGnD0dzhJszKL9wswpyCg2j48jjQPzhLDbCPTouE2cO47j0FOaS44mHW8dJfJ_QfcYfJByPUFVxDV9wVXiR_1DVOcJ7yThcBz_kHPkyo1fkwNuM6_CR64d_6Dp8_BbiB1Y0VMP343gk7Hh0xKIObch_7HBcPBn-ogmbIw_DQUusI2RJ_AQ2Kjx-vA2JjI1iIXmPnhx-3A-oHwd_uO9xp7AidSh5PAsj4plSJcGjIN8-_Cm0B2GW7PiuGPkWVND2PYgr5UcpolKQPEd-B3eHpspQ7viFB0mdHOGH9-h1XCH6XXC-4xFO0UJ6SOqNPPgLH_YRqc9xqHqH8Lj64cWz6MD2C-4R6vih5Ub5yMjLbfhynA-KSJFChTih6g_uoPmDGmVHQodrwyyqJzrkojqa42QTaFlLI3ySHDfx3Tgzo29wHnlyiCPCE38inNRxynhGnEwT5J4P_XBN4o-O68Ot5NCerPDxH-KIH7m0CSaPZz-ucqjVHHjxY5fxIzt-HYmL60HDfAUf1KOFkjxc6ugzFWuOZAmXI_xKPGKa4MYZOGOEPcRFCzmaJ3h46LkBn8eNcBPxB82DXiO-4yN5fMMzBn-K5DpS_jhz1PoS2CE8JgqqKTseH_l1JD5OpviW4RIa1-iDizzegDmcNnBv9OFxj_iPXuzwlEZ_JBcRVoYP3uhxHXmqQV2P8xiPWhR2QuTRG_wRihmsF2muCT2hH3eE6El41GjyBFeH9cFzMOfhVMR-mKuDz4dza3hyPM_RHD9yiD3y4EyS405E4XuC6zkefvh6vCjOaIefI0f7ERfxJzictFCt41FKIefyoeWF5_iPG_eRJ4eWp0b84MeXo0-LZsePZzEaFyF5BU0WoXwnyGNTPDtqIqcG9zi-F96P9A-cPYX44_iiRDH0DbmMH5UuHJ-yRuh5wTzCH0nVoYcTSnHQS8aPE2HGQ8tyBvkX1PvQ5MG55Pg6nOiH77CNWnyQQ5uDnDlqZccZGnuTRshfME-gRzpCzOiJS1kawVT9YOLxfeiTHtZEZIp-aF2GHPUNH310I1ehnJzwaMdPtMd24vIKfcOPv3gunEV9PJCeRmg5o7mOmMmCTyoOBj6DbyS-PAt-pCeH9YIuRvg0IaS2HMcPXwcuXGJuXMuHuGGMfsF32MLzELhzPEZ4vDweUYyEX2hchGODPzl0DTk9NA_6oxaP9MUhXkF4BsfxbjCjHN-PIyegU0fchcL1ZRF6vId_4sdF47CKhGNYBbE5Bl9wEodjpriHVAre3Oh3_Me_ZOh7pNRRIaQMUUYo8njw4D2avYWXR3ieoAlFIuci6EJOHv2P96iE-glxF16RrBHyLNrxSNgp6QArZTfsY9Wl4fh-XMSFHeF-4mB-qHSKXTrCoN5ShDa0OD-CO5eGK6nQqTX-4A_-SvCPL4T248f14L3xLcuJpsqOe0OTNDm-SJFCIQ-UH3mOJ0WPMD7eQW2IR4vwK2DuwFeOnoTO58h1oUfzCD_6Ej-uIMuaHe2PO8hxP8Ed_IfzxGgz_MGPx6Di4JJxvMrQR8d15BDzM7iIS6vB_Dne4fIP3UHzY8_gFT0efJJQXQACoMdEIOGQIMgIRQhQAnPQhDUISWCMJIAh6tQzBQGgFBUIGocMMwAihSQAgBgPgDOIEASIFwABIpQTQlCKiDLECKIUUYBIJY3iCACChBMKGICUMFoRQYygDgDglQACEUaMY4gYQJRAQgEluBAUKEyFIUIhgRRwxHAgCEDCI2MEAFagwhSj2AnGjFAKAUUUEosQYAhRSBFnuDOSIJWAUEAgTJAAhCkKgAEGIEMZQQhBwJQiUBhFIENKAAIIAoJo0hIADhCGCZAAAyGuQjJJAyA2iBADgRAIMWBkkAoggR0AijEhAECGWQMAYAYpBRBjhFCAJAAICECIEA4AQIRRwBFBhHHIACqIkUoISJwATJiFBGCAGVmMcAg4YBgChilEiABCuKowEYACBARQAANHECHIKtUAIUAQBQUBBjEEDRBECQuQIo4gIABgxAEIjEUESQAEQAQQwAwCUijHCBJOCMCAkQYICYwihghhDECGAoAIQIAgJoBTwgoFTREIGkAcwIARIIBwhACBKBFCSCCEJQQ5SglAADBFpFEYAAAgAAIIoAwxlDlkjELKAKOcQQoRA5QAADhGiAJEIKOAJIBg4ARWglFgAANOEUCVEk4JQIFwQAkhkaECCCYNE8QoBIQjgBigEUgIMSAUEEIJZIhBhJCBlAFBEUEUQoCAIBQgBiljgGOSCaEIY0oAIZAAAGkAARUAFCGwkEYgQIFQghghFCFGCa-QEMI4IIwggFACAGHKKACYAgIwCgyBAhAAmEGMEEECIgQ5wABg1DmGGCCCaIMMIMpBAgyQQAikLDBGUSEwaIQQwRgQAnAGhCECWYOoQcIIAAgDAkECEQNKMQKYIIQIphQAgAlEEEDGCKSEAVQxAAEAgCnBEACKEQq8AE4YYCBDQBGmCLXOAGQQEUIQYARVhhlAIAACMSKIIMQwQ5wlZhCCpAIKIEKEAEJAwICgjgI"], "date": ["2003"], "genre": ["Pop"], "musicbrainz album type": ["Compilation"], "musicip_puid": ["ac2ca8d0-1b42-f8f7-323b-4fc2b4490a72"], "musicbrainz_recordingid": ["00fcb112-688b-4b7f-bffd-303fd2987fc2"], "musicbrainz_albumid": ["dfd32a4d-f743-47f6-be2d-a230c7783d03"], "artist": ["Cosmo Klein"], "tracknumber": ["07/21"], "bpm": ["86.04"], "album": ["Chartboxx 1"], "acoustid_id": ["01ac6498-6410-4fd7-b6f0-dd51e7f7de22"], "file_name": "Cosmo Klein - Baby Don't Cry.mp3"}}, "rhythm": {"bpm_histogram_first_peak_bpm": {"dmean2": 0, "median": 172, "min": 172, "dvar2": 0, "dvar": 0, "dmean": 0, "max": 172, "var": 0, "mean": 172}, "bpm": 172.265075684, "bpm_histogram_second_peak_spread": {"dmean2": 0, "median": 0, "min": 0, "dvar2": 0, "dvar": 0, "dmean": 0, "max": 0, "var": 0, "mean": 0}, "bpm_histogram_first_peak_weight": {"dmean2": 0, "median": 0.777429461479, "min": 0.777429461479, "dvar2": 0, "dvar": 0, "dmean": 0, "max": 0.777429461479, "var": 0, "mean": 0.777429461479}, "onset_rate": 2.71817803383, "beats_position": [0.394739210606, 0.789478421211, 1.19582760334, 1.60217678547, 1.99691605568, 2.39165520668, 2.7863945961, 3.20435357094, 3.62231278419, 4.04027223587, 4.446621418, 4.80653047562, 5.16644001007, 5.52634906769, 5.89786815643, 6.25777769089, 6.6176867485, 6.97759628296, 7.32589578629, 7.6858048439, 8.04571437836, 8.40562343597, 8.76553249359, 9.12544155121, 9.49696159363, 9.86848068237, 10.2399997711, 10.6115188599, 10.9830379486, 11.354557991, 11.7260770798, 12.0975961685, 12.4691152573, 12.840634346, 13.2005443573, 13.6533327103, 14.117732048, 14.5821313858, 15.0465307236, 15.5109291077, 15.9753284454, 16.4165077209, 16.8692970276, 17.3220863342, 17.786485672, 18.2044448853, 18.6107940674, 19.0171432495, 19.4118824005, 19.7950115204, 20.1781406403, 20.5728797913, 20.9676189423, 21.3623580933, 21.7570972443, 22.1518363953, 22.5581855774, 22.9529247284, 23.3360538483, 23.7191829681, 24.102312088, 24.4854412079, 24.8685703278, 25.2516994476, 25.6464385986, 26.0411777496, 26.4475269318, 26.8538761139, 27.2486171722, 27.6433563232, 28.0380954742, 28.4676647186, 28.897233963, 29.3268013, 29.7215423584, 30.1162815094, 30.4878005981, 30.8593196869, 31.2308387756, 31.6023578644, 31.9738769531, 32.3453979492, 32.7169151306, 33.0768241882, 33.4367332458, 33.7966423035, 34.1565513611, 34.5048522949, 34.8531494141, 35.1898422241, 35.5381393433, 35.8864402771, 36.2231292725, 36.5714263916, 36.9197273254, 37.2680282593, 37.6163253784, 37.9646263123, 38.3245353699, 38.6844444275, 39.0327415466, 39.3810424805, 39.7293434143, 40.0776405334, 40.4375495911, 40.7974586487, 41.1457595825, 41.4940567017, 41.8423576355, 42.1790466309, 42.5157356262, 42.8640365601, 43.2123336792, 43.560634613, 43.9089317322, 44.257232666, 44.6055335999, 44.953830719, 45.3021316528, 45.650428772, 45.9987297058, 46.347026825, 46.6953277588, 47.0436286926, 47.3919258118, 47.7402267456, 48.0885238647, 48.4368247986, 48.7851219177, 49.1334228516, 49.4817237854, 49.841632843, 50.1899299622, 50.5498390198, 50.8981399536, 51.2464370728, 51.5947380066, 51.9546470642, 52.2913360596, 52.6396369934, 52.9879341125, 53.3362350464, 53.6845359802, 54.0328330994, 54.3811340332, 54.7294311523, 55.0777320862, 55.4260292053, 55.7743301392, 56.122631073, 56.4709281921, 56.819229126, 57.1675262451, 57.515827179, 57.8641242981, 58.2124252319, 58.5607261658, 58.9090232849, 59.2573242188, 59.6056213379, 59.9539222717, 60.3022193909, 60.6505203247, 60.9988212585, 61.3471183777, 61.6954193115, 62.0437164307, 62.4036254883, 62.7519264221, 63.100227356, 63.4601364136, 63.8084335327, 64.1451263428, 64.4818115234, 64.8301086426, 65.1784133911, 65.5383224487, 65.8866195679, 66.234916687, 66.5948257446, 66.9431304932, 67.2914276123, 67.6397247314, 67.98802948, 68.3363265991, 68.6846237183, 69.0329208374, 69.3812255859, 69.7295227051, 70.0778198242, 70.4261245728, 70.7744216919, 71.122718811, 71.4710159302, 71.8193206787, 72.1676177979, 72.515914917, 72.8642196655, 73.2125167847, 73.5608139038, 73.9091110229, 74.2574157715, 74.6057128906, 74.9540100098, 75.3023147583, 75.6506118774, 75.9989089966, 76.3472061157, 76.6955108643, 77.0554199219, 77.3921051025, 77.7404098511, 78.0887069702, 78.4370040894, 78.7853012085, 79.133605957, 79.4819030762, 79.8302001953, 80.1785049438, 80.526802063, 80.8750991821, 81.2350082397, 81.5949172974, 81.9432220459, 82.291519165, 82.6398162842, 82.9881134033, 83.3364181519, 83.684715271, 84.0330123901, 84.3929214478, 84.7412261963, 85.077911377, 85.4262084961, 85.7745132446, 86.1228103638, 86.4711074829, 86.8194122314, 87.1677093506, 87.5160064697, 87.8643035889, 88.2126083374, 88.5609054565, 88.9092025757, 89.2575073242, 89.6058044434, 89.9541015625, 90.3023986816, 90.6507034302, 90.9990005493, 91.3472976685, 91.695602417, 92.0438995361, 92.3921966553, 92.7404937744, 93.0887985229, 93.4370956421, 93.7853927612, 94.1336975098, 94.4819946289, 94.830291748, 95.1785888672, 95.5268936157, 95.8751907349, 96.2350997925, 96.5950088501, 96.9433059692, 97.2916107178, 97.6399078369, 97.9882049561, 98.3365097046, 98.6848068237, 99.0331039429, 99.381401062, 99.7297058105, 100.07800293, 100.426300049, 100.774604797, 101.122901917, 101.471199036, 101.819496155, 102.167800903, 102.516098022, 102.864395142, 103.21269989, 103.560997009, 103.909294128, 104.257591248, 104.605895996, 104.954193115, 105.302490234, 105.650794983, 105.999092102, 106.347389221, 106.69568634, 107.043991089, 107.392288208, 107.740585327, 108.088890076, 108.437187195, 108.797096252, 109.15700531, 109.505302429, 109.853607178, 110.201904297, 110.550201416, 110.898498535, 111.246803284, 111.595100403, 111.943397522, 112.291702271, 112.63999939, 112.988296509, 113.336593628, 113.684898376, 114.033195496, 114.381492615, 114.729797363, 115.078094482, 115.426391602, 115.774688721, 116.122993469, 116.45967865, 116.819587708, 117.167892456, 117.516189575, 117.864486694, 118.212783813, 118.561088562, 118.909385681, 119.2576828, 119.605987549, 119.954284668, 120.302581787, 120.650878906, 120.999183655, 121.347480774, 121.695777893, 122.044082642, 122.392379761, 122.74067688, 123.088973999, 123.437278748, 123.785575867, 124.133872986, 124.493782043, 124.853691101, 125.20199585, 125.550292969, 125.898590088, 126.246894836, 126.595191956, 126.943489075, 127.291786194, 127.640090942, 127.988388062, 128.336685181, 128.6849823, 129.033279419, 129.381591797, 129.729888916, 130.078186035, 130.426483154, 130.774780273, 131.123077393, 131.471374512, 131.81968689, 132.167984009, 132.516281128, 132.864578247, 133.212875366, 133.561172485, 133.909469604, 134.257781982, 134.606079102, 134.954376221, 135.30267334, 135.650970459, 135.999267578, 136.347564697, 136.695877075, 137.044174194, 137.392471313, 137.740768433, 138.089065552, 138.437362671, 138.78565979, 139.133972168, 139.482269287, 139.830566406, 140.178863525, 140.527160645, 140.875457764, 141.223754883, 141.58366394, 141.943572998, 142.291885376, 142.640182495, 142.988479614, 143.336776733, 143.685073853, 144.04498291, 144.381668091, 144.729980469, 145.078277588, 145.426574707, 145.774871826, 146.123168945, 146.471466064, 146.819763184, 147.168075562, 147.516372681, 147.8646698, 148.212966919, 148.561264038, 148.909561157, 149.257858276, 149.606170654, 149.954467773, 150.302764893, 150.651062012, 150.999359131, 151.34765625, 151.695953369, 152.044265747, 152.392562866, 152.740859985, 153.089157104, 153.437454224, 153.785751343, 154.1456604, 154.493972778, 154.842269897, 155.190567017, 155.538864136, 155.887161255, 156.235458374, 156.583755493, 156.932067871, 157.28036499, 157.640274048, 157.988571167, 158.336868286, 158.685165405, 159.033462524, 159.381759644, 159.730072021, 160.078369141, 160.42666626, 160.774963379, 161.123260498, 161.471557617, 161.819854736, 162.168167114, 162.516464233, 162.864761353, 163.213058472, 163.561355591, 163.90965271, 164.257949829, 164.606262207, 164.954559326, 165.302856445, 165.651153564, 165.999450684, 166.347747803, 166.696044922, 167.0443573, 167.392654419, 167.740951538, 168.100860596, 168.449157715, 168.797454834, 169.145751953, 169.494049072, 169.85395813, 170.202270508, 170.550567627, 170.898864746, 171.247161865, 171.595458984, 171.955368042, 172.303665161, 172.640365601, 172.98866272, 173.3253479, 173.662033081, 174.0103302, 174.358642578, 174.706939697, 175.055236816, 175.415145874, 175.775054932, 176.123352051, 176.47164917, 176.819946289, 177.168243408, 177.516555786, 177.864852905, 178.213150024, 178.561447144, 178.909744263, 179.258041382, 179.606338501, 179.954650879, 180.302947998, 180.651245117, 180.999542236, 181.347839355, 181.696136475, 182.044433594, 182.392745972, 182.741043091, 183.08934021, 183.437637329, 183.785934448, 184.134231567, 184.482528687, 184.830841064, 185.179138184, 185.527435303, 185.88734436, 186.235641479, 186.595550537, 186.943847656, 187.292144775, 187.640457153, 187.988754272, 188.337051392, 188.685348511, 189.03364563, 189.381942749, 189.730239868, 190.078552246, 190.426849365, 190.775146484, 191.123443604, 191.471740723, 191.820037842, 192.168334961, 192.516647339, 192.864944458, 193.213241577, 193.561538696, 193.909835815, 194.258132935, 194.606430054, 194.954742432, 195.303039551, 195.65133667, 195.999633789, 196.347930908, 196.696228027, 197.044525146, 197.392837524, 197.741134644, 198.089431763, 198.437728882, 198.786026001, 199.13432312, 199.482620239, 199.842529297, 200.190841675, 200.550750732, 200.899047852, 201.247344971, 201.59564209, 201.943939209, 202.292236328, 202.640533447, 202.988845825, 203.337142944, 203.685440063, 204.033737183, 204.382034302, 204.730331421, 205.07862854, 205.426940918, 205.775238037, 206.123535156, 206.471832275, 206.820129395, 207.168426514, 207.516723633, 207.865036011, 208.21333313, 208.561630249, 208.909927368, 209.258224487, 209.606521606, 209.954818726, 210.303131104, 210.651428223, 210.999725342, 211.348022461, 211.69631958, 212.044616699, 212.392913818, 212.741226196, 213.089523315, 213.437820435, 213.786117554, 214.134414673, 214.482711792, 214.831008911, 215.190933228, 215.550842285, 215.899139404, 216.247436523, 216.595733643, 216.944030762, 217.292327881, 217.640625, 217.988937378, 218.337234497, 218.685531616, 219.033828735, 219.382125854, 219.730422974, 220.078720093, 220.427032471, 220.77532959, 221.123626709, 221.471923828, 221.820220947, 222.168518066, 222.516815186, 222.865127563, 223.213424683, 223.561721802, 223.910018921, 224.25831604, 224.606613159, 224.954910278, 225.314819336, 225.674728394, 226.034637451, 226.406158447, 226.789291382], "beats_loudness": {"dmean2": 0.0280670840293, "median": 0.0488861389458, "min": 2.12021280532e-08, "dvar2": 0.000649723398965, "dvar": 0.000236777981627, "dmean": 0.0165593549609, "max": 0.126298993826, "var": 0.000508699333295, "mean": 0.0482731945813}, "danceability": 1.07610177994, "bpm_histogram_second_peak_weight": {"dmean2": 0, "median": 0.0893416926265, "min": 0.0893416926265, "dvar2": 0, "dvar": 0, "dmean": 0, "max": 0.0893416926265, "var": 0, "mean": 0.0893416926265}, "beats_count": 639, "bpm_histogram_second_peak_bpm": {"dmean2": 0, "median": 167, "min": 167, "dvar2": 0, "dvar": 0, "dmean": 0, "max": 167, "var": 0, "mean": 167}, "bpm_histogram_first_peak_spread": {"dmean2": 0, "median": 0, "min": 0, "dvar2": 0, "dvar": 0, "dmean": 0, "max": 0, "var": 0, "mean": 0}, "beats_loudness_band_ratio": {"dmean2": [0.320230066776, 0.121958144009, 0.208859190345, 0.114393390715, 0.0962953642011, 0.0678341090679], "median": [0.545748949051, 0.0600581094623, 0.116517841816, 0.065050214529, 0.0480897128582, 0.0240607392043], "min": [0.000345840730006, 0.00170041108504, 0.00194349326193, 0.00393554102629, 0.00174090929795, 0.000463086384116], "dvar2": [0.052425481379, 0.0198629684746, 0.037631586194, 0.0132381329313, 0.0107426559553, 0.00476161111146], "dvar": [0.0200969800353, 0.00733956741169, 0.015818240121, 0.00575592648238, 0.00388982379809, 0.00175989698619], "dmean": [0.185798883438, 0.0705458298326, 0.121337361634, 0.0672374740243, 0.0569203607738, 0.0380527712405], "max": [0.957322776318, 0.68506538868, 0.790119230747, 0.811392486095, 0.59612596035, 0.271813303232], "var": [0.0410038232803, 0.00839135795832, 0.0252422839403, 0.00922304484993, 0.00533018540591, 0.00187926320359], "mean": [0.547784864902, 0.0890069231391, 0.16927190125, 0.0976277515292, 0.07348369807, 0.0411089509726]}}, "lowlevel": {"barkbands_spread": {"dmean2": 6.01717281342, "median": 21.1494522095, "min": 1.54927480221, "dvar2": 64.888458252, "dvar": 30.5950107574, "dmean": 3.99570441246, "max": 165.106430054, "var": 179.802993774, "mean": 23.0872497559}, "melbands_spread": {"dmean2": 7.39232730865, "median": 20.8398017883, "min": 1.28528749943, "dvar2": 116.260231018, "dvar": 51.6729164124, "dmean": 4.80732154846, "max": 255.454696655, "var": 195.050140381, "mean": 22.89336586}, "hfc": {"dmean2": 7.6349606514, "median": 21.3380203247, "min": 1.23835303681e-16, "dvar2": 168.366531372, "dvar": 79.3592376709, "dmean": 5.20124292374, "max": 226.968215942, "var": 325.878173828, "mean": 24.2659358978}, "barkbands_kurtosis": {"dmean2": 2.87936496735, "median": 1.0755212307, "min": -1.98417842388, "dvar2": 42.2852897644, "dvar": 16.3553180695, "dmean": 1.8172955513, "max": 97.8665161133, "var": 32.1019821167, "mean": 2.91458654404}, "gfcc": {"mean": [6.61387014389, 101.370773315, -118.526985168, 31.9158782959, -44.2311019897, 24.4741973877, -28.1209850311, 20.0573406219, -14.4163360596, 9.20923709869, -10.7609729767, -1.43895304203, -5.68307971954], "icov": [[0.000190695966012, -0.000221382739255, 0.000131579334266, -0.000347086577676, 0.000307690934278, -0.00030827979208, 0.000290213094559, -0.000313909986289, 0.000416385970311, -0.000322963460349, 0.000535831262823, -0.000505662814248, 0.000510394049343], [-0.000221382739255, 0.00201924424618, 0.000131495602545, 0.000768668483943, -0.00158552767243, 0.000670083682053, -0.00111073860899, 6.31577931927e-05, -0.00115158071276, 0.00158628064673, -0.00238075526431, 0.00179945211858, -0.00150860054418], [0.000131579334266, 0.000131495602545, 0.00254415930249, -0.000249535311013, -0.00101020815782, -0.00113121268805, 0.000722968368791, -0.000478303438285, -0.000322314735968, 0.000720035168342, 6.13089432591e-05, -0.00140611629467, 0.00155860045925], [-0.000347086577676, 0.000768668483943, -0.000249535311013, 0.00437378836796, -0.00165409035981, -0.000235656436416, 7.91574711911e-06, 0.000887289759703, -0.00181579613127, 0.000429023639299, -0.00054790667491, 0.000902942032553, -0.00204332428984], [0.000307690934278, -0.00158552767243, -0.00101020815782, -0.00165409035981, 0.00587222864851, -0.000151377767907, -0.000997960800305, 0.000172347747139, 0.000154949506395, -0.000481400231365, 0.0011622622842, -0.00181483814958, 0.00051946786698], [-0.00030827979208, 0.000670083682053, -0.00113121268805, -0.000235656436416, -0.000151377767907, 0.00631878245622, -0.0022242506966, -0.0013124368852, 0.000726361002307, -0.00113209849223, -0.00108275446109, 0.00145681248978, -0.00197098217905], [0.000290213094559, -0.00111073860899, 0.000722968368791, 7.91574711911e-06, -0.000997960800305, -0.0022242506966, 0.00625914847478, -0.000782581977546, 0.00166416203137, -0.00183206854854, 0.00144241622183, -0.000469368416816, 0.00231842626818], [-0.000313909986289, 6.31577931927e-05, -0.000478303438285, 0.000887289759703, 0.000172347747139, -0.0013124368852, -0.000782581977546, 0.0089744925499, -0.00327982357703, -7.74241052568e-05, 7.11061329639e-06, 0.000930814188905, -0.00031689365278], [0.000416385970311, -0.00115158071276, -0.000322314735968, -0.00181579613127, 0.000154949506395, 0.000726361002307, 0.00166416203137, -0.00327982357703, 0.0101814670488, -0.00413254508749, 0.000703739293385, 0.000436446600361, 0.000243467773544], [-0.000322963460349, 0.00158628064673, 0.000720035168342, 0.000429023639299, -0.000481400231365, -0.00113209849223, -0.00183206854854, -7.74241052568e-05, -0.00413254508749, 0.014566606842, -0.00474001001567, 0.000843315210659, 0.00097069691401], [0.000535831262823, -0.00238075526431, 6.13089432591e-05, -0.00054790667491, 0.0011622622842, -0.00108275446109, 0.00144241622183, 7.11061329639e-06, 0.000703739293385, -0.00474001001567, 0.0117917042226, -0.00505278958008, 0.00115467130672], [-0.000505662814248, 0.00179945211858, -0.00140611629467, 0.000902942032553, -0.00181483814958, 0.00145681248978, -0.000469368416816, 0.000930814188905, 0.000436446600361, 0.000843315210659, -0.00505278958008, 0.0150556555018, -0.00501810899004], [0.000510394049343, -0.00150860054418, 0.00155860045925, -0.00204332428984, 0.00051946786698, -0.00197098217905, 0.00231842626818, -0.00031689365278, 0.000243467773544, 0.00097069691401, 0.00115467130672, -0.00501810899004, 0.0124826356769]], "cov": [[10035.2441406, -453.52947998, -290.363098145, 383.506286621, -505.331573486, 398.343719482, -172.491989136, 253.038650513, -246.232208252, 103.706130981, -325.056152344, 46.8758544922, -198.06427002], [-453.52947998, 1140.89294434, -31.6769294739, -27.0175361633, 290.710876465, -39.309261322, 158.195510864, 20.8315734863, 97.3254241943, -29.6182308197, 159.296356201, -30.7767848969, 82.0995635986], [-290.363098145, -31.6769294739, 555.472961426, 56.3353462219, 129.232757568, 76.2867736816, -7.20393180847, 28.4389266968, 32.9622688293, -8.11800575256, 18.5707798004, 45.5522918701, -26.7810134888], [383.506286621, -27.0175361633, 56.3353462219, 330.090179443, 73.786277771, 42.7189559937, -24.6613407135, 3.05343008041, 45.1580162048, 9.30687046051, -4.36669969559, 15.9456005096, 41.5954627991], [-505.331573486, 290.710876465, 129.232757568, 73.786277771, 326.345153809, 13.1129179001, 84.1590881348, -2.35196948051, 43.6485671997, -5.29133033752, 44.2473526001, 19.9921188354, 28.0413646698], [398.343719482, -39.309261322, 76.2867736816, 42.7189559937, 13.1129179001, 241.454696655, 72.8795547485, 52.6523399353, -8.90173435211, 34.8682327271, 1.37451767921, -1.89973330498, -1.61945307255], [-172.491989136, 158.195510864, -7.20393180847, -24.6613407135, 84.1590881348, 72.8795547485, 254.658950806, 24.1955127716, -9.31207466125, 24.1673984528, 9.75792217255, -21.0721359253, -26.7159996033], [253.038650513, 20.8315734863, 28.4389266968, 3.05343008041, -2.35196948051, 52.6523399353, 24.1955127716, 148.265396118, 43.6587982178, 22.4743251801, -3.12983226776, -12.3778686523, -10.4838485718], [-246.232208252, 97.3254241943, 32.9622688293, 45.1580162048, 43.6485671997, -8.90173435211, -9.31207466125, 43.6587982178, 155.806655884, 33.7311782837, 27.823097229, -9.2055311203, 12.7862358093], [103.706130981, -29.6182308197, -8.11800575256, 9.30687046051, -5.29133033752, 34.8682327271, 24.1673984528, 22.4743251801, 33.7311782837, 100.398872375, 30.1771945953, -0.375333398581, -14.8827495575], [-325.056152344, 159.296356201, 18.5707798004, -4.36669969559, 44.2473526001, 1.37451767921, 9.75792217255, -3.12983226776, 27.823097229, 30.1771945953, 148.192092896, 32.4560775757, 22.4433002472], [46.8758544922, -30.7767848969, 45.5522918701, 15.9456005096, 19.9921188354, -1.89973330498, -21.0721359253, -12.3778686523, -9.2055311203, -0.375333398581, 32.4560775757, 99.121925354, 30.8080310822], [-198.06427002, 82.0995635986, -26.7810134888, 41.5954627991, 28.0413646698, -1.61945307255, -26.7159996033, -10.4838485718, 12.7862358093, -14.8827495575, 22.4433002472, 30.8080310822, 122.774993896]]}, "spectral_energyband_middle_low": {"dmean2": 0.00488667190075, "median": 0.00888035818934, "min": 2.93860961319e-22, "dvar2": 4.65599332529e-05, "dvar": 1.97039444174e-05, "dmean": 0.00325742759742, "max": 0.0734502822161, "var": 0.00012139150931, "mean": 0.0122235212475}, "melbands_crest": {"dmean2": 3.56564545631, "median": 15.4173717499, "min": 1.84197294712, "dvar2": 19.8584518433, "dvar": 7.60723733902, "dmean": 2.24427294731, "max": 36.0682945251, "var": 23.5167617798, "mean": 15.8273878098}, "spectral_kurtosis": {"dmean2": 2.4523255825, "median": 4.55140399933, "min": -1.32007849216, "dvar2": 7.61438322067, "dvar": 2.81536364555, "dmean": 1.47858309746, "max": 29.1319408417, "var": 9.12038040161, "mean": 5.25732278824}, "spectral_rms": {"dmean2": 0.000915139738936, "median": 0.00621134601533, "min": 3.2668937e-12, "dvar2": 1.75233606114e-06, "dvar": 7.58170585868e-07, "dmean": 0.000610034679994, "max": 0.0125279696658, "var": 3.67237998944e-06, "mean": 0.00590603519231}, "zerocrossingrate": {"dmean2": 0.00853694137186, "median": 0.04296875, "min": 0.00390625, "dvar2": 0.000105401333713, "dvar": 8.60463405843e-05, "dmean": 0.00711321691051, "max": 0.5068359375, "var": 0.000965790532064, "mean": 0.0493388958275}, "silence_rate_60dB": {"dmean2": 0.00817160401493, "median": 0, "min": 0, "dvar2": 0.00994507875293, "dvar": 0.00406905030832, "dmean": 0.00408538430929, "max": 1, "var": 0.0397437214851, "mean": 0.0414624176919}, "erbbands_kurtosis": {"dmean2": 1.28136694431, "median": 0.272125124931, "min": -1.81547892094, "dvar2": 3.43861413002, "dvar": 1.55879616737, "dmean": 0.84157127142, "max": 38.2282295227, "var": 9.13261795044, "mean": 1.19379246235}, "erbbands": {"dmean2": [0.200495779514, 1.63890647888, 3.78535938263, 3.6212117672, 3.56103134155, 4.12428665161, 6.76593160629, 8.70670413971, 13.3761835098, 14.835691452, 34.8194694519, 40.4840965271, 19.0900287628, 33.3243522644, 25.7849636078, 28.1546573639, 25.7718086243, 32.7953262329, 31.6530704498, 29.016866684, 31.3523139954, 18.2414970398, 12.3381500244, 11.291513443, 13.4252061844, 7.6185464859, 7.6837439537, 4.89051103592, 4.43749141693, 2.25578165054, 2.01061201096, 1.55549824238, 1.525431633, 0.809087514877, 0.383818894625, 0.168863117695, 0.0510845296085, 0.0143356090412, 0.0021171446424, 6.50120928185e-05], "median": [0.411374688148, 2.55677914619, 4.18860816956, 2.59136343002, 1.97415018082, 2.23746609688, 4.14501476288, 5.20888519287, 7.35894489288, 9.58158302307, 15.083940506, 17.1140403748, 12.2310523987, 16.997636795, 15.5388154984, 15.2805194855, 15.9597253799, 17.0006370544, 18.7721443176, 15.2217407227, 14.8327217102, 13.7258415222, 9.77273273468, 7.91464328766, 8.06932258606, 4.54653549194, 3.72939062119, 2.45757889748, 1.95707201958, 1.23570871353, 0.754372119904, 0.550056219101, 0.655037403107, 0.402448117733, 0.139400184155, 0.0384620241821, 0.00754527188838, 0.00101025309414, 5.37739979336e-05, 5.02841394336e-05], "min": [8.36343869367e-22, 9.82137431068e-22, 6.80654937445e-21, 3.49289809101e-20, 1.15631345184e-19, 9.72327222484e-20, 2.85194220072e-19, 6.69472735108e-19, 8.28268872046e-19, 9.10189841384e-19, 5.72454116929e-19, 1.72718124315e-18, 1.48008316223e-18, 2.06213521091e-18, 2.85024146568e-18, 1.97645501588e-18, 3.09015858491e-18, 2.08630584199e-18, 5.91318043176e-18, 4.30566906219e-18, 6.9623304122e-18, 1.36495091198e-17, 8.46663114802e-18, 7.36006780204e-18, 8.55827779681e-18, 2.17534323226e-17, 1.95944479104e-17, 2.09566340539e-17, 1.74937267919e-17, 1.73250216516e-17, 1.68091719693e-17, 2.00334674031e-17, 2.2450315445e-17, 1.76910821599e-17, 1.21603333815e-17, 5.2936928769e-18, 2.85735666652e-18, 1.02782464386e-18, 3.20088989309e-19, 4.4704930969e-20], "dvar2": [0.166746005416, 12.2961740494, 130.530532837, 95.4355239868, 71.5269088745, 119.993057251, 266.868347168, 641.519775391, 1239.33105469, 1848.02404785, 7096.73144531, 9170.06542969, 1819.07214355, 4286.08251953, 2960.13305664, 3163.34375, 2489.10229492, 3900.02905273, 3751.36669922, 3807.19262695, 4475.84521484, 1159.65466309, 418.870147705, 436.873352051, 681.581970215, 220.040084839, 210.981155396, 91.2722549438, 107.778282166, 28.0312175751, 51.572845459, 36.0750961304, 25.5999755859, 12.5576639175, 3.27374482155, 0.51674759388, 0.0365717746317, 0.0022264260333, 5.50457116333e-05, 4.32801350314e-08], "dvar": [0.0617316327989, 4.53303432465, 50.8135070801, 33.7755889893, 26.13098526, 43.123336792, 120.468978882, 286.846252441, 607.768737793, 915.170288086, 3564.27197266, 4620.35107422, 901.23614502, 1892.45495605, 1378.54040527, 1382.62683105, 1132.54504395, 1619.80041504, 1469.97509766, 1763.453125, 1978.8651123, 541.66394043, 172.061340332, 177.31262207, 263.730377197, 87.6388473511, 87.4614028931, 41.4665184021, 48.9051322937, 15.6229429245, 23.4858837128, 16.7376823425, 11.9104356766, 5.25035810471, 1.57048869133, 0.263755947351, 0.0179105214775, 0.000950120156631, 2.25126532314e-05, 1.73975021056e-08], "dmean": [0.130696386099, 1.05360853672, 2.35476541519, 2.10921502113, 2.12931513786, 2.58930826187, 4.50163602829, 5.61540699005, 9.51592350006, 10.4653224945, 24.4730129242, 28.5150165558, 13.3898458481, 21.7476215363, 17.1543827057, 18.3060493469, 16.8592510223, 20.7961730957, 19.4414291382, 18.8756198883, 20.0637950897, 11.6285018921, 7.54885149002, 7.03355455399, 8.24549102783, 4.6837682724, 4.75675821304, 3.18657827377, 2.80684995651, 1.59300220013, 1.37766993046, 1.07118558884, 1.03643107414, 0.538665056229, 0.253937542439, 0.110553003848, 0.0341403633356, 0.00929257366806, 0.00129195698537, 4.03207886848e-05], "max": [2.80206990242, 28.2706413269, 97.2222824097, 72.6913299561, 140.934677124, 208.682479858, 315.643737793, 481.612731934, 667.53338623, 1260.3314209, 1768.56396484, 1955.3651123, 869.844177246, 1510.62536621, 959.494384766, 1014.3291626, 982.477966309, 786.471679688, 956.014770508, 1389.7175293, 1606.23510742, 1044.31628418, 282.106140137, 254.141021729, 353.264129639, 254.345581055, 321.976409912, 161.884750366, 110.330825806, 136.276184082, 173.690155029, 170.575759888, 103.584938049, 103.707298279, 77.4419631958, 28.657087326, 7.98206567764, 1.04051291943, 0.0653010755777, 0.00204405304976], "var": [0.141222879291, 6.53396844864, 51.2433738708, 35.5075836182, 41.7454566956, 94.4016876221, 485.200317383, 776.403259277, 3306.89501953, 6269.48681641, 25526.4238281, 31567.5527344, 6810.28369141, 6690.52050781, 3985.20385742, 4233.52539063, 4435.10253906, 5197.60302734, 2772.89746094, 6218.05810547, 9923.51269531, 2683.11181641, 458.214355469, 507.98059082, 579.722167969, 265.942474365, 334.291900635, 151.9581604, 101.325737, 38.6242713928, 39.3064727783, 26.2479190826, 26.252779007, 6.78461694717, 1.93884992599, 0.332361847162, 0.0212747305632, 0.000913472438697, 1.86105808098e-05, 1.49697818586e-08], "mean": [0.477817803621, 2.9751663208, 5.40000963211, 4.51443243027, 3.97762036324, 5.34092569351, 10.2604999542, 12.7137060165, 25.2709503174, 29.2648487091, 66.5341796875, 78.796333313, 37.0935630798, 42.4823150635, 36.0165634155, 38.0260429382, 38.1038475037, 43.2975540161, 36.2331695557, 40.9418563843, 47.4257621765, 29.076499939, 16.7033863068, 15.6321058273, 16.897228241, 10.3311157227, 10.55402565, 7.45410728455, 5.51249742508, 3.32448101044, 2.64964175224, 1.99403452873, 2.19119024277, 1.05198740959, 0.423088759184, 0.154945150018, 0.0415401719511, 0.00901652127504, 0.00103412300814, 7.31054824428e-05]}, "spectral_strongpeak": {"dmean2": 0.798909425735, "median": 0.3624548316, "min": 0, "dvar2": 2.44883441925, "dvar": 1.0040115118, "dmean": 0.461914211512, "max": 13.0932445526, "var": 2.41012620926, "mean": 1.04502797127}, "spectral_energy": {"dmean2": 0.012439398095, "median": 0.0395453423262, "min": 1.09394086711e-20, "dvar2": 0.000396079471102, "dvar": 0.000160594179761, "dmean": 0.00811751745641, "max": 0.160873770714, "var": 0.000433997978689, "mean": 0.0395172946155}, "average_loudness": 0.942500054836, "spectral_rolloff": {"dmean2": 485.107727051, "median": 968.994140625, "min": 86.1328125, "dvar2": 1025481.5, "dvar": 445288.1875, "dmean": 293.117828369, "max": 18992.2851563, "var": 1888201, "mean": 1207.84411621}, "spectral_centroid": {"dmean2": 277.218322754, "median": 1312.85229492, "min": 239.692886353, "dvar2": 123177.039063, "dvar": 55428.8242188, "dmean": 178.867401123, "max": 11278.0175781, "var": 293547.3125, "mean": 1359.46020508}, "pitch_salience": {"dmean2": 0.0805426239967, "median": 0.430845797062, "min": 0.0818637832999, "dvar2": 0.00889378041029, "dvar": 0.00349629763514, "dmean": 0.0511371046305, "max": 0.844513475895, "var": 0.0103387348354, "mean": 0.439839035273}, "spectral_energyband_middle_high": {"dmean2": 0.00287762982771, "median": 0.00554649205878, "min": 1.11882620001e-21, "dvar2": 1.68297738128e-05, "dvar": 7.0210044214e-06, "dmean": 0.00186871830374, "max": 0.0442718565464, "var": 3.62623686669e-05, "mean": 0.0071936333552}, "spectral_contrast_coeffs": {"dmean2": [0.0629996433854, 0.062046431005, 0.0572353824973, 0.0492360666394, 0.0373597294092, 0.0288085807115], "median": [-0.702948153019, -0.685403943062, -0.702403903008, -0.719624638557, -0.739931464195, -0.764378726482], "min": [-0.957208633423, -0.968414127827, -0.967244744301, -0.962277591228, -0.965036273003, -0.959682106972], "dvar2": [0.00332661950961, 0.0030491927173, 0.00225015752949, 0.00161202566233, 0.00102369405795, 0.00071013206616], "dvar": [0.0012906343909, 0.00126549822744, 0.000931996153668, 0.000654458708595, 0.000457456859294, 0.00030597980367], "dmean": [0.0385793484747, 0.0395900309086, 0.0362371504307, 0.0305487439036, 0.0237477719784, 0.0185292009264], "max": [-0.253253787756, -0.326760143042, -0.384225845337, -0.477501869202, -0.548546016216, -0.56950378418], "var": [0.00596735347062, 0.00814236048609, 0.00539619522169, 0.00354641745798, 0.00276358635165, 0.00233125640079], "mean": [-0.692649841309, -0.676117300987, -0.698181927204, -0.718831062317, -0.738706827164, -0.761174023151]}, "melbands_skewness": {"dmean2": 0.870365679264, "median": 2.12710618973, "min": -0.694957017899, "dvar2": 1.39869654179, "dvar": 0.612682402134, "dmean": 0.577964365482, "max": 13.3761367798, "var": 2.21441626549, "mean": 2.4279897213}, "spectral_spread": {"dmean2": 632170.875, "median": 4247212, "min": 1676329.25, "dvar2": 754142150656, "dvar": 468136787968, "dmean": 457615.46875, "max": 40882624, "var": 1911572791300.0, "mean": 4380510.5}, "dissonance": {"dmean2": 0.0324825718999, "median": 0.46033719182, "min": 0.282515347004